1.0
1.0
1.0
1.0
1.0
0.9846845347095056
0.9774383894481083
0.9552238805970149
0.978021978021978
0.978021978021978
0.9373119358074222
0.9737502089951513
0.9665705073816392
0.9242053789731052
0.9808534804478338
0.9850746268656716
0.9644218551461246
0.9792550683639792
0.9635119726339795
0.8911026615969582
0.9456040480708412
0.9124685138539043
0.9510579874010661
0.9651063829787234
0.9642686993806574
0.9932197784025136
0.9437037037037037
0.9795504478620922
0.9437037037037037
0.9161163662323755
0.9616101379053299
0.9545454545454546
0.9390902081727063
1.0
0.9699168288798443
0.9425558989274677
0.934299017071909
0.920189440449044
0.9143694004135079
0.9155898640711528
0.9293590627153687
0.9138330069432081
0.9792256846081209
0.9094151212553495
0.9076923076923077
0.9463405730972805
0.9219944405837387
0.9797822706065319
0.851063829787234
0.8855163312438139
0.9333558863328822
0.9514785165822578
0.9295774647887324
0.8700328652524649
0.8456201214223764
0.8701298701298701
0.9008240566719676
0.9646799116997793
0.8801350590883511
0.958753839403247
0.8926940639269406
0.8440158820192853
0.8532461997442818
0.8823361007729745
0.8438056125941136
0.9371476888387824
0.8874172185430463
0.8777173913043478
0.8919899525537259
0.8866318967883613
0.8891094724900738
0.8955762864881132
0.9425766141029456
0.8691588785046729
0.9057919453536359
0.9058894050651881
0.9669187145557656
0.973137354282818
0.9547488811536549
0.9108058911136853
0.9848484848484849
0.919029667267661
0.8707297514033681
0.9420289855072463
0.9655873876928293
0.9124491456468674
0.9031894329896907
0.8800248331522582
0.8834527890308508
0.8815931108719053
0.9442622950819672
0.9203901825047199
0.9340571611049018
0.8481123792800702
0.9075482738443534
0.9084428291864691
0.9354297693920336
0.8829210212991137
0.9683794466403162
0.9701919150673745
0.9334616442122629
0.8977502357537384
0.872037265378819
0.9138435800920117
0.9082643506581626
0.8986587183308494
0.8774469258340226
0.8726187091270969
0.8755785461475633
0.8884263114071607
0.8976592270005443
0.8937267258665139
0.9133902336644746
0.9234167893961709
0.9331001311762134
0.8502644030058447
0.9701492537313433
0.9453814018257775
0.8693652253909844
0.8959246630946582
0.8955223880597015
0.9351541850220264
0.9338900487125957
0.9641279377981976
0.9250573091165579
0.8683895259284614
0.8793760831889081
0.9256183093392396
0.9341057204923968
0.8553054662379421
0.9023354564755839
0.9304871373836892
0.9276746242263484
0.8618274978650726
0.899581589958159
0.8913150549991791
0.931905931905932
0.8677320639238354
0.9301558203483044
0.9466434176111596
0.800710095708552
0.896551724137931
0.9214832607716559
0.8273239436619718
0.9088459811405478
0.8920223194088372
0.8908450704225352
0.907626208378088
0.8813244623239982
0.9048295454545454
0.9796839729119639
0.9484358886215194
0.9448018963765662
0.9585714285714285
0.9261047159301894
0.9509547738693467
0.9297639608520437
0.9268437747819191
0.9940489310116817
0.9462249946224994
0.9627611262488647
0.9339272457312546
0.9160683337459767
0.8978249873545776
0.9446339543426923
0.9113785557986871
0.8605927552140505
0.8396017699115044
0.8841001747233547
0.8794416243654822
0.8243675487060191
0.8400488400488401
0.9155107187894073
0.9490662139219015
0.9060736807168934
0.8958333333333334
0.9339966832504146
0.9361702127659575
0.8571428571428571
0.9022556390977443
0.9631688672689368
0.859567387687188
0.8521622527656721
0.8754933620380337
0.9414931801866475
0.9406748238783834
1.0
0.9281175536139793
0.9830508474576272
0.9352124526714346
0.9285714285714286
0.9090909090909091
0.8849270664505673
0.8639870077141697
0.8300970873786407
0.8461538461538461
0.8895104895104895
0.870935960591133
0.862895493767977
0.9109109109109109
0.9038668098818474
0.8750670241286863
0.8371501272264631
0.9235325794291869
0.9446064139941691
1.0
0.9315068493150684
0.7774647887323943
0.9872958257713249
0.9789473684210527
0.8862698880377136
0.8758092995879929
0.8397033656588705
0.7975424224692803
0.7723970944309927
0.8771824202287778
0.8004640371229699
0.8782161234991424
0.920863309352518
0.8834355828220859
0.8412197686645636
0.7948717948717948
0.8328855454056958
0.884080370942813
0.8384499245093106
0.8217522658610272
0.863481228668942
0.9112227805695142
0.792332268370607
0.7972270363951474
0.7976878612716763
0.9225225225225225
0.9016786570743405
0.9225393127548049
0.8931116389548693
0.8939481268011528
0.8972809667673716
0.844574780058651
0.8521978021978022
0.8466522678185745
0.8414050026609899
0.7679474216380182
0.75
0.9245283018867925
0.9309723889555822
0.8737864077669902
0.8761274804570054
1.0
0.968299711815562
0.8651010376843256
0.9612015018773467
0.8500590318772137
1.0
0.8998330550918197
0.9171866137266024
0.9171866137266024
1.0
0.946969696969697
0.8895348837209303
0.8461921353907417
0.8495954307472632
0.9487179487179487
0.9918962722852512
0.9060092449922958
0.8181407942238267
0.9620253164556962
0.8371665133394665
0.8637236084452975
0.7737617135207496
0.844574780058651
0.8844621513944223
0.8684957426679281
1.0
0.8901569186875892
0.8384030418250951
0.9155749636098981
0.8644859813084113
0.9425444596443229
0.9314685314685315
0.9151079136690647
1.0
0.8998443175921121
0.8547973319651103
0.8200562324273665
0.7819481680071493
0.8065489013356312
0.8694844403158384
0.8923349579087284
0.8563853292090146
0.9459840300610616
0.872651356993737
0.8676814988290398
0.9415720891130728
0.9069767441860465
0.9601479046836483
0.8387096774193549
0.8923253150057274
0.8750485060147458
0.9314332920280876
0.9488428745432399
0.8755760368663594
0.9036295369211514
0.9199048374306106
1.0
0.942345149980522
0.950517836593786
0.9562193126022913
0.957776820336062
0.9224100563502384
0.8715969118244616
0.9168900804289544
0.8693356797184338
0.9757489300998573
0.8984641638225256
0.8904985087345547
0.9090909090909091
0.7902010050251256
0.7981018119068162
0.9340009103322713
1.0
0.8633009708737864
0.9736959429335711
0.9035995035167563
1.0
0.9567543468568881
0.9256410256410257
0.9230769230769231
0.9055244195356285
1.0
0.8946726311508744
0.9620853080568721
0.9844780752813349
0.9555555555555556
0.9103740296400847
0.8566838046272494
0.8493150684931506
0.9073724007561437
0.9208770257387988
0.9696969696969697
0.939674433450367
0.9030192131747484
0.9428571428571428
0.8894145476049675
0.8983333333333333
0.9138339920948617
0.9401020682245501
0.9605263157894737
0.9737704918032787
0.8932509925011027
0.9625
0.9716494845360825
0.9921686746987952
0.9099115363784076
0.9205142132898787
0.9228410832907511
0.9667446524064172
0.9297700435052828
0.8849045691150954
0.9520697167755992
0.8537894030851777
0.8601108033240997
0.9603999473753454
0.9452976266023607
0.9476707083599234
0.9292035398230089
0.9677852348993289
0.9369875849144998
0.8594351732991015
0.9837751371115173
0.9033106774830081
0.846634065133701
0.9216630196936543
0.9216630196936543
0.9216630196936543
0.9000432713111207
0.9005145797598628
0.9028662420382165
0.9221511438794319
0.9005145797598628
0.9170812603648425
0.9088013589553031
0.9454199753942512
0.9277796070683789
0.9001171334256203
0.9112149532710281
0.927946127946128
0.9277796070683789
0.9688252148997135
0.9688252148997135
0.9383593033913841
