1.0
0.9085979860573199
0.8975155279503105
0.8837920489296636
0.8837920489296636
0.807720861172977
0.7865168539325843
0.7865168539325843
0.7654485049833887
0.8821192052980132
0.8598365807668134
0.8344370860927153
1.0
0.9070548712206047
0.9152542372881356
0.9861649142224682
0.9561162918266594
0.9561162918266594
0.9414556962025317
0.8683812405446294
0.8424359594006766
0.8479809976247031
0.8080579447713898
0.8688152519291875
0.8165529010238908
0.8552036199095022
0.875
0.837636761487965
0.8887880163413527
0.898989898989899
0.7996365288505225
0.9230769230769231
0.8389175257731959
0.7211646136618141
0.6451612903225806
0.7304964539007093
0.7486238532110092
0.8344234079173838
0.6736842105263158
0.5023022185014651
0.4207900207900208
0.513946848231935
0.48252227553118576
0.6535031847133758
0.6425417075564279
0.7190332326283988
0.7087898089171975
0.6942233632862644
0.7617685305591677
0.7774405665149215
0.7616114960225815
0.8232112121957217
0.8701675977653631
0.7925465838509317
0.7540117814340849
0.7644030884973273
0.8028817290374225
0.8494709522858854
0.7991460924447744
0.830855343711737
0.8639985833185763
0.8137044967880086
0.7986725663716814
0.8919077404222049
0.7991508214879084
0.8409305844524305
0.8349146110056926
0.8442880947972597
0.8858474082702388
0.960285941223193
0.9294653014789533
0.9155771385879716
0.835016835016835
0.8876865671641792
0.8982725527831094
0.8380520951302378
0.8564814814814815
0.9354968756299133
0.9285714285714286
0.8272675843861965
0.7507670095650605
0.7465120492842906
0.7659416248373303
0.8248648648648649
0.8794378698224852
0.8661417322834646
0.8838866678254823
0.8851818988464951
0.9396114125678278
0.7819279073560593
0.7803223070398643
0.7027828091552775
0.6383449147188882
0.6377805486284289
0.66318407960199
0.5870786516853933
0.6826071555083245
0.6843617920540997
0.6802582398912674
0.759318423855165
0.7739279588336192
0.7928535310972527
0.7733026467203682
0.76214915797915
0.8080890781070902
0.7871544715447154
0.731798382078407
0.7569783945749882
0.7971622057400839
0.7044364508393285
0.7204822820173504
0.6813489332415692
0.6636868481647027
0.688121546961326
0.7208918249380677
0.7094365241004752
0.7988165680473372
0.7684304399524375
0.738255033557047
0.7605036072994766
0.6791044776119403
0.7503628447024674
0.8174386920980926
0.6856870488900995
0.7719606980495674
0.75
0.7135516076934371
0.6982035928143713
0.658470865611317
0.7113578138343296
0.7236134297903913
0.690632194085355
0.7015209125475285
0.6589540412044373
0.6576576576576577
0.5881627620221949
0.6057142857142858
0.5999091046811089
0.5449262405006705
0.6162988115449916
0.6201550387596899
0.5415825224894437
0.5356422326832548
0.579183088498746
0.5091819699499165
0.5527773116294681
0.5381756756756757
0.49842602308499473
0.5740740740740741
0.6123650637880275
0.661352229111308
0.684742158426369
0.7639701969132517
0.7137454201631013
0.6273698724577732
0.6250909973307449
0.5435584235999078
0.6330207305034551
0.6747444149943204
0.8031496062992126
0.7580120761727822
0.7707823080247803
0.6436910957940639
0.7045973729297544
0.4680155837627246
0.565194872458889
0.5530256156416286
0.4844559585492228
0.4263322884012539
0.4046277069118956
0.4323090964405233
0.0
0.0
0.0
0.0
0.6590566444109413
0.5742574257425742
0.6510995799357548
0.6806806806806807
0.727692751949177
0.802808112324493
0.7115666178623719
0.7252184392889425
0.6914212548015365
0.7299270072992701
0.658267716535433
0.6637554585152838
0.6595482546201232
0.7037037037037037
0.7439613526570048
0.6698888351860802
0.6873065015479877
0.7273781902552204
0.7273781902552204
0.7273781902552204
0.7310580204778157
0.7310580204778157
0.7473831123517097
0.7267483777937995
0.7189728958630528
0.7026022304832714
0.7113620324629499
0.7083333333333334
0.7189728958630528
0.6678445229681979
0.7644539614561028
0.6768558951965066
0.6570779712339136
0.6910828025477707
0.6574225122349103
0.7711442786069652
0.7752255947497949
0.7411764705882353
0.6314572089437163
0.7955801104972375
0.8413197172034564
0.719253604749788
0.6748726655348047
0.764855687606112
0.8880070546737213
0.9023297491039427
0.8487544483985765
0.7799490229396772
0.8825136612021858
0.8682795698924731
0.8682795698924731
0.6071428571428571
0.5415162454873647
0.45182724252491696
0.5355191256830601
0.4430379746835443
0.45286506469500926
0.0
0.0
0.0
0.0
0.0
0.3502824858757062
0.32269257460097156
0.41488020176544765
0.4334170854271357
0.41617473435655256
0.350253807106599
0.4245994344957587
0.381294964028777
0.6202860858257477
0.7681159420289855
0.8266897746967071
0.9120458891013384
0.9280155642023347
0.8324607329842932
0.8599487617421008
0.8697183098591549
0.8697183098591549
0.6956521739130435
0.8831168831168831
0.8585365853658536
0.875
0.7905544147843943
0.7847847847847848
0.7747035573122529
0.7552986512524085
0.7648780487804878
0.7151277013752456
0.6829268292682927
0.6678899082568808
0.6239554317548747
0.8693361433087461
0.32926829268292684
0.0
0.0
0.0
0.0
0.0
0.0
0.0
0.0
0.0
0.0
0.0
0.0
0.0
0.0
0.0
0.0
0.0
0.0
0.0
0.0
0.0
0.0
0.0
0.04421983575489577
0.02013640792465086
0.0
0.0
0.14853057982525814
0.07640878701050621
0.06421088205474823
0.0064571674558760225
0.017427385892116183
0.007765314926660914
0.0
0.0
0.0
0.0
0.0
0.0
0.0
0.0
0.0
0.0
0.0
0.0
0.0
0.0
0.0
0.0
0.0
0.0
0.0
0.0
0.0
0.0
0.0
0.0
0.0
0.0
0.0
0.0
0.0
0.0033377837116154874
0.006747638326585695
0.006531678641410843
0.013003095975232198
0.010778443113772455
0.0
0.003848620910840282
0.0
0.0
0.0
0.0
0.0
0.0
0.0
0.0
0.0
0.017146356399265157
0.018018018018018018
0.0203843913803145
0.01820388349514563
0.0203843913803145
0.012389380530973451
0.016587677725118485
0.008679479231246125
0.008771929824561403
0.011703511053315995
0.008771929824561403
0.012755102040816327
0.013075965130759652
0.011583011583011582
0.01107011070110701
0.02456140350877193
0.01820388349514563
0.024305555555555556
0.01820388349514563
0.016412661195779603
0.016412661195779603
0.012522361359570662
0.013020833333333334
0.00973393900064893
0.018393623543838136
0.019255455712451863
0.019255455712451863
0.01905972045743329
0.016412661195779603
0.011703511053315995
0.01107011070110701
