1.0
0.9467649467649467
0.9739583333333334
0.9429037520391517
0.8795366795366796
0.9183508488278093
0.8539659006671608
0.75
0.7961826857532379
0.8720852764823451
0.8611842105263158
0.8511198945981555
0.9
0.8181818181818182
0.8277066356228172
0.863139735480161
0.80931744312026
0.8844643858665171
0.8182773109243697
0.8356020942408376
0.7412790697674418
0.7730971756821445
0.7646780303030303
0.8350785340314136
0.7243963363863447
0.8422712933753943
0.8498201438848921
0.898989898989899
0.9469153515064562
0.7355371900826446
0.9024031387935263
0.7292281737663433
0.9132075471698113
0.6888888888888889
0.6779661016949152
0.6722129783693843
0.6910167818361304
0.7872105843439912
0.83424011606819
0.8396946564885496
0.6889507892293407
0.6917293233082706
0.5297504798464492
0.5545950864422202
0.5925250683682771
0.6615811373092927
0.757077379347533
0.7869615832363213
0.8351867693185059
0.8271391529818496
0.8278618327148158
0.8400858599409713
0.8164152390692917
0.9169960474308301
0.8527452331725247
0.829219479653102
0.9118181818181819
0.8401168858275934
0.8790974882928906
0.820572764465225
0.8154196733763768
0.7544533705902899
0.7761023096010689
0.7704667176740627
0.8038712225952992
0.8842573856738163
0.8129496402877698
0.7703995498030388
0.889763779527559
0.8668878291519801
0.8997673926834426
0.8130671506352087
0.7101096224116931
0.8849868305531168
0.8173218414967417
0.7936058276001619
0.7219357397857993
0.7118878357030016
0.7430900775502088
0.7198443579766537
0.768595041322314
0.7545655227774433
0.6987227648384673
0.7797331270547283
0.7416603487490523
0.7369753979739508
0.7108626198083067
0.7542357442157042
0.7441860465116279
0.6813643926788685
0.7296877695359669
0.706950750960531
0.6480162767039674
0.6578073089700996
0.6291934332619558
0.6594027441485069
0.6485709149739349
0.6716417910447762
0.6615969581749049
0.7356076759061834
0.8223624887285843
0.7402215299411561
0.7267731409926155
0.6664468260511129
0.6499918791619295
0.6642300194931774
0.685602986528161
0.6713286713286714
0.6898754391568189
0.6817844968133986
0.6408367707719504
0.621485646641018
0.6188831318364997
0.6556541988065784
0.6478212906784335
0.700164744645799
0.7066342057212416
0.6995361364656592
0.7308970099667774
0.7478991596638656
0.6869145614533069
0.7459708365310821
0.7651458489154824
0.7226926941294675
0.7271241830065359
0.691162933415158
0.6215186162415713
0.6747456612806703
0.620010279253041
0.6479477932337283
0.6526639344262295
0.5983309715005511
0.6005484460694699
0.5909439754412893
0.5605460149713782
0.568033618316186
0.5757097791798107
0.598663697104677
0.5033141847105612
0.6039807824296499
0.5125061304561059
0.5484675694939416
0.5556676757484023
0.5603932584269663
0.533066132264529
0.42464096749811037
0.5447281842393858
0.545632333767927
0.5908303135339531
0.6963859258079924
0.6847069738673264
0.42733699921445406
0.6862328087338722
0.6496350364963503
0.5126787645715659
0.7364771151178918
0.5592105263157895
0.27707352408547625
0.564958283671037
0.5609393579072532
0.656425855513308
0.568190549366116
0.37694572991165337
0.3454281567489115
0.3155664012329823
0.2717886759294854
0.21133898545919574
0.19255081201983856
0.11173918759037728
0.13695640602544312
0.23146548177404755
0.0
0.0
0.0
0.740608228980322
0.0
0.6246719160104987
0.6879895561357703
0.7384615384615385
0.6467439785905441
0.7041942604856513
0.6275229357798165
0.6068222621184919
0.5962059620596206
0.5965909090909091
0.5819295558958653
0.6084867894315452
0.6096033402922756
0.6976633285646161
0.6810810810810811
0.686818632309217
0.48385778504290966
0.7042086544161233
0.6522544780728845
0.49517684887459806
0.7113620324629499
0.6882738528769119
0.6745182012847966
0.6882738528769119
0.6428571428571429
0.6813266041816871
0.6368231046931407
0.7644539614561028
0.6490066225165563
0.7517831669044223
0.7146974063400576
0.6722997795738428
0.6607929515418502
0.6423173803526449
0.6559139784946236
0.7611940298507462
0.6636085626911316
0.7056145675265554
0.7056145675265554
0.7252494244052188
0.6702702702702703
0.5991769547325103
0.6709677419354839
0.6695278969957081
0.6791836734693878
0.7234782608695652
0.7141630901287553
0.8075927523727351
0.7385008517887564
0.70949263502455
0.6482982171799028
0.6064356435643564
0.44871794871794873
0.38018200202224467
0.39143730886850153
0.3287671232876712
0.36282660332541566
0.27408637873754155
0.29047250193648333
0.4236588720770289
0.3919239904988123
0.38895152198421645
0.3713670613562971
0.4482758620689655
0.4153846153846154
0.37987012987012986
0.6394101876675603
0.803030303030303
0.8807429130009775
0.9530469530469531
0.9105058365758755
0.8801089918256131
0.7692307692307693
0.7846153846153846
0.7827140549273021
0.7336956521739131
0.7294429708222812
0.7067961165048544
0.6701030927835051
0.7479601087941976
0.7368421052631579
0.6777251184834123
0.6829268292682927
0.625
0.7057745187901008
0.697463768115942
0.7107887579329103
0.6470588235294118
0.4444444444444444
0.0
0.0
0.0
0.0
0.1437024513947591
0.0
0.014210919970082274
0.010638297872340425
0.014035087719298246
0.0
0.0
0.0
0.0
0.0
0.0
0.0
0.0
0.0
0.0
0.0
0.0
0.0
0.0
0.0
0.0
0.0
0.0
0.0
0.0
0.0
0.0
0.0
0.0
0.0
0.0
0.0
0.0
0.0
0.0
0.0
0.0
0.0
0.0
0.0
0.0
0.0
0.004614370468029005
0.0
0.0
0.0
0.0
0.0
0.0
0.0
0.0
0.0
0.0
0.0
0.004140786749482402
0.0
0.0
0.004140786749482402
0.0041841004184100415
0.0
0.0
0.0
0.0
0.0
0.0
0.0
0.0
0.0
0.0
