1.0
0.9219391947411668
0.8863813229571984
0.8975155279503105
0.9591169255928046
0.7694483734087695
0.794961511546536
0.7479469361970941
0.8159889731219848
0.9252912954078135
0.8976982097186701
0.8629379225568531
0.9267734553775744
0.9385863267670915
0.8876404494382022
1.0
0.9140495867768595
0.8147013782542113
0.8056265984654731
0.7762444553967471
0.8772018117765475
0.8080579447713898
0.8176820888685296
0.8204182041820418
0.8204182041820418
0.7826633165829145
0.8304042179261862
0.8887880163413527
0.9266445811642214
0.898989898989899
0.8670238675109596
0.8454391891891891
0.8389175257731959
0.7949790794979079
0.6880546075085324
0.8355739400206825
0.6957295373665481
0.7788689468337284
0.7941653160453809
0.6952573158425832
0.4981398081065205
0.5230769230769231
0.47692647383528375
0.6542056074766355
0.6735849056603773
0.7155255544840887
0.6884040205932827
0.6884040205932827
0.7575160177427304
0.7870563674321504
0.7938091583525199
0.8503551310311046
0.8356223175965666
0.8146414130666099
0.7661506707946336
0.8058860363180964
0.7966640190627482
0.8348047871296841
0.7863013698630137
0.8353105373342637
0.9372713972201902
0.7929778072209341
0.8133561643835616
0.8168472562041245
0.809375
0.8795950985615344
0.8416695412211107
0.8604407135362014
0.8938393839383938
0.9144625773776027
0.9231974921630094
0.9365685899885365
0.8372262773722627
0.9249611197511665
0.9048723897911833
0.8985221674876848
0.8958837772397095
0.9227707006369427
0.8784551306323363
0.7888909057905246
0.7848890518980378
0.7969570729940229
0.8681010289990645
0.8756574004507889
0.8571428571428571
0.8763808521830615
0.9039254346657107
0.7995910020449898
0.7369625633480464
0.7072436202250753
0.7549647136057771
0.7017777039375311
0.6417910447761194
0.6366782006920415
0.6380460153384462
0.5839243498817966
0.6530373831775701
0.6845932690681549
0.6926514399205561
0.7296658791765103
0.7691010288412886
0.7743197001792407
0.7432054027343107
0.7218045112781954
0.7289658552524098
0.7211325529895602
0.7204215232316781
0.7565674255691769
0.7432453784168115
0.7044364508393285
0.7243130227001194
0.6883694249247095
0.6391280947255114
0.7545813363405695
0.714514835605453
0.7423312883435583
0.6906352138695466
0.7505502567865003
0.7771194165907019
0.7864717684150186
0.7369155617585486
0.7990038089657193
0.8210388476647752
0.7598216773474505
0.7741935483870968
0.7612922087414121
0.6778169014084507
0.6982035928143713
0.646374829001368
0.7135922330097088
0.6820603907637656
0.6035141329258976
0.6685236768802229
0.6336266790180639
0.631578947368421
0.6106755126658625
0.5651180502665651
0.5803698435277382
0.4891048753723154
0.5445544554455446
0.5461832061068702
0.5102671270216246
0.4623908663532572
0.5623644251626898
0.4923230974632844
0.5065800717826012
0.437634079068342
0.5049046825837498
0.5568507548251481
0.47081400927554773
0.527605459057072
0.52249550089982
0.5274597884364585
0.42065752006212787
0.6126561870213624
0.6558254425689585
0.6966726494546459
0.6178800452659374
0.6125158027812895
0.5461940732132481
0.6594897507742221
0.6903045461232897
0.7099236641221374
0.6447534766118836
0.6537269372693727
0.6962639495390587
0.7037216046399226
0.5373531367767679
0.4524045612295488
0.276453553129873
0.18811074918566775
0.0
0.0
0.0
0.0
0.0
0.0
0.0
0.0
0.0
0.0
0.0
0.0
0.0
0.0
0.0
0.0
0.0
0.0
0.0
0.0
0.0
0.0
0.0
0.0
0.0
0.0
0.0
0.0
0.0
0.0
0.0
0.0
0.0
0.0
0.0
0.0
0.0
0.0
0.0
0.0
0.0
0.0
0.0
0.0
0.0
0.0
0.0
0.0
0.0
0.0
0.0
0.0
0.0
0.0
0.0
0.0
0.0
0.0
0.0
0.0
0.0
0.0
0.0
0.0
0.0
0.0
0.0
0.0
0.0
0.0
0.0
0.0
0.0
0.0
0.0
0.0
0.0
0.0
0.0
0.0
0.0
0.0
0.0
0.0
0.0
0.0
0.0
0.0
0.0
0.0
0.0
0.0
0.0
0.0
0.0
0.0
0.0
0.0
0.0
0.0
0.0
0.0
0.0
0.0
0.0
0.0
0.0
0.0
0.0
0.0
0.0
0.0
0.0
0.0
0.0
0.0
0.0
0.0
0.0
0.0
0.0
0.0
0.0
0.0
0.0
0.0
0.0
0.0
0.0
0.0
0.0
0.0
0.0
0.0
0.0
0.0
0.0
0.0
0.0
0.0
0.0
0.0
0.0
0.0
0.0
0.0
0.0
0.0
0.0
0.0
0.0
0.0
0.0
0.0
0.0
0.0
0.0
0.0
0.0
0.0
0.0
0.0
0.0
0.0
0.0
0.0
