1.0
0.5691823752389589
0.5634655939651249
0.5643869320704454
0.6827849783981389
0.7585856176559272
0.7671723949684962
0.762354395038561
0.7520064957371725
0.7296136391728911
0.7538899515146124
0.7550570193385401
0.7656937439639446
0.7656937439639446
0.7683932842994791
0.7607687268346516
0.8196606012515554
0.8020784757844247
0.7884548788392722
0.7884548788392722
0.7468306992491891
0.7190850180667124
0.7343298764665822
0.7343369435663575
0.5490471859263039
0.541705286759708
0.539782308753641
0.5545509982236126
0.56064030632595
0.7284874876964834
0.7127879782843275
0.7189470219356363
0.7321383369872535
0.7528677331252439
0.7552272963694996
0.7411481448512363
0.7285052385524063
0.7716429337008115
0.7665517422426014
0.7716429337008115
0.7716429337008115
0.7560797267886483
0.7515444280468133
0.7393473360439885
0.7398108188744101
0.7335418217089915
0.7595504274526215
0.7483635624134118
0.7331102332486223
0.7556749256183573
0.7425425627806279
0.7485257475083057
0.7496947902565423
0.7529736998780128
0.6792631387377914
0.6792631387377914
0.6984636979160328
0.6896118487019341
0.7237669495376835
0.7391895085066162
0.752544794332996
0.73032814806404
0.7403149592987379
0.7465455449005463
0.7566920068401537
0.750214074502145
0.5375333275995527
0.7607101816161848
0.7607101816161848
0.7607101816161848
0.7543095810656879
0.7543095810656879
0.7378410884762835
0.7476822861772084
0.7292118553199152
0.7103303881069982
0.7319688426816152
0.7234451390071267
0.765749429043102
0.7661540036338511
0.7730872191017291
0.7459149694106714
0.7542376536553806
0.7516335922639972
0.747369002921204
0.7424449906864788
0.774052691985744
0.7687067822145534
0.7550790933019856
0.6689297270895659
0.6605440140493724
0.7271640412751941
0.5188565090249068
0.5155866270045477
0.5029353070766831
0.520443485677018
0.5046725097223028
0.5157100786033603
0.5059255991765916
0.4965859506314629
0.4997416737023829
0.4937460476499429
0.49874309318390336
0.49771513267832435
0.48867767189941463
0.49289753248743656
0.4838308806728214
0.49534677863106774
0.5064626641741349
0.5078965502132965
0.4919268795789174
0.47519142717973695
0.321908643972867
0.321908643972867
0.321908643972867
0.3300432427218802
0.32948974105903406
0.3731089227294618
0.36989323433294097
0.32969676144661114
0.3280633182742881
0.3263482496408172
0.33179300425375646
0.33322026104622016
0.4697943782210453
0.46938634159855935
0.4663958782834371
0.15829189347674288
0.15829189347674288
0.16089842979712252
0.16582655121772122
0.16582655121772122
0.16018791521193246
0.15511843537670333
0.15287182228557852
0.14950932377238538
0.14950932377238538
0.14917163226798613
0.15657991902894103
0.14843568132018373
0.1392915243804136
0.1441997433481934
0.14429075731000643
0.11055720832998311
0.11055720832998311
0.11055720832998311
0.11055720832998311
0.10275449101796408
0.10049495077687329
0.10254908877986332
0.10212580240402976
0.10819708029197081
0.10579928738496513
0.09669723510466406
0.09929021625997456
0.10847114846741922
0.10611077502425195
0.1047270594378458
0.09713041532434227
0.09808188407068776
0.09706377014716187
0.09749753499598884
0.09030984500774264
0.0889750037597535
0.0898898429378017
0.06950091769024425
0.0251909973157134
0.024133120969144665
0.02446331021757834
0.02406342873008854
0.02385767661879135
0.0028782401617296854
0.01679474084686624
0.016880253548298196
0.017044350094634
0.017130694379226548
0.01662330896390514
0.016503011799653435
0.0164580833190468
0.015792740002674412
0.012088963249688861
0.011694357574337608
0.011694357574337608
0.011694357574337608
0.00580570249000129
0.005725593402509216
0.00553472175718208
0.003937482825872781
0.0028147775823071123
0.0028147775823071123
0.003937482825872781
0.002800942984137993
0.004001507234391621
0.007937116692289992
0.00823550084377414
0.007326930281440322
0.005689531262477042
0.0035954114434529256
0.0027280078722512883
0.0026820950994290967
0.0026820950994290967
0.0026820950994290967
0.002801681008605163
0.0027425795266438338
0.002769672090607844
0.002769672090607844
0.0
0.0
0.0
0.0
0.0
0.0
0.0
0.0
0.0
0.0
0.0
0.0
0.0
0.0
0.0
0.0
0.0
0.0
0.0
0.0
0.0
0.0
0.0
0.0
0.0
0.0
0.0
0.0
0.0
0.0
0.0
0.0
0.0
0.0
0.0
0.0
0.0
0.0
0.0
0.0
0.0
0.0
0.0
0.0
0.0
0.0
0.0
0.0
0.0
0.0
0.0024031859379291406
0.0
0.0
0.0
0.0
0.0
0.0
0.0
0.0
0.0
0.0
0.0
0.0
0.0025421728314357827
0.0
0.0
0.0
0.0
0.0
0.0
0.0
0.0
0.0
0.0
0.0
0.0
0.0
0.0
0.0
0.0
0.0
0.0
0.0
0.0
0.0
0.0
0.0
0.0
0.0
0.0
0.0
0.0
0.0
0.0
0.0
0.0
0.0
0.0
0.0
0.0
0.0
0.0
0.0
0.0
0.0
0.0
0.0
0.0
0.0
0.0
0.0
0.0
0.0
0.0
0.0
0.0
0.0
0.0
0.0
0.0
0.0
0.0
0.0
0.0
0.0
0.0
0.0
0.0
0.0
0.0
0.0
0.0
0.0
0.0
0.0
0.0
0.0
0.0
0.0
0.0
0.0
0.0
0.0
0.0
0.0
0.0
0.0
0.0
0.0
0.0
0.0
0.0
0.0
0.0
0.0
0.0
0.0
0.0
0.0
0.0
0.0
0.0
0.0
0.0
0.0
0.0
0.0
0.0
0.0
0.0
0.0
0.0
0.0
0.0
0.0
0.0
0.0
0.0
0.0
0.0
0.0
0.0
0.0
0.0
0.0
0.0
0.0
0.0
0.0
0.0
0.0
0.0
0.0
0.0
0.0
0.0
0.0
0.0
0.0
0.0
0.0
0.0
0.0
0.0
0.0
0.0
0.0
0.0
0.0
0.0
0.0
0.0
0.0
0.0
0.0
0.0
0.0
0.0
0.0
0.0
0.0
0.0
0.0
0.0
0.0
0.0
0.0
0.0
0.0
0.0
0.0
0.0
0.0
0.0
0.0
0.0
0.0
0.0
0.0
0.0
0.0
0.0
0.0
0.0
0.0
0.0
0.0
0.0
0.0
0.0
0.0
0.0
0.0
0.0
0.0
0.0
0.0
0.0
0.0
0.0
0.0
0.0
0.0
0.0
0.0
0.0
0.0
0.0
0.0
0.0
0.0
0.0
0.0
0.0
0.0
0.0
0.0
0.0
0.0
0.0
0.0
0.0
0.0
0.0
0.0
0.0
0.0
0.0
0.0
0.0
0.0
0.0
0.0
0.0
0.0
0.0
0.0
0.0
0.0
0.0
0.0
0.0
0.0
0.0
0.0
0.0
0.0
0.0
0.0
0.0
0.0
0.0
0.0
0.0
0.0
0.0
0.005459224790079808
0.005481318317534489
0.0053475935828877
0.00612447208680183
0.00612447208680183
0.0
0.0
0.005821689953426481
0.005821689953426481
0.005544428196189592
0.005957013492380987
0.006109801867853714
0.005861419300816412
0.005861419300816412
0.00558226514363866
0.005844781445138269
0.005362876195180468
0.005504043354926119
0.005631059740039798
0.005504043354926119
0.005504043354926119
0.0
0.0
0.0
0.0
0.0
0.0
0.0
0.0
0.0
0.0
0.0
0.0
0.0
0.0
0.0
0.0
0.0
0.0
0.0
0.0
0.0
0.0
0.0
0.0
0.0
0.0
0.0
0.0
0.0
