1,2282,518,324,634
2,2251,514,331,665
3,2254,512,333,665
4,2284,562,327,671
5,2285,563,328,672
6,2289,572,328,673
7,2292,582,326,673
8,2295,583,326,674
9,2300,587,326,676
10,2311,553,336,688
11,2315,549,336,688
12,2315,547,336,687
13,2331,566,291,597
14,2331,566,291,597
15,2331,566,291,597
16,2329,562,293,599
17,2326,566,293,599
18,2321,563,294,600
19,2319,565,294,599
20,2319,565,294,599
21,2316,561,294,600
22,2309,561,296,600
23,2302,565,292,598
24,2295,558,295,598
25,2287,553,295,597
26,2282,551,297,598
27,2281,547,297,598
28,2277,546,298,600
29,2276,557,296,602
30,2278,564,294,600
31,2278,567,295,600
32,2277,570,295,601
33,2274,566,291,597
34,2269,564,292,597
35,2268,561,295,598
36,2274,566,291,597
37,2269,563,293,600
38,2268,570,292,599
39,2269,571,293,598
40,2274,566,291,597
41,2276,547,343,699
42,2276,543,344,698
43,2270,561,298,606
44,2272,558,298,607
45,2270,561,298,606
46,2270,562,299,608
47,2270,561,298,606
48,2273,557,300,609
49,2275,558,299,609
50,2276,552,300,608
51,2277,546,303,612
52,2266,516,305,601
53,2272,531,351,711
54,2271,528,352,711
55,2271,526,353,712
56,2272,527,353,712
57,2272,522,354,713
58,2274,521,355,714
59,2275,521,355,715
60,2274,521,355,716
61,2327,588,301,627
62,2323,587,302,627
63,2322,585,302,626
64,2320,581,302,628
65,2293,540,310,627
66,2290,539,312,628
67,2406,601,187,372
68,2263,531,311,626
69,2261,528,311,627
70,2261,528,313,627
71,2263,531,312,628
72,2263,531,311,626
73,2266,528,313,627
74,2269,529,313,629
75,2263,531,311,626
76,2263,531,311,626
77,2266,528,313,629
78,2267,529,313,629
79,2267,525,314,629
80,2266,525,316,633
81,2263,531,311,626
82,2262,527,314,627
83,2261,528,314,629
84,2261,531,314,628
85,2292,530,312,627
86,2292,530,312,627
87,2263,531,311,626
88,2263,531,311,626
89,2266,529,311,626
90,2268,522,315,629
91,2275,520,316,631
92,2280,522,316,632
93,2284,522,315,633
94,2288,520,317,632
95,2292,517,318,635
96,2294,521,319,636
97,2299,518,317,637
98,2288,485,320,620
99,2289,481,323,623
100,2291,479,323,626
101,2321,501,316,625
102,2290,500,317,627
103,2288,495,319,629
104,2288,496,319,631
105,2291,492,320,629
106,2295,486,322,629
107,2297,487,324,633
108,2298,490,323,632
109,2296,490,323,634
110,2295,495,324,636
111,2300,495,322,636
112,2340,542,351,720
113,2343,541,352,724
114,2343,542,355,729
115,2315,475,331,637
116,2315,470,331,639
117,2314,467,334,642
118,2316,466,334,643
119,2316,468,334,644
120,2317,491,326,645
121,2319,496,325,647
122,2317,491,326,645
123,2323,481,330,646
124,2328,472,335,648
125,2331,467,335,648
126,2333,463,337,649
127,2332,457,337,651
128,2331,456,338,652
129,2330,455,340,653
130,2970,984,20,68
131,2970,992,23,71
132,2324,454,336,638
133,2323,444,338,638
134,2326,438,339,639
135,2977,980,25,75
136,2980,982,23,66
137,2977,984,26,70
138,2978,988,24,62
139,2979,995,24,61
140,2982,1003,24,61
141,2983,1008,25,59
142,2985,1008,26,61
143,2988,1009,25,61
144,2991,1011,25,61
145,2992,1010,26,61
146,2991,1007,27,60
147,2986,1001,32,74
148,2987,1000,33,73
149,2988,998,34,74
150,2991,995,33,76
151,2991,991,33,75
152,2991,988,34,76
153,2993,988,33,76
154,2994,991,34,77
155,2992,993,34,77
156,2991,995,35,78
157,2992,998,34,78
158,2992,996,34,77
159,2994,996,34,77
160,2998,996,32,77
161,3001,994,34,77
162,3006,998,34,77
163,3010,995,33,78
164,3010,995,35,76
165,3010,995,35,76
166,3010,998,33,77
167,3013,998,34,77
168,3016,998,34,77
169,3018,1000,34,76
170,3018,996,34,75
171,3018,993,34,76
172,3018,994,34,77
173,3018,994,34,77
174,3018,991,33,75
175,3017,987,34,76
176,3020,991,34,77
177,3024,995,33,76
178,3025,996,34,75
179,3025,993,34,77
180,3025,993,34,77
181,3027,996,34,77
182,3029,993,33,77
183,3034,993,33,77
184,3036,993,34,76
185,3039,991,32,77
186,3041,991,34,77
187,3043,993,33,75
188,3043,993,33,78
189,3043,993,33,77
190,3043,993,33,77
191,3044,995,34,76
192,3049,995,34,76
193,3053,995,33,75
194,3055,994,34,75
195,3058,994,34,77
196,3060,994,34,77
197,3063,995,34,75
198,3065,995,34,73
199,3111,966,33,75
200,2914,752,43,87
201,3114,962,33,76
202,3115,963,34,77
203,3117,974,34,77
204,3121,974,33,77
205,2942,749,53,106
206,2951,751,52,105
207,2958,747,54,108
208,2964,746,53,107
209,2978,770,45,92
210,2984,774,44,90
211,2987,772,45,92
212,2991,774,45,91
213,2993,772,43,91
214,2995,774,43,91
215,3001,784,44,94
216,3006,791,45,92
217,3010,789,44,94
218,3013,786,45,92
219,3017,769,45,93
220,3025,767,44,93
221,3030,769,45,93
222,3034,767,45,93
223,3038,764,45,92
224,3041,764,45,92
225,3049,763,45,93
226,3053,759,45,93
227,3057,754,45,93
228,2570,473,48,79
229,2578,474,50,81
230,2593,463,54,82
231,2635,361,93,107
232,3210,969,26,63
233,3115,797,34,75
234,3123,799,35,75
235,3127,803,35,74
236,3127,801,35,74
237,3128,803,34,75
238,3129,804,34,75
239,3129,803,36,75
240,3128,770,36,77
241,3130,770,36,77
242,3133,770,37,77
243,3135,767,37,77
244,3136,762,36,77
245,3127,748,44,92
246,3125,748,44,92
247,3125,748,44,92
248,3129,750,44,90
249,3127,746,44,91
250,3132,748,44,93
251,3145,756,44,93
252,3154,762,44,92
253,3162,763,44,92
254,3164,760,44,90
255,3169,770,37,77
256,3170,765,36,75
257,3170,767,36,77
258,3176,776,37,77
259,3181,776,36,77
260,3183,775,36,75
261,3183,775,36,75
262,3184,777,37,77
263,3186,780,36,77
264,3183,775,36,77
265,3180,778,37,77
266,3191,789,36,75
267,3197,802,36,76
268,3207,810,35,74
269,3211,805,35,76
270,3213,805,36,75
271,3219,811,35,75
272,3219,809,35,75
273,3219,806,34,76
274,3217,804,36,77
275,3217,799,36,75
276,3221,799,36,77
277,3228,801,36,77
278,3232,805,35,76
279,3235,800,35,77
280,2765,427,45,62
281,2397,755,7,34
282,3240,796,35,74
283,3240,793,35,76
284,3243,791,36,76
285,2802,441,40,56
286,2819,439,38,53
287,3251,801,35,73
288,3249,798,35,75
289,3256,802,35,73
290,3262,800,34,74
291,3266,798,36,73
292,3276,804,34,73
293,3286,817,34,72
294,3292,820,36,77
295,3293,810,34,77
296,3290,803,36,77
297,3295,808,35,77
298,3295,803,36,77
299,3294,796,36,75
300,3301,797,36,76
301,3309,809,35,77
302,3313,817,36,75
303,3311,823,36,77
304,3316,803,36,77
305,2485,693,7,33
306,3324,807,35,75
307,3324,800,35,76
308,3328,804,34,75
309,3329,803,36,74
310,3329,801,36,75
311,3333,805,34,74
312,3333,801,36,73
313,3340,802,34,74
314,3345,806,34,74
315,3350,806,34,73
316,2924,335,112,127
317,2890,313,166,191
318,2862,297,205,241
319,2854,297,204,240
320,2848,295,204,244
321,2884,351,147,197
322,2894,348,150,200
323,2907,347,152,201
324,2801,523,80,144
325,2931,355,160,218
326,2893,282,211,251
327,2898,283,213,254
328,2906,282,211,257
329,2739,519,74,138
330,2743,522,76,140
331,2772,506,83,147
332,2936,355,164,227
333,2938,364,161,229
334,2944,365,161,231
335,2932,335,170,227
336,2946,336,167,228
337,2971,373,159,231
338,2971,376,159,231
339,2985,378,157,233
340,2989,363,140,192
341,2968,314,153,189
342,2983,315,150,190
343,2991,376,136,194
344,3010,323,130,159
345,2986,363,162,231
346,3010,364,161,231
347,3026,362,162,230
348,3012,354,164,231
349,2987,352,165,232
350,3038,315,129,157
351,2981,283,216,274
352,3017,355,164,230
353,3029,359,162,230
354,3002,284,215,274
355,3023,286,213,273
356,3023,289,212,275
357,3020,291,212,274
358,3020,291,212,276
359,3051,360,118,162
360,3063,348,103,134
361,3072,351,105,134
362,3078,353,102,134
363,3063,347,104,132
364,3060,342,107,134
365,3069,346,104,134
366,3084,349,106,133
367,3094,348,105,133
368,3081,345,106,135
369,3096,352,105,133
370,3116,345,105,133
371,3110,343,106,131
372,3116,344,106,132
373,3131,349,101,130
374,3146,355,102,131
375,3137,348,104,131
376,3116,345,105,133
377,3131,350,103,132
378,3145,356,102,131
379,3134,351,103,132
380,3109,346,103,131
381,3113,345,105,131
382,3119,342,106,134
383,3121,361,87,109
384,3114,369,82,111
385,3105,356,101,133
386,3117,362,101,133
387,3113,364,102,134
388,3102,362,102,134
389,3102,354,104,133
390,3090,354,104,136
391,3110,366,101,135
392,3135,375,99,134
393,3142,373,98,133
394,3148,370,99,135
395,2525,903,14,33
396,2522,894,22,52
397,3171,387,55,73
398,3141,388,57,75
399,3144,387,57,75
400,3145,386,57,75
401,3156,390,56,74
402,2520,898,20,44
403,2524,909,18,39
404,3176,374,53,68
405,3196,384,52,69
406,3210,390,51,70
407,3208,388,53,69
408,3199,383,52,71
409,3210,381,52,71
410,2546,884,26,60
411,2545,888,28,61
412,3208,388,52,70
413,3214,388,53,71
414,3218,388,51,70
415,3222,388,52,71
416,3227,385,55,70
417,3212,375,58,72
418,2554,879,18,42
419,2558,886,18,39
420,2565,884,18,39
421,2570,876,19,41
422,3240,386,46,64
423,3258,389,47,64
424,2586,907,26,55
425,2592,907,26,53
426,2591,901,26,53
427,2595,907,27,55
428,2598,907,27,55
429,2603,908,26,55
430,2604,904,26,55
431,2605,898,27,55
432,2260,1031,15,41
433,2597,900,33,69
434,2598,902,33,70
435,2599,906,32,70
436,2599,912,32,69
437,2581,874,138,290
438,2584,871,137,292
439,2585,862,136,293
440,2609,894,35,77
441,2613,895,34,77
442,2616,893,35,75
443,2621,889,35,76
444,2626,889,35,77
445,2631,889,37,77
446,2636,880,36,78
447,2641,873,36,79
448,2647,876,35,78
449,2649,878,37,79
450,2650,874,38,78
451,2652,876,36,80
452,2654,881,37,80
453,2659,881,36,80
454,2661,879,37,80
455,2664,876,38,79
456,2668,876,36,79
457,2672,883,35,79
458,2675,883,36,79
459,2679,884,37,80
460,2682,886,36,81
461,2686,888,37,81
462,2691,890,38,79
463,2695,888,37,81
464,2697,890,37,81
465,2700,893,37,81
466,2702,895,37,81
467,2750,909,35,77
468,2713,908,42,93
469,2711,894,35,78
470,2714,894,36,78
471,2716,882,36,78
472,2718,880,36,77
473,2714,889,52,112
474,2725,873,36,78
475,2725,875,36,80
476,2725,880,36,78
477,2725,877,43,93
478,2732,873,36,78
479,2743,505,228,424
480,2737,866,36,78
481,2739,868,36,78
482,2742,870,36,79
483,2748,865,43,93
484,2751,866,36,78
485,2755,859,36,78
486,2759,858,36,78
487,2762,860,36,78
488,2766,862,36,77
489,2773,858,36,78
490,2774,869,51,112
491,2776,869,51,112
492,2783,875,51,111
493,2790,871,51,112
494,2796,872,50,111
495,2801,872,50,113
496,2804,874,50,112
497,2804,874,50,112
498,2810,867,50,113
499,2813,866,50,112
500,2815,871,50,111
501,2816,875,50,110
502,2818,878,50,109
503,2821,882,50,109
504,2826,883,50,108
505,2829,927,34,76
506,2831,926,34,77
507,2836,926,34,77
508,2844,897,41,92
509,2847,897,42,92
510,2851,895,41,92
511,2872,795,51,110
512,2873,794,50,110
513,2870,847,42,93
514,2876,577,68,113
515,2879,580,65,113
516,2884,831,51,111
517,2869,872,70,157
518,2894,805,36,77
519,2894,805,36,77
520,2401,1049,22,57
521,2396,1033,23,61
522,2395,1038,24,61
523,2395,1042,26,62
524,2398,1046,25,62
525,2397,1041,26,61
526,2397,1034,26,61
527,2854,529,176,352
528,2856,526,179,357
529,2502,1048,32,72
530,2460,975,66,151
531,2463,977,68,153
532,2465,976,68,153
533,2463,969,69,154
534,2462,968,68,155
535,2461,966,69,157
536,2460,969,70,158
537,2504,1032,34,77
538,2504,1025,34,77
539,2502,1024,34,77
540,2504,1026,34,77
541,2505,1024,35,78
542,2504,1017,34,78
543,2502,1016,34,79
544,2500,1017,34,78
545,2500,1024,35,77
546,2500,1028,35,77
547,2500,1017,34,78
548,2880,770,93,232
549,2878,771,96,230
550,2877,771,100,229
551,2880,768,99,228
552,2881,765,102,231
553,2504,1005,32,74
554,2504,1008,32,74
555,2504,1010,32,75
556,2502,1007,33,76
557,2500,1005,33,77
558,2497,1007,34,76
559,2496,1007,34,76
560,2932,616,34,62
561,2930,615,34,61
562,2923,621,32,59
563,2919,624,32,59
564,2911,624,34,60
565,2893,617,44,80
566,2886,619,44,80
567,2886,621,45,81
568,2886,620,44,80
569,2886,616,46,83
570,2889,613,46,84
571,2889,614,45,84
572,2888,618,40,75
