1.0
0.746985380428983
0.7415254237288136
0.7160068846815835
0.7582988549985568
0.7657912720882554
0.7343881659020691
0.8026124818577649
0.732980777302107
0.7879637262984336
0.7948872634039665
0.7007125890736342
0.7710280373831776
0.7326050201586682
0.8325397905046933
0.7790802524797115
0.8058634250983197
0.7186127167630058
0.7819282015476814
0.7670935532884741
0.7729941291585127
0.7086537525552419
0.7692628844458876
0.8612414290869722
0.8248350329934013
0.7413443640124096
0.6885096700796359
0.7649985038898863
0.7529948659440958
0.7445461890654458
0.758385217915244
0.711864406779661
0.8276413267344994
0.8393142857142857
0.8518706619265278
0.8369559524433038
0.8218255991840897
0.8203021035183153
0.8074748188725923
0.9039387261718833
0.9149715046382961
0.8698224852071006
0.8712081660575729
0.9315311795108608
0.9330363845653371
0.8212704963220817
0.8836394411367314
0.8086411485816838
0.8092297907861089
0.8661863784937629
0.8720011939259019
0.9950372208436724
0.837307391407871
0.8383703587408745
0.8270549992933477
0.842002916869227
0.8432422159576827
0.8395166689692551
0.8558595014567821
0.7630325728758202
0.7987560738581146
0.8166081284495735
0.7992259893164723
0.7291533661470025
0.6596062900898434
0.5248519611281903
0.43818080389911623
0.4520673872444191
0.423749022673964
0.40276053820565016
0.3837098606831745
0.35389449146100443
0.3440341550524436
0.2840593828755374
0.25967894239848915
0.2658500032579657
0.22681247468610774
0.2345066931085771
0.23777003829803056
0.24036702841116936
0.24807589045999642
0.2369037632697926
0.27284173646466303
0.29506509349446275
0.30403554689877654
0.31416031952442874
0.35962268773735145
0.3474903474903475
0.34106728538283065
0.3938379843460464
0.6140058635394456
0.6626789566581682
0.7478603156260156
0.7847560454584295
0.7818078082973348
0.8073105785524086
0.8538065891293267
0.8343409915356711
0.902584917752617
0.7980563333882392
0.6551561579257513
0.6405866093366094
0.6826559656572255
0.6237376077087001
0.5692786240336672
0.6001888871399339
0.6094127111826226
0.6597394029358403
0.6102786377708979
0.5945945945945946
0.5883174603174604
0.5456246102681355
0.5456246102681355
0.5767790262172284
0.5849101796407186
0.5594298413671546
0.5696400625978091
0.611674239776302
0.6003458632929826
0.6848502816483842
0.6302190601011046
0.7889852240810844
0.7154204016793373
0.6605688789737869
0.6984465789161627
0.7256948516477073
0.8863700765089261
0.7539027795405508
0.8135376756066411
0.9260954872465664
0.7220512820512821
0.7627302275189599
0.7164339419978518
0.7378489166504002
0.6980261944290721
0.6089835361488904
0.6971294669009959
0.6638048780487805
0.6813538954536351
0.6238055670959701
0.6236989591673339
0.6384284837323512
0.7131944444444445
0.6947465864383244
0.7350636630754163
