1.0
0.6876118512626764
0.7178947368421053
0.6741935483870968
0.66562608394034
0.5808403361344537
0.6126141503797901
0.5914297156587905
0.6490215950728931
0.7056579783852511
0.7444228177870938
0.7506887052341598
0.8073903002309469
0.6691604832280615
0.6978517859412737
0.6856628674265147
0.7666647158658629
0.7704218136278249
0.7726888149359806
0.7353313634444913
0.7475328947368421
0.7003209804493726
0.644309861701166
0.6541567695961995
0.6196162398089434
0.628701030927835
0.6092684970107765
0.5858256298713068
0.5835037964150747
0.5787624966225344
0.5393202924323256
0.512863070539419
0.5007365939893931
0.4612235927584407
0.4620243001659262
0.4671200654530579
0.440558752643746
0.363324764353042
0.35284267276588793
0.35303033324691385
0.3468294481861765
0.32082945013979497
0.30766582905924067
0.2981320880587058
0.31788012533270443
0.3186495329318602
0.3054165760278442
0.2904683533710843
0.2832036799025908
0.31165349493144184
0.32261883457456325
0.3048089795077747
0.2881701631701632
0.28549724252610925
0.28544170959740506
0.23628865979381444
0.21505228870221155
0.21674876847290642
0.21949801963147925
0.19194449797648871
0.20693477859210446
0.18917336623001893
0.24049325112481254
0.2276914280874132
0.2233975963945919
0.27624309392265195
0.2504261017774531
0.24694590717868248
0.25506802589247646
0.25622043404047795
0.2365730783961347
0.2678859923808764
0.2941230778699876
0.28178965524407223
0.3062682995938671
0.3210371384190917
0.36590459576663675
0.37236220179388885
0.37334855044596893
0.46295476404940383
0.4534345214975051
0.4437813251441319
0.5653716710564823
0.5956739404593572
0.6408503712745397
0.6938702540838901
0.7413635618427524
0.717625858254066
0.7244582043343654
0.7472456575682382
0.7770870581763168
0.7473095135600517
0.8152990018549598
0.5805515239477503
0.548361812196269
0.5043136067806872
0.505584412089243
0.5008334876829043
0.6205074296104781
0.44059028534088435
0.5094089264173703
0.45557907469005143
0.4272652752380352
0.5005561735261401
0.4608995137763371
0.47100363791996575
0.4862924511701566
0.45084166869968284
0.47002766676913615
0.4606776621047296
0.44550162591834275
0.4067480852825502
0.4174988314282072
0.4475384949034916
0.4450930962805714
0.4572674814848471
0.4146919431279621
0.4158032877469264
0.4077292899408284
0.38433993793268084
0.35829225188354574
0.3736484546933308
0.3118594436310395
0.3193498379292526
0.3302044122552056
0.2131979695431472
0.2074488369136901
0.18539181186164277
0.2115957848776187
0.18156028368794327
0.14824797843665768
0.1431503335043612
0.16022777047744197
0.15317776682939938
0.12393533808447767
0.15362436365274587
0.1452605662700041
0.16090134550025606
0.16727514105542649
0.158586490780415
0.13348913297499415
0.15372020226342403
0.1553398058252427
0.14057507987220447
0.13693317422434367
