1.0
1.0
0.9494949494949495
0.912621359223301
0.8829113924050633
0.9305057096247961
0.9902455432223344
0.9469302809573361
0.9132244636567403
0.930761934871957
0.8926370418423614
0.8624211474917393
0.8780173801094303
0.8629550321199143
0.8895705521472392
0.921817574340127
0.9266409266409267
0.8940467753366407
0.8169014084507042
0.8597837460760377
0.9290601368383147
0.9072276159654801
0.8625641025641025
0.7906612347226575
0.7906612347226575
0.8408505154639175
0.8408505154639175
0.8408505154639175
0.8939343718926086
0.8939343718926086
0.8926128590971272
0.8787878787878788
0.8361180234624955
0.7763578274760383
0.8361180234624955
0.8361180234624955
0.8787878787878788
0.9106769016050245
0.8787878787878788
0.8787878787878788
0.8787878787878788
0.8787878787878788
0.8787878787878788
0.8543853708093464
0.8926128590971272
0.9292502639915523
0.9292502639915523
0.9292502639915523
0.8955116696588868
0.8387321490769767
0.8262295081967214
0.8768670309653916
0.8084415584415584
0.8282208588957055
0.7493363670838074
0.7109466303077523
0.6944444444444444
0.6782575468093237
0.7313304721030043
0.7583444592790387
0.817658349328215
0.8520710059171598
0.8670520231213873
0.8505747126436781
0.75
0.9245377311344328
0.8780487804878049
0.8449486763911399
0.8888888888888888
0.8584686774941995
0.927710843373494
0.9302325581395349
0.9875268817204301
0.894478527607362
0.7379117028731604
0.7302844796543032
0.7311019180142911
0.794881737107406
0.8206461195692536
0.8206461195692536
0.7945984363894811
0.6978653530377669
0.6438802083333334
0.6554787759131293
0.6142433234421365
0.6554787759131293
0.6687077022236545
0.655054432348367
0.7181679389312977
0.7631578947368421
0.8278457196613358
0.6757679180887372
0.7203389830508474
0.7640718562874251
0.7640718562874251
0.8118081180811808
0.8296249205340115
0.831758034026465
0.8296249205340115
0.8027993779160186
0.8231647634584013
0.8231647634584013
0.8231647634584013
0.8231647634584013
0.8231647634584013
0.7743557510999372
0.726605504587156
0.7572327044025158
0.7743557510999372
0.7901077996195307
0.7692307692307693
0.7474505098980204
0.7020157756354075
0.7082228116710876
0.6645605973578403
0.6670644391408115
0.6645605973578403
0.6770833333333334
0.6345177664974619
0.7593409826419535
0.825426944971537
0.8066465256797583
0.8082706766917294
0.8066465256797583
0.7744807121661721
0.7925465838509317
0.7593409826419535
0.7593409826419535
0.7593409826419535
0.7593409826419535
0.7593409826419535
0.7593409826419535
0.7144495412844036
0.6717920044730221
0.6717920044730221
0.7144495412844036
0.7144495412844036
0.7144495412844036
0.6717920044730221
0.6312056737588653
0.6312056737588653
0.6878980891719745
0.6717920044730221
0.6717920044730221
0.6312056737588653
0.59254327563249
0.6060606060606061
0.6323529411764706
0.6323529411764706
0.6066228946617185
0.6323529411764706
0.7745341614906832
0.7745341614906832
0.7745341614906832
0.7745341614906832
0.7283726557773744
0.6845518867924528
0.6845518867924528
0.7007633587786259
0.7283726557773744
0.7283726557773744
0.7283726557773744
0.7283726557773744
0.7283726557773744
0.7283726557773744
0.6845518867924528
0.6428982173663025
0.6428982173663025
0.6845518867924528
0.6845518867924528
0.6845518867924528
0.6845518867924528
0.7535885167464115
0.7535885167464115
0.7535885167464115
0.7535885167464115
0.7106184364060677
0.6697038724373576
0.6697038724373576
0.7275379229871646
0.725213298028832
0.6900237529691211
0.6900237529691211
0.6760895170789164
0.7106184364060677
0.7106184364060677
0.7106184364060677
0.7106184364060677
0.7106184364060677
0.7106184364060677
0.7106184364060677
0.7106184364060677
0.6697038724373576
0.6307007786429366
0.6307007786429366
0.6697038724373576
0.6697038724373576
0.6697038724373576
0.6697038724373576
0.645
0.6430372653404315
0.6309427880741337
0.6309427880741337
0.6309427880741337
0.7300936768149883
0.7300936768149883
0.7300936768149883
0.7300936768149883
0.7300936768149883
0.6876070816676185
0.6471571906354515
0.6623376623376623
0.6876070816676185
0.6876070816676185
0.6876070816676185
0.6876070816676185
0.6876070816676185
0.6876070816676185
0.6876070816676185
0.6876070816676185
0.6876070816676185
0.7041420118343196
0.7041420118343196
0.7041420118343196
0.7012089810017271
0.7150319210679048
0.7636252296387018
0.7449069973427812
0.7449069973427812
0.794392523364486
0.794392523364486
0.794392523364486
0.7919547454431175
0.7421758569299552
0.7449009754655631
0.7871272512547978
0.7631578947368421
0.7631578947368421
0.7646710136336692
0.7522123893805309
0.7348401323042999
0.7433016421780466
0.6916192026037429
0.6807387862796834
0.72999732405673
0.7232502011263073
0.7044534412955465
0.6631499623210249
0.7007449267916773
0.675990675990676
0.7007449267916773
0.7007449267916773
0.6942084942084942
0.6514208389715832
0.6698564593301436
0.7079934747145188
0.7468113975576662
0.7449481157837248
0.7661748013620885
0.6998950682056663
0.702557200538358
0.7383309759547383
0.781387181738367
0.6627615062761506
0.7056033204862141
0.7496958637469586
0.7673357664233577
0.8039747064137308
0.7711383328353749
0.8195211786372008
0.8624570178180682
0.8413001912045889
0.7520839765359679
0.6664707610931531
0.6412213740458015
0.6543174693644913
0.7028799543769604
0.8076225045372051
0.8288770053475936
0.8567225654604296
0.8457888493475683
0.8089225589225589
0.8290697674418605
0.857389801210026
0.8340413480600396
0.8573820820541446
0.8366576819407008
0.8573820820541446
0.7840363728214196
0.7779448621553885
0.7537506466632178
0.7054263565891473
0.7054263565891473
0.7054263565891473
0.6895661157024794
0.7455391776570985
0.817456093666844
0.766347687400319
0.7747939377825046
0.8153446033810143
0.8594273923136446
0.8594273923136446
0.8373963307363659
0.8373963307363659
0.8114068441064639
0.8373963307363659
0.7963800904977375
0.8218290555693994
0.8506444275966641
0.8266533066132264
0.8735868448098664
0.8340840840840841
0.8816431322207959
0.8796372629843363
0.907160359379254
0.8334596916856204
0.7248450166905103
0.7893591293833132
0.8309968847352025
0.837105197712012
0.9124272336117438
0.9356802541026998
0.9010247438140465
0.8859670680756943
0.811417875526439
0.8269005847953217
0.8147615624251138
0.7889398695967158
0.8538647342995169
0.8019145802650958
0.8538647342995169
0.7659727207465901
0.7908853548540232
0.7862759113652609
0.7700603968938741
0.7588837582814696
0.7361384191899332
0.7655670505563147
0.7361384191899332
0.7361384191899332
0.7361384191899332
0.7862870890136328
0.752906976744186
0.7744664487598538
0.7119038386971694
0.6874756903928433
0.7402675184667599
0.7395813690363945
0.7799315849486887
0.7438253877082137
0.7451669595782073
0.797458606083943
0.7992351816443595
0.7969533717258035
0.7863562091503268
0.8714194780394653
0.8297957549058871
0.8366646476882698
0.792092574734812
0.8056067871634084
0.7837235228539576
0.7339399454049136
0.6998986143967557
0.6666666666666666
0.6766336301024694
0.6695278969957081
0.7164368362656522
0.7006469938456683
0.7192982456140351
0.7186288196060183
0.7
0.7342130065975495
0.7983406705045716
0.0
0.0
0.0
0.0
0.877319587628866
0.837708830548926
0.807632398753894
0.8197489226157018
0.7935936656469318
0.7935936656469318
0.8875455766647476
0.8270356572645023
0.74375
0.9996098322278579
0.8
0.951878707976269
0.48723051409618573
0.44106463878326996
0.3594669972110319
0.4119980955403904
0.4551848217206412
0.37964317051769525
0.30484094052558786
0.1253698224852071
0.41386849914102763
0.4538939321548017
0.2844979448032883
0.25109681193331385
0.23243403498369405
0.23238925199709515
0.15806868802988935
0.10742669224445053
0.10742669224445053
0.0379400260756193
0.0379400260756193
0.0
0.0
0.0
0.0
0.0
0.0
0.0
0.0
0.0
0.0
0.0
0.0
0.0
0.0
0.0
0.0
0.0
0.0
0.0
0.0
0.0
0.0
0.0
0.0
0.0
0.0
0.0
0.0
0.0
0.0
0.0
0.0
0.0
0.0
0.0
0.0
0.0
0.0
0.0
0.0
0.0
