1.0
0.8895102571911077
0.9457895235388841
0.896072326013329
0.9198289660425952
0.9680449316968844
0.957206993881301
0.898031392328829
0.9405777437664612
0.9249081270935641
0.9709982597104454
0.9458978409209885
0.9015130384683973
0.946210882903371
0.9268869988073145
0.8904666056724612
0.9421532426092734
0.8901205328449802
0.9365014116318464
0.9434991815070192
0.8793406100281125
0.9348431677580405
0.9630856132245723
0.9452844388962247
0.9444658133828503
0.9465612438711958
0.8976676346872599
0.9413928623413743
0.9023223835653396
0.9707812429480526
0.9279103750608865
0.9795039012460697
0.9490501174416617
0.9201776784764336
0.9368501913831239
0.900527724796223
0.9123188969235155
0.9617063772624435
0.9300165544641872
0.9689638438352871
0.9546300410454491
0.9231844788355653
0.9396771853930896
0.9820716094785414
0.9125922597219808
0.9022873490092649
0.9409263529673985
0.9409086258057915
0.900775174445457
0.9347643760616807
0.9166166120553597
0.9144404201230395
0.9030764987789134
0.9344031866109884
0.8986903909407581
0.9167313297818876
0.8572785760158693
0.9011208149634203
0.9066013603283825
0.8778510249254162
0.8753505143536375
0.851796810091625
0.8664577572477835
0.8285731703599841
0.8298586674358235
0.8405719378218728
0.8741374167246694
0.8579459390691406
0.8547061487896372
0.8586291093103082
0.9013288984420352
0.8771929133237709
0.9063485219482672
0.8864684092571734
0.909614236235519
0.9048168155153467
0.8551219850825703
0.8656757674598599
0.8614781652285719
0.815097321085743
0.7931169850824391
0.8238863753331849
0.8163495770011101
0.8312111548220397
0.7923193027368172
0.8022543024276536
0.7958356038448564
0.7947662621080439
0.8195402428607446
0.8073144533808388
0.8297308817475382
0.7645765032991658
0.8747457221490965
0.7944928123101842
0.8655813661337461
0.8008764329750746
0.8530743101968351
0.7981263694495372
0.7840672492670283
0.7755312464198799
0.7953338581550132
0.808610618602678
0.7978424211896067
0.8067076653995613
0.8468279658644771
0.8094428093807038
0.8084856356495655
0.8187762885621932
0.7752560967550063
0.7837419879947095
0.823394611866891
0.7584864851069802
0.8255199713119277
0.8044527995871577
0.8228088722290958
0.8056496866967129
0.7920586209893629
0.7653345534291529
0.7724975826322164
0.8208153279831721
0.8381806447229865
0.7847698430188093
0.7672284138675717
0.7868785447856522
0.7740351974970668
0.7975656321513975
0.7812845403801096
0.7988070104036833
0.7702501857815209
0.7973167436453326
0.7887295898048586
0.7580584793186237
0.8212482661234894
0.7915785115664565
0.7949311891233153
0.7813060395362225
0.7879321925095547
0.7779768451177257
0.7863124947127993
0.7804044133680278
0.7896787133104486
0.8041544860662171
0.7609236524242089
0.7930167565102492
0.7830241312684626
0.7932924749144208
0.7677718248610854
0.7773787835296736
0.7454060658092424
0.75
0.8049511320812525
0.7896280527467329
0.8049374535490745
0.7616219329050034
0.7781033426996835
0.7580672200740881
0.7164137887913966
0.7158727947149396
0.7705092856077225
0.7293440955891699
0.7433338930064842
0.6945460112076169
0.7228781402595527
0.7537598335643462
0.7574923078165505
0.7546432062561095
0.7465434911519615
0.7216235912980106
0.733377563825629
0.7543118167156119
0.7086974081660786
0.7148781701616916
0.7667161961367014
0.7451909827481673
0.7954607669910161
0.8030396328582986
0.7715794251857515
0.7631047773742033
0.7401665009876525
0.724824066371383
0.7551398085014158
0.7164763023703685
0.6744405772847022
0.656150306816518
0.702518010389376
0.7242718446601941
0.7479461484359802
0.7040909122952957
0.7038002001973577
0.7040512057747481
0.7291141458286693
0.7239660598832918
0.6686816420346662
0.6858189288976251
0.7046676004038956
0.7154590615853789
0.6811017224569386
0.7039411073168
0.7308313636131754
0.7343618623986902
0.7749979517506945
0.7056613155944194
0.6525105563888913
0.6462242639873403
0.6899125540117644
0.668694344097592
0.619165345057867
0.6756870511406179
0.7321315202787497
0.6632524731294325
0.6135393506891148
0.6092916669127592
0.6032042723631509
0.6080741753707589
0.5790553500606591
0.6111324905372107
0.598738372714637
0.6336214093196689
0.6053514224310218
0.6074277015575512
0.605922154818277
0.5944834832862678
0.6214691653569933
0.570729025516686
0.5917426756752319
0.5585572513674663
0.6287458750283905
0.6326008165548533
0.6845582992319611
0.6630780294108451
0.6432173671679835
0.7835480580987773
0.8206440998440704
0.8830195932903859
0.8936958213681866
0.8633109731022398
0.81661063967355
0.844169438389252
0.8655453919543622
0.8365292400572276
0.8165391969407266
0.8407232954225118
0.8578767610276723
0.7653263816960909
0.7711904334014951
0.763624351761094
0.8193395259162186
0.7473564128233185
0.7781855206499374
0.7759133190593474
0.7930980568884924
0.8006115204835932
0.7526416863105585
0.7819243572410502
0.8042781662560349
0.7871962386901019
0.7641744701163937
0.8089121486758794
0.7690749153117308
0.7818200260341825
0.7915220224572933
0.8065126598799269
0.7761043131774187
0.7669552911829608
0.8085424651390362
0.7790869148790611
0.7294141547273678
0.7845807197475577
0.774513802485325
0.7626831589926382
0.7632566392274354
0.7641345647750751
0.7460342831804108
0.77335437286877
0.8121806776810372
0.8247555359932871
0.8397037161514608
0.8240689933636336
0.789047847854054
0.8012705767653233
0.8212018770930879
0.7975598910999993
0.7870121649993825
0.8277783627483538
0.8368694012258369
0.8354321743458882
0.7066336309143534
0.6527802959129293
0.6553295794057348
0.760644418872267
0.7383984803459357
0.6612831136496377
0.7376464978542927
0.656940376656904
0.6239825342589731
0.5868281090867942
0.6563198326007722
0.5875547468538762
0.5557242999992007
0.5996557697187683
0.590244727641818
0.562676848398745
0.5120549759388722
0.5916849228966687
0.5118797082386704
0.5247587880326229
0.5260470682090148
0.5455007884429524
0.5869294065918289
0.6095614471533158
0.6036618592654485
0.606814824425095
0.655086522159062
0.6607875876286174
0.6437991742734765
0.6350587806433974
0.6572870901283292
0.6685741330350228
0.6048264838435249
0.6451130887727363
0.6252171630322891
0.623276172202902
0.6678700145059744
0.5966398048624805
0.6285251590514749
0.5994441283319473
0.6320480195364654
0.6183790571533216
0.5956910494499822
0.614709427390008
0.5993967786143111
0.6028868390972647
0.6106029979786659
0.5857939529547413
0.6018381280102163
0.5931899088565409
0.5902978742533477
0.5879336147029645
0.6352128242788835
0.5790589556825233
0.6028933822089826
0.6306652436855211
0.6323252260478444
0.6295263724750773
0.5533376858283476
0.5901232800217637
0.6314389809323724
0.5643387141500634
0.5705199319576955
0.6685979738416442
0.6069625322097639
0.6309731054819341
0.6604704431327636
0.6420756525310862
0.6316625735732233
0.6467803876038225
0.703723266333106
0.668373165724713
0.6935780566569922
0.7656644647367399
0.7660543256398179
0.8189121338912134
0.7813806643962623
0.7789040302215408
0.7887401167608521
0.723725721780599
0.758172945564529
0.7817937754797654
0.8026583103342533
0.8779982573528203
0.856036783553101
0.8285081647761036
0.8183700847910181
0.7960002732520408
0.8146396123947105
0.8028604016352475
0.8113934128604788
0.845300294597674
0.7466299817124404
0.7945924437589816
0.7588739051041433
0.7937170482032825
0.7339997591232085
0.6818557198544081
0.5546756680887343
0.7881227981882235
0.6910224057505544
0.6294772541388161
0.45909094118727006
0.5874164127343687
0.6737240957595337
0.6260895246885094
0.6106304123033626
0.6417950363714163
0.48778341078721305
0.5406454353063511
0.5561077972575088
0.619861508802767
0.5885431128388048
0.46693054228594827
0.5448284475529467
0.5872752745901201
0.49083334502251336
0.58040376281577
0.5499805328637407
0.5021016431027895
0.5540985743144907
0.5112095344870329
0.5632706482055521
0.6132801205277655
0.5849435730108363
0.5308862529266208
0.5724059768476752
0.5644574036318629
0.5500237892815637
0.5091278683397834
0.5879401861902664
0.5315265550821433
0.5669802201769991
0.5500279485746227
0.6009013872913781
0.5441006238492196
0.6008646518268284
0.5598248660073979
0.5519092208512004
0.529875366568915
0.5143144691752337
0.49967827925360786
0.6339409722222222
0.6258294182171906
0.5805963708454213
0.5595435389933235
0.5624476325644227
0.5222945891783567
0.4585432890517636
0.4800932287408902
0.4405162976603671
0.5038760020649257
0.5297299130228379
0.5358535528596187
0.5131517206576303
0.46005857135296296
0.5404259828335276
0.482841087884918
0.4780760253417806
0.5234321854718611
0.5849238662304959
0.5586474044687301
0.5073590093042777
0.4930359859050834
0.5527583998921578
0.5192640839277246
0.5718575425802614
0.4789101007604286
0.5200031594328818
0.5283338714885373
0.46136015809571923
0.5132474728124724
0.48148022915438937
0.46152185385980904
0.43764857705630644
0.4050121140954561
0.3807590601153449
0.4094815733292002
0.4101870298236746
0.42090549233052943
0.3831100936070683
0.4735442767476879
0.42867180599052435
0.4616807504144261
0.5609887862830139
0.5526170686380624
0.5149690954116249
0.487246891651865
0.49412112696886784
0.5428036617823404
0.5178155508201596
0.5018461061123177
0.4849272510744058
0.5310293262440807
0.5413466681206154
0.5075877760614537
0.5467670179682101
0.5196687370600414
0.4837742669627654
0.4777344585369063
0.5400570136636194
0.47115185019283085
0.5373616361979892
0.5150920528654701
0.4451280139199602
0.48957718890162605
0.5185778419473459
0.4694417164009972
0.45327649615513205
0.44538111551545806
0.4342444619787312
0.4814021327329726
0.44669915762651063
0.44754407827363696
0.457372477467307
0.4704116176417814
0.5087596607312569
0.5041930393773381
0.5067814504994721
0.46644898558168546
0.5015355133528241
0.5024041108460268
0.473582694013235
0.46953821786160993
0.5310004236671872
0.44358010993998687
0.445617398448879
0.4780996582209835
0.4655004308907802
0.47612226627445964
0.4921788911565069
0.4265808168777032
0.4557550507135463
0.4828334486018667
0.5004805138969677
0.47890379532192906
0.4599623160107207
0.4715180581383968
0.4890964010756253
0.48579928599762
0.4582746244849129
0.4800010553532795
0.4682224887003044
0.4737370223696885
0.47309227234248397
0.4738131199738744
0.4435490023372426
0.420845132989061
0.467157208614723
0.43596892108087676
0.4377563777665146
0.42696629213483145
0.4648228483844922
0.47398502844047397
0.49914943146208257
0.49219094555713455
0.4708890883660731
0.4701353489189664
0.47945224601468495
0.4591709910049083
0.47385115549769474
0.46318680923583594
0.4628031118398717
0.4726352009348828
0.4937488337376376
0.4892692324924952
0.5064763732309906
0.49413783242779524
0.46101356655978754
0.4911504081141322
0.5181811866591539
0.4792038163168884
0.47951579940260963
0.4978803318568293
0.47789284840577345
0.49231003258528616
0.46537485918974336
0.4612211221122112
0.44105743563248084
0.46661824153612935
0.463676588266675
0.4953772740829108
0.49759744180706394
0.5213636521920814
0.5462597165456453
0.49534062526914135
