1,2282,518,324,634
2,2292,509,325,647
3,2301,509,307,640
4,2298,507,317,633
5,2287,502,339,649
6,2293,523,331,648
7,2300,522,326,649
8,2298,515,328,650
9,2302,533,325,648
10,2314,522,326,641
11,2314,533,322,638
12,2320,520,315,644
13,2314,526,321,652
14,2311,525,324,640
15,2313,519,330,636
16,2315,515,321,656
17,2312,520,313,649
18,2306,519,320,642
19,2301,528,322,645
20,2305,516,315,645
21,2296,501,319,653
22,2283,527,332,648
23,2285,508,324,642
24,2278,497,328,651
25,2275,496,316,655
26,2262,496,332,654
27,2262,476,330,661
28,2260,493,333,649
29,2257,513,324,662
30,2259,504,331,663
31,2255,526,332,646
32,2257,511,321,660
33,2255,533,328,667
34,2242,519,340,650
35,2240,507,335,655
36,2240,519,335,650
37,2237,502,336,669
38,2233,527,338,665
39,2237,521,336,658
40,2227,518,354,654
41,2234,517,337,659
42,2232,506,336,655
43,2233,505,340,662
44,2231,500,350,667
45,2236,498,337,653
46,2235,502,344,665
47,2230,507,339,658
48,2235,494,332,665
49,2235,488,351,661
50,2238,500,342,668
51,2237,484,351,655
52,2229,498,367,654
53,2229,485,370,671
54,2217,483,372,675
55,2226,476,364,668
56,2236,491,357,661
57,2227,469,361,670
58,2229,480,369,669
59,2229,475,367,657
60,2234,488,355,651
61,2228,479,357,665
62,2226,486,362,648
63,2228,481,343,654
64,2218,472,358,669
65,2216,464,372,659
66,2209,480,374,668
67,2213,476,354,671
68,2203,459,361,675
69,2201,480,374,662
70,2210,475,356,666
71,2204,481,367,660
72,2212,478,349,677
73,2211,478,365,685
74,2220,458,354,698
75,2212,490,379,687
76,2214,472,377,672
77,2228,483,364,679
78,2224,474,371,673
79,2225,474,371,684
80,2215,474,374,680
81,2213,478,388,694
82,2212,482,374,680
83,2218,481,380,677
84,2215,488,389,695
85,2220,484,385,681
86,2216,478,374,689
87,2217,473,394,690
88,2206,480,385,673
89,2216,470,400,694
90,2227,460,380,678
91,2238,466,389,686
92,2238,479,395,686
93,2232,459,387,699
94,2243,472,394,694
95,2242,452,390,692
96,2255,474,381,701
97,2238,469,408,682
98,2242,478,410,674
99,2228,447,428,701
100,2256,472,388,685
101,2263,458,382,689
102,2241,458,403,693
103,2245,445,396,698
104,2246,454,403,709
105,2244,453,400,701
106,2257,446,410,684
107,2253,444,405,700
108,2263,456,385,683
109,2250,450,389,680
110,2251,462,403,689
111,2242,470,419,703
112,2253,459,416,683
113,2247,448,430,705
114,2255,440,413,698
115,2256,449,411,709
116,2252,453,426,700
117,2254,444,411,694
118,2272,459,408,692
119,2272,448,405,712
120,2271,447,399,716
121,2261,459,405,732
122,2269,447,410,714
123,2280,447,400,708
124,2285,431,400,718
125,2272,428,432,713
126,2275,440,433,704
127,2255,413,455,710
128,2267,437,453,710
129,2272,425,432,706
130,2268,425,434,722
131,2281,428,433,725
132,2258,426,453,712
133,2270,424,453,721
134,2281,429,431,709
135,2278,412,440,733
136,2278,413,438,714
137,2271,408,455,719
138,2266,411,460,722
139,2277,424,449,706
140,2262,421,476,723
141,2287,424,454,709
142,2285,425,452,709
143,2276,430,463,718
144,2264,432,493,715
145,2285,420,465,726
146,2269,429,481,725
147,2269,417,476,714
148,2260,418,490,739
149,2313,435,423,744
150,2281,402,475,735
151,2274,423,463,718
152,2292,398,442,739
153,2288,407,457,750
154,2267,424,496,727
155,2259,402,512,726
156,2271,407,494,738
157,2256,411,519,727
158,2253,413,529,740
159,2276,401,495,732
160,2284,374,495,729
161,2297,387,482,746
162,2281,390,498,757
163,2309,400,471,717
164,2298,398,489,724
165,2298,385,488,744
166,2299,385,485,750
167,2296,394,498,743
168,2290,407,513,725
169,2276,401,525,748
170,2283,389,523,739
171,2273,381,541,734
172,2277,402,541,758
173,2308,393,495,761
174,2290,390,525,739
175,2301,378,499,756
176,2299,382,514,756
177,2287,401,521,750
178,2295,387,515,742
179,2295,371,532,757
180,2314,359,509,765
181,2297,371,530,760
182,2290,372,550,755
183,2291,372,561,773
184,2296,367,540,782
185,2303,356,543,774
186,2278,364,582,782
187,2271,367,587,787
188,2311,368,535,760
189,2298,355,547,757
190,2336,368,513,768
191,2337,374,514,762
192,2312,368,533,767
193,2306,364,556,764
194,2306,358,557,768
195,2318,364,541,772
196,2289,359,585,783
197,2298,359,579,797
198,2290,357,589,792
199,2311,367,569,781
200,2327,359,530,791
201,2315,365,566,800
202,2343,354,534,814
203,2302,365,601,792
204,2283,361,620,800
205,2372,358,537,806
206,2373,362,533,800
207,2349,362,546,793
208,2302,354,618,799
209,2326,359,619,791
210,2296,353,668,802
211,2345,340,604,794
212,2300,343,667,819
213,2317,345,642,794
214,2313,352,653,815
215,2327,372,643,820
216,2365,361,604,813
217,2342,358,638,805
218,2311,355,658,829
219,2355,361,639,778
220,2357,371,641,799
221,2350,358,655,785
222,2351,371,657,816
223,2393,348,612,802
224,2336,348,673,804
225,2344,356,688,825
226,2345,360,700,813
227,2349,331,692,819
228,2333,350,706,817
229,2339,345,700,811
230,2475,346,592,802
231,2530,340,529,810
232,2572,324,494,797
233,2583,328,457,770
234,2607,339,473,774
235,2608,332,465,761
236,2569,344,523,760
237,2592,337,476,741
238,2598,339,479,778
239,2593,343,465,745
240,2610,348,456,698
241,2591,358,498,755
242,2605,340,473,819
243,2589,333,507,827
244,2585,337,497,755
245,2537,346,557,790
246,2541,336,535,778
247,2583,330,488,806
248,2501,353,595,804
249,2579,331,486,806
250,2526,347,569,833
251,2592,345,516,785
252,2606,330,514,782
253,2617,342,506,765
254,2609,328,526,785
255,2628,319,514,826
256,2604,319,514,798
257,2622,335,504,797
258,2607,338,535,785
259,2617,325,528,798
260,2628,329,516,783
261,2616,337,531,799
262,2629,318,519,796
263,2639,332,509,773
264,2648,335,488,744
265,2640,346,489,774
266,2665,348,476,768
267,2672,351,482,747
268,2670,360,513,751
269,2686,351,481,761
270,2690,353,477,746
271,2701,352,487,718
272,2700,364,475,734
273,2702,365,475,728
274,2711,353,459,750
275,2699,353,474,756
276,2698,357,489,748
277,2719,356,478,749
278,2721,344,474,752
279,2732,339,454,753
280,2737,340,465,780
281,2745,349,458,733
282,2739,335,470,750
283,2742,336,457,769
284,2751,351,470,770
285,2742,350,493,764
286,2759,351,473,808
287,2763,332,471,813
288,2751,340,475,805
289,2765,345,468,766
290,2768,346,465,750
291,2769,351,471,702
292,2779,362,454,625
293,2809,352,461,736
294,2821,343,440,779
295,2801,353,472,739
296,2798,358,452,664
297,2820,355,445,603
298,2793,360,472,566
299,2775,365,480,521
300,2806,369,447,561
301,2838,374,436,487
302,2866,376,403,452
303,2870,372,411,468
304,2858,371,417,491
305,2869,365,413,491
306,2884,364,409,576
307,2858,356,430,581
308,2856,348,431,578
309,2860,354,419,576
310,2805,349,489,588
311,2848,350,458,580
312,2848,354,435,566
313,2881,350,417,592
314,2889,356,418,593
315,2879,359,441,577
316,2898,362,412,580
317,2899,358,409,555
318,2872,356,437,567
319,2892,353,418,542
320,2872,354,433,562
321,2902,351,404,571
322,2887,350,444,565
323,2882,356,445,582
324,2916,356,414,539
325,2871,360,467,553
326,2871,350,470,592
327,2908,352,435,583
328,2890,353,443,562
329,2903,354,438,589
330,2877,359,451,572
331,2869,352,472,581
332,2825,355,536,627
333,2834,347,522,557
334,2827,361,536,537
335,2893,358,462,556
336,2894,363,464,564
337,2883,359,477,579
338,2903,361,439,572
339,2921,359,440,597
340,2896,368,463,579
341,2924,371,443,562
342,2952,376,404,569
343,2944,380,408,561
344,2883,380,483,553
345,2931,371,427,570
346,2953,372,422,596
347,2934,376,452,551
348,2920,371,467,558
349,2878,364,503,598
350,2886,359,506,575
351,2926,363,468,567
352,2943,363,445,567
353,2977,371,402,572
354,2992,392,412,577
355,2970,396,439,552
356,3005,390,396,584
357,2984,399,414,621
358,2996,382,400,588
359,2990,386,406,637
360,2979,396,420,563
361,2994,386,404,592
362,2993,389,401,594
363,2992,378,411,557
364,2977,388,420,584
365,2994,383,422,605
366,3011,383,398,562
367,3017,393,399,585
368,3000,386,426,535
369,3018,383,400,570
370,3033,387,405,673
371,3028,384,404,614
372,3034,388,413,694
373,3039,386,406,677
374,3057,388,404,676
375,3050,383,403,687
376,3044,380,408,676
377,3045,385,412,663
378,3054,402,416,688
379,3053,382,406,682
380,3028,381,417,699
381,3052,388,380,688
382,3058,378,395,679
383,3051,369,392,707
384,3044,376,398,671
385,3063,372,400,696
386,3057,395,410,668
387,3074,372,372,658
388,3066,388,373,580
389,3060,364,365,531
390,3058,369,363,473
391,3056,389,385,497
392,3087,400,363,518
393,3086,404,349,475
394,3092,407,371,414
395,3106,401,356,477
396,3097,401,376,513
397,3084,395,379,531
398,3073,392,363,468
399,3065,394,378,522
400,3065,393,373,479
401,3083,389,359,512
402,3095,400,339,424
403,3085,398,350,428
404,3082,406,374,456
405,3099,402,350,446
406,3105,413,354,466
407,3105,410,339,386
408,3111,398,325,442
409,3109,401,340,430
410,3104,410,367,448
411,3111,398,348,480
412,3102,404,354,422
413,3103,407,365,453
414,3115,400,356,467
415,3116,402,351,443
416,3124,399,347,438
417,3125,401,343,462
418,3120,395,337,404
419,3127,397,322,419
420,3126,413,348,400
421,3136,416,342,408
422,3134,403,336,421
423,3152,401,338,447
424,3164,410,342,467
425,3161,413,338,492
426,3173,412,348,522
427,3167,412,334,520
428,3174,416,321,456
429,3177,418,311,423
430,3179,422,325,422
431,3170,421,333,445
432,3189,425,315,398
433,3182,422,309,390
434,3179,429,317,381
435,3175,432,302,312
436,3167,461,327,313
437,3180,481,303,312
438,3165,443,308,313
439,3176,452,310,331
440,3189,441,296,316
441,3183,455,320,325
442,3191,442,294,324
443,3198,446,289,310
444,3204,445,284,301
445,3207,437,291,329
446,3216,432,290,345
447,3221,431,302,359
448,3226,443,295,360
449,3221,436,294,356
450,3227,434,290,360
451,3225,433,293,389
452,3217,440,295,356
453,3223,448,293,389
454,3222,451,296,417
455,3219,458,300,418
456,3233,467,291,376
457,3228,455,287,376
458,3227,446,287,402
459,3231,452,284,337
460,3231,449,289,357
461,3236,451,284,364
462,3234,456,287,382
463,3231,459,288,403
464,3231,458,296,384
465,3225,460,292,376
466,3225,463,285,353
467,3224,455,287,374
468,3230,470,291,404
469,3235,477,280,369
470,3231,477,289,411
471,3244,472,278,409
472,3246,473,276,380
473,3240,469,280,406
474,3246,461,276,396
475,3234,457,281,408
476,3227,457,297,400
477,3243,455,293,387
478,3247,462,279,389
479,3249,466,277,372
480,3244,465,288,395
481,3249,472,272,352
482,3251,471,269,340
483,3262,480,269,342
484,3266,484,262,311
485,3271,482,255,308
486,3268,476,265,330
487,3273,473,261,346
488,3264,470,268,371
489,3274,481,263,324
490,3278,489,264,308
491,3279,477,260,332
492,3275,473,266,358
493,3281,480,267,371
494,3280,490,273,385
495,3291,487,271,395
496,3288,491,261,389
497,3291,492,259,376
498,3298,499,260,367
499,3303,502,250,350
500,3298,505,249,311
501,3296,499,243,329
502,3297,495,244,330
503,3293,495,248,337
504,3289,495,258,355
505,3296,509,257,342
506,3297,507,251,392
507,3295,502,251,340
508,3304,511,252,338
509,3307,508,245,362
510,3301,511,250,340
511,3315,514,250,350
512,3309,507,244,334
513,3310,504,251,351
514,3317,507,252,351
515,3313,510,251,322
516,3322,514,239,332
517,3332,523,234,350
518,3323,520,238,337
519,3316,513,243,345
520,3323,514,244,355
521,3324,516,254,351
522,3320,508,239,335
523,3325,505,244,327
524,3317,507,242,313
525,3321,503,243,334
526,3329,508,236,322
527,3329,513,239,335
528,3332,514,236,360
529,3327,524,233,341
530,3334,524,241,354
531,3326,526,242,344
532,3341,530,222,320
533,3338,534,235,328
534,3334,533,231,316
535,3332,526,235,340
536,3331,530,231,329
537,3331,528,228,347
538,3339,535,224,316
539,3330,533,235,349
540,3331,529,237,323
541,3338,525,224,349
542,3337,537,223,331
543,3329,541,227,309
544,3330,537,226,295
545,3327,535,224,310
546,3323,536,226,316
547,3327,538,227,334
548,3322,542,229,320
549,3328,540,221,283
550,3325,543,225,303
551,3327,543,223,309
552,3333,548,225,323
553,3331,550,217,318
554,3337,544,215,313
555,3333,547,218,322
556,3330,554,214,308
557,3335,554,208,309
558,3328,562,207,299
559,3327,565,213,297
560,3320,570,208,302
561,3322,576,206,297
562,3321,577,206,303
563,3311,576,204,310
564,3306,575,204,301
565,3297,564,205,295
566,3287,568,212,300
567,3283,575,208,290
568,3285,574,198,303
569,3286,583,193,295
570,3284,591,199,297
571,3276,594,208,309
572,3271,601,209,292
