1.0
1.0
0.9866910840910543
0.9759196899421818
0.9449593962759413
0.9431911740490696
0.8579088471849866
0.8670618120237087
0.8197514691701691
0.8100094018948434
0.7798085291557877
0.7547678414987533
0.7547678414987533
0.7547678414987533
0.7463431075160094
0.7603874843892395
0.7664281727305019
0.7878664218186765
0.7878664218186765
0.7874513536019577
0.7874513536019577
0.7614742929309715
0.7346833483812718
0.7346833483812718
0.7275529865125241
0.7346833483812718
0.7266796311398281
0.7191011235955056
0.698546704456371
0.6842594917081383
0.6863982460818298
0.6821340242609822
0.6810111699000588
0.6687835575313203
0.6587994426593113
0.6593056346044394
0.6520686743596961
0.6582005170601437
0.6781705085986096
0.6696019878809015
0.6653212341197822
0.6571296723580987
0.646169642347841
0.6451721904654634
0.6384039900249376
0.6367631208025869
0.646072722658508
0.646072722658508
0.6580416104523183
0.6448452460476508
0.6448452460476508
0.6448452460476508
0.6258154265879715
0.6029878715319348
0.6121489153697783
0.6124240021147238
0.6086910829698913
0.6071597043870224
0.6135430735414846
0.6135430735414846
0.6125211505922166
0.6164501581745978
0.6035488865070858
0.5758762381976736
0.5587475587475588
0.5411494026600391
0.5343608034993432
0.5241022476443643
0.5218330162361537
0.5157169117647059
0.4990350151640474
0.49198467564154696
0.4548376116294902
0.4309358319572981
0.40306589172357077
0.3790422606100915
0.3495503883988999
0.33822378222772154
0.3071040401308186
0.2980433940333204
0.2654364364058538
0.24486001591550316
0.23041532043254762
0.20792254187863715
0.19102731517092106
0.18829490922514178
0.1752755743278047
0.1674729465694747
0.16593225542808462
0.15902431848180099
0.15580535723327762
0.15662077675049502
0.15907395327581023
0.15357978259872496
0.15517808890283763
0.15758386996559673
0.1605942762214
0.16297854470200554
0.18083972636016707
0.17817837833680697
0.17817837833680697
0.17763874193004248
0.17763874193004248
0.18187527475978144
0.1820338956416522
0.18623494799118986
0.1927999600552569
0.19457255877424814
0.20169813064778094
0.19101871173728394
0.18065550273726882
0.16404121464308713
0.14761022715823574
0.12850248987806798
0.1267681577752055
0.09844229544270079
0.011422106021064516
0.0
0.0
0.0
0.0
0.0
0.0
0.0
0.0
0.0
0.0
0.0
0.0019504876219054764
0.017587939698492462
0.0987788753208369
0.10566587720896338
0.09929619888626046
0.07718183116697615
0.07688021467219966
0.13692402778003676
0.13645338822837458
0.12909480559240738
0.12768555904491302
0.12212631753672504
0.07744347516467866
0.08207831325301204
0.06859251717994401
0.10523739212140833
0.13323959065697993
0.07606376674173285
0.026722450907618597
0.018933094537546373
0.0602451635391855
0.12122782898740168
0.14220100320299753
0.053314141572489274
0.04551583423104637
0.038635365647694646
0.1124228421088137
0.1365154717534654
0.06454290294171688
0.04258943781942078
0.03623367309749703
0.0921446805534509
0.11060196538206812
0.07868798144620227
0.06990562740300595
0.08541746379584217
0.07876505687532125
0.08223475924542079
0.04688063469166967
0.03413641436355281
0.023216398580154136
0.019576451514844464
0.024020149895564565
0.012084592145015106
0.01569396763119176
0.012549155678926671
0.01286588291746641
0.020024161884627002
0.0
0.0
0.0
0.0
0.0
0.0
0.0
0.0
0.0
0.0
0.00584507132786822
0.0016130064648274978
0.007217614067910797
0.006841735012525308
0.008906460442281793
0.011409242828955316
0.012723832506101406
0.010829302819393653
0.010308281437357366
0.007139032661074424
0.011501807426881366
0.0077685507634610235
0.0026662716634572657
0.0017759360663016132
0.002321770684303543
0.005669023821751669
0.004503326937589709
0.0
0.0032396341583865043
0.007347159425987812
0.0
0.001167548050979661
0.0
0.006388139240938749
0.0034921402183080877
0.009691866180749333
0.010079575596816976
0.003896512500302524
0.003869088047515774
0.002760582623302125
0.013434024175452988
0.01232193837551588
0.011642787243118461
0.01103509386527088
0.014745762711864407
0.011673998031678021
0.006785493977468264
0.009676364825106244
0.014646218538006253
0.015385626931422184
0.010987332380443204
0.014318555008210181
0.01790638112364449
0.014725103356201653
0.011632328926470259
0.014400753684304973
0.014162518404262778
0.012534860707110084
0.004215475659681407
0.0
0.0
0.0
0.0
0.0
0.0
0.0
0.0
0.0
0.0
0.0
0.0
0.0
0.0
0.0
0.0
0.0
0.0
0.0
0.0
0.0
0.0
0.0
0.0
0.0
0.0
0.0
0.0
0.0
0.0
0.0
0.0
0.0
0.0
0.0
0.0
0.0
0.0
0.0
0.0
0.0
0.0
0.0
0.0
0.0
0.0
0.0
0.0
0.0
0.0
0.0
0.0
0.0
0.0
0.0
0.0
0.0
0.0
0.0
0.0
0.0
0.0
0.0
0.0
0.0
0.0
0.0
0.0
0.0
0.0
0.0
0.0
0.0
0.0
0.0
0.0
0.0
0.0
0.0
0.0
0.0
0.0
0.0
0.0
0.0
0.0
0.0
0.0
0.0
0.0
0.0
0.0
0.0
0.0
0.0
0.0
0.0
0.0
0.0
0.0
0.0
0.0
0.0
0.0
0.0
0.0
0.0
0.0
0.0
0.0
0.0
0.0
0.0
0.0
0.0
0.0
0.0
0.0
0.0
0.0
0.0
0.0
0.0
0.0
