1,1759,1352,59,52
2,1761,1352,54,55
3,1761,1352,53,57
4,1761,1353,51,59
5,1759,1359,51,59
6,1759,1359,50,60
7,1757,1361,50,60
8,1754,1365,50,62
9,1754,1365,50,62
10,1754,1368,52,62
11,1750,1370,52,61
12,1750,1373,54,61
13,1747,1374,54,62
14,1745,1377,52,63
15,1743,1382,54,63
16,1741,1385,55,62
17,1738,1386,54,63
18,1740,1391,56,62
19,1734,1391,57,64
20,1731,1390,56,65
21,1733,1392,58,66
22,1729,1395,58,66
23,1727,1398,58,65
24,1726,1398,58,67
25,1724,1401,58,67
26,1722,1403,58,69
27,1720,1405,58,68
28,1716,1409,61,70
29,1714,1410,61,70
30,1713,1413,60,70
31,1713,1413,60,72
32,1709,1416,61,71
33,1709,1417,61,73
34,1705,1420,61,73
35,1702,1423,62,72
36,1701,1426,63,72
37,1698,1426,63,73
38,1696,1432,65,73
39,1695,1437,64,71
40,1691,1439,66,73
41,1691,1445,66,73
42,1687,1449,66,73
43,1685,1450,66,72
44,1683,1455,66,71
45,1681,1458,68,71
46,1677,1460,68,71
47,1675,1466,68,72
48,1670,1470,69,72
49,1670,1471,69,73
50,1666,1475,71,73
51,1664,1479,71,73
52,1662,1480,71,73
53,1658,1483,73,74
54,1655,1487,72,74
55,1652,1488,73,74
56,1649,1493,74,75
57,1647,1498,74,75
58,1643,1499,74,75
59,1638,1502,76,76
60,1636,1507,76,76
61,1631,1510,79,77
62,1627,1515,78,79
63,1624,1516,79,79
64,1621,1519,82,81
65,1615,1524,82,82
66,1611,1527,82,82
67,1608,1530,82,84
68,1599,1537,85,83
69,1598,1538,87,84
70,1596,1541,86,85
71,1586,1551,89,85
72,1584,1553,91,85
73,1579,1554,92,87
74,1569,1563,94,88
75,1568,1565,95,88
76,1564,1566,95,88
77,1554,1574,97,89
78,1551,1576,98,89
79,1547,1582,101,89
80,1535,1591,101,90
81,1531,1595,103,91
82,1528,1599,105,92
83,1516,1609,107,92
84,1509,1612,110,94
85,1497,1621,112,95
86,1492,1623,114,95
87,1489,1626,115,94
88,1473,1637,117,95
89,1470,1639,117,96
90,1462,1641,117,95
91,1443,1653,123,97
92,1438,1653,123,97
93,1433,1658,127,99
94,1417,1665,127,100
95,1413,1667,128,100
96,1403,1670,129,100
97,1391,1681,134,100
98,1383,1686,138,100
99,1374,1690,140,102
100,1355,1699,141,103
101,1344,1702,143,103
102,1339,1707,144,103
103,1317,1716,144,102
104,1307,1717,147,103
105,1299,1720,149,105
106,1274,1727,149,103
107,1267,1733,156,105
108,1251,1738,156,102
109,1228,1747,160,100
110,1217,1745,162,102
111,1202,1755,164,102
112,1180,1763,169,100
113,1173,1764,175,101
114,1151,1772,175,99
115,1129,1774,180,102
116,1119,1774,181,101
117,1098,1778,180,102
118,1078,1780,184,102
119,1066,1780,190,102
120,1047,1781,190,102
121,1024,1783,190,102
122,1010,1783,195,103
123,988,1789,194,100
124,965,1790,198,100
125,958,1789,200,102
126,939,1789,196,103
127,923,1789,197,104
128,913,1786,196,104
129,898,1785,194,103
130,882,1785,191,104
131,865,1781,187,106
132,860,1776,181,110
133,833,1775,179,109
134,820,1767,172,110
135,808,1765,170,110
136,799,1762,170,112
137,782,1759,166,112
138,780,1757,166,112
139,759,1753,163,111
140,746,1750,161,110
141,739,1748,162,111
142,720,1744,157,110
143,705,1742,157,110
144,696,1740,157,110
145,680,1736,156,110
146,666,1732,155,110
147,651,1731,158,107
148,645,1725,155,106
149,626,1720,146,105
150,622,1718,144,105
151,607,1715,138,105
152,598,1711,135,105
153,591,1710,128,104
154,572,1705,127,103
155,565,1704,129,102
156,556,1699,126,101
157,541,1694,123,100
158,532,1692,125,99
159,524,1691,125,98
160,508,1684,119,97
161,505,1682,117,97
162,498,1680,116,97
163,482,1674,114,96
164,474,1671,112,95
165,468,1669,111,94
166,454,1663,107,93
167,445,1660,108,94
168,444,1658,104,92
169,431,1655,103,92
170,427,1651,101,91
171,424,1649,100,91
172,409,1644,100,89
173,408,1640,97,89
174,399,1638,97,88
175,390,1634,97,86
176,389,1633,98,86
177,374,1626,96,83
178,370,1626,97,84
179,367,1623,94,84
180,360,1617,92,83
181,355,1615,92,81
182,351,1613,92,81
183,344,1608,91,79
184,341,1605,91,78
185,339,1605,91,79
186,332,1600,90,77
187,329,1597,90,77
188,325,1594,90,76
189,321,1588,88,75
190,317,1585,88,75
191,317,1585,89,75
192,309,1577,89,73
193,305,1575,89,73
194,303,1574,89,71
195,297,1569,90,71
196,296,1565,93,72
197,294,1562,93,70
198,286,1559,93,70
199,287,1557,94,69
200,284,1554,94,68
201,281,1549,95,67
