1.0
0.961877667140825
0.9857142857142858
0.9046136427964903
0.9781201848998459
0.9457877714461728
0.9606006541778174
1.0
0.9853553260366887
0.9927803625862346
0.9927560092196246
0.9850746268656716
0.9370904325032765
0.9478944781255121
0.9632365572925614
0.9825540823447313
1.0
1.0
0.9885931558935361
0.973250336473755
1.0
0.9847328244274809
0.8910016977928693
0.9086475942782835
0.9242724867724867
0.8888888888888888
0.8497409326424871
0.9273781111489942
0.8699029126213592
0.8894702419882276
0.9094514210178454
0.9298597194388778
0.9298597194388778
0.9236449068635677
0.8853754940711462
0.8785974197816738
0.8785974197816738
0.8939814059696624
0.9749874097700185
0.9750529920104354
0.9296320206584894
0.940251572327044
0.9491525423728814
0.9285947179654386
0.9601042175541443
0.9817253868949621
1.0
0.9285252263906857
0.9378586653549762
1.0
0.910664249217076
0.9340659340659341
0.9594320486815415
0.9841050449205252
0.9581160639192599
0.9474384564204924
1.0
1.0
0.9815557337610264
0.9923787903356576
0.9637206328911619
0.9637206328911619
0.9669774055933007
0.9923787903356576
0.9815557337610264
0.9996756406097956
0.981414395967869
1.0
0.9339028776978417
1.0
0.9637960252657526
0.946124763705104
0.9744286399232859
0.9598482453367057
0.9456778460085026
1.0
0.9996838444514701
0.9537731516914129
0.9563727017762543
0.9810954920019389
0.9996838444514701
1.0
1.0
1.0
0.9561257021405799
0.9958266452648475
0.9811798197058358
0.9958266452648475
0.96
0.9445794846864366
0.9225660132836546
0.8586956521739131
0.7850884180340927
0.7857972457275593
0.7582417582417582
0.7388524852165574
0.6956248032735285
0.7142857142857143
0.6819898210474471
0.6819898210474471
0.6637973038817606
0.6530214424951267
0.6602069305304648
0.6377352093575183
0.6377352093575183
0.6439049064238745
0.6384097256448168
0.6384097256448168
0.6384097256448168
0.6236559139784946
0.6304347826086957
0.6384097256448168
0.6384097256448168
0.6553119730185497
0.6439049064238745
0.6439049064238745
0.6458467482292337
0.680814408770556
0.7312984342875217
0.7312984342875217
0.8117180347879158
0.8392471459426103
0.9067077872012336
0.9331408600516639
1.0
0.9815100154083205
0.9436255888162893
0.9574468085106383
0.9436255888162893
0.9363852556480381
0.9574468085106383
0.9705746418117394
0.9363852556480381
0.9574468085106383
0.9363852556480381
0.9363852556480381
0.9363852556480381
0.9363852556480381
0.9363852556480381
0.9363852556480381
0.9363852556480381
0.8958549992571683
0.9423347398030942
0.8958549992571683
0.8958549992571683
0.9285494302433015
0.9005541871921182
0.9139197000468676
0.9238787113076438
0.9481361426256077
0.9481361426256077
0.9139197000468676
0.9340571611049018
0.9340571611049018
0.9005541871921182
0.9719255416539517
0.9649624060150376
0.9523112931538912
0.9620689655172414
1.0
0.9673393930057002
1.0
0.9928560571515428
1.0
1.0
0.978494623655914
1.0
0.9673393930057002
0.9781201848998459
1.0
0.9605947955390335
0.9644609665427509
0.97442218798151
0.9423347398030942
0.9423347398030942
0.9705746418117394
0.9425535191744956
0.9565489215379807
0.9425535191744956
0.9425535191744956
0.9093610698365527
0.9093610698365527
0.9093610698365527
0.9093610698365527
0.9093610698365527
0.9261296076099881
0.881578947368421
0.8907791279485346
0.881578947368421
0.8720104362951152
0.850919377652051
0.850919377652051
0.7907709945543135
0.7848137535816619
0.7738381127277865
0.7822349570200573
0.7712953807034892
0.7752470992694457
0.7752470992694457
0.8105202809230329
0.8105202809230329
0.7991803278688525
0.8105202809230329
0.7991803278688525
0.7991803278688525
0.8087729357798165
0.8087729357798165
0.7974558303886926
0.7886925795053004
0.8285077951002228
0.8285077951002228
0.8285077951002228
0.8285077951002228
0.7886925795053004
0.7998853211009175
0.7356971323633281
0.7226361031518624
0.7125300183641757
0.7484790028194094
0.7125300183641757
0.7125300183641757
0.6885066885066885
0.7125300183641757
0.7226361031518624
0.7125300183641757
0.7226361031518624
0.7226361031518624
0.7226361031518624
0.6885066885066885
0.6885066885066885
0.6885066885066885
0.6885066885066885
0.7226361031518624
0.6885066885066885
0.6885066885066885
0.7226361031518624
0.6885066885066885
0.6885066885066885
0.7226361031518624
0.6885066885066885
0.6885066885066885
0.6885066885066885
0.6885066885066885
0.6885066885066885
0.7226361031518624
0.6567708333333333
0.6656988253926356
0.6567708333333333
0.6440245148110316
0.6186385526487049
0.6186385526487049
0.6186385526487049
0.6270448548812665
0.6186385526487049
0.6186385526487049
0.6323703996834191
0.6323703996834191
0.6323703996834191
0.6948257655755016
0.7349306431273644
0.836963610277814
0.8098182735991923
0.8483606557377049
0.8483606557377049
0.8483606557377049
0.8483606557377049
0.8483606557377049
0.7948116282101421
0.8056289640591966
0.8056289640591966
0.7880328509972624
0.7987579281183932
0.7987579281183932
0.8247261345852895
0.8359550561797753
0.8247261345852895
0.8359550561797753
0.8359550561797753
0.8247261345852895
0.8646431501230517
0.8834792122538293
0.8834792122538293
0.8925117435755734
0.8834792122538293
0.8458173865500274
0.8458173865500274
0.8458173865500274
0.8753713396520016
0.8753713396520016
0.8364083640836408
0.8779228231243724
0.8656294200848657
0.8656294200848657
0.8779228231243724
0.8656294200848657
0.8364083640836408
0.8746605688152065
0.8332649993166599
0.8623762376237624
0.8623762376237624
0.8504672897196262
0.8623762376237624
0.8504672897196262
0.8623762376237624
0.8504672897196262
0.8623762376237624
0.8851160158460668
0.8729641693811075
0.8608938547486034
0.8550212164073551
0.8261582615826158
0.8550212164073551
0.8787535410764873
0.9019772822885991
0.9094301708052246
0.8572600492206727
0.861088323762647
0.8785046728971962
0.8458173865500274
0.8746234399655717
0.7966706302021404
0.8216584627035214
0.8203736430194395
0.872371379447163
0.8327231410175483
0.8504561681872272
0.8487831555920153
0.8399179767600821
0.87554704595186
0.8531583264971287
0.8572600492206727
0.8572600492206727
0.8740598933406263
0.9046136427964903
0.8670859538784067
0.8502767652220872
0.9310938845822567
0.8870350109409191
0.9180467091295117
0.8750171115674196
0.8656294200848657
0.8656294200848657
0.8656294200848657
0.7738381127277865
0.7435517343611029
0.72961768770152
0.6858762399622107
0.6750279597379774
0.6259879860891558
0.5671930389945214
0.5502577319587629
0.47884151246983103
0.4626940410615924
0.4369059324811537
0.3843363561417972
0.0
0.0
0.0
0.0
0.0
0.0
0.0
0.0
0.0
0.0
0.0
0.0
0.0
0.0
0.0
0.0
0.0
0.0
0.0
0.0
0.0
0.0
0.0
0.0
0.0
0.0
0.0
0.0
0.0
0.0
0.0
0.0
0.0
0.0
0.0
0.0
0.0
0.0
0.0
0.0
0.0
0.0
0.0
0.0
0.0
0.0
0.0
0.0
0.0
0.0
0.0
0.0
0.0
0.0
0.0
0.0
0.0
0.0
0.0
0.0
0.0
0.0
0.0
0.0
0.0
0.0
0.0
0.0
0.0
0.0
0.0
0.0
0.0
0.0
0.0
0.0
0.0
0.0
0.0
0.0
0.0
0.0
0.0
0.0
0.0
0.0
0.0
0.0
0.0
0.0
0.0
0.0
0.0
0.0
0.0
0.0
0.0
0.0
0.0
0.0
0.0
0.0
0.0
0.0
0.0
0.0
0.0
0.0
0.0
0.0
0.0
0.0
0.0
0.0
0.0
0.0
0.0
0.0
0.0
0.0
0.0
0.0
0.0
0.0
0.0
0.0
0.0
0.0
0.0
0.0
0.0
0.0
0.0
0.0
0.0
0.0
0.0
0.0
0.0
0.0
0.0
0.0
0.0
0.0
0.0
0.0
0.0
0.0
0.0
0.0
0.0
0.0
0.0
0.0
0.0
0.0
0.0
0.0
0.0
0.0
0.0
0.0
0.0
0.0
0.0
0.0
0.0
0.0
0.0
0.0
0.0
0.0
0.0
0.0
0.0
0.0
0.0
0.0
0.0
