1,590,356,9,53
2,588,355,10,53
3,588,355,10,53
4,588,355,10,53
5,589,355,10,53
6,588,355,10,53
7,588,355,10,53
8,588,355,10,54
9,588,355,10,54
10,588,355,10,54
11,588,354,10,55
12,588,353,10,56
13,587,353,10,57
14,587,353,10,57
15,587,352,11,59
16,587,352,11,59
17,586,353,11,59
18,587,353,11,59
19,586,353,11,59
20,586,353,11,60
21,586,353,11,60
22,586,353,11,60
23,586,354,11,60
24,586,353,11,60
25,586,354,11,60
26,586,353,11,60
27,586,353,11,60
28,586,354,11,60
29,586,354,11,60
30,586,354,11,60
31,585,355,11,60
32,585,354,11,60
33,585,355,11,60
34,585,354,11,60
35,585,354,11,60
36,584,355,11,60
37,583,354,11,61
38,583,354,11,61
39,583,354,11,61
40,583,354,11,61
41,583,354,11,61
42,583,355,11,61
43,582,356,11,61
44,581,356,11,63
45,581,355,11,63
46,580,355,11,63
47,580,354,12,64
48,579,353,12,65
49,578,352,12,67
50,578,351,13,68
51,577,350,13,68
52,577,350,13,68
53,577,350,13,68
54,576,350,13,68
55,576,350,13,68
56,576,351,13,68
57,576,351,13,68
58,575,351,13,68
59,575,351,13,68
60,575,352,13,68
61,574,352,13,68
62,574,352,13,68
63,574,352,13,68
64,573,352,13,68
65,573,353,13,68
66,573,353,13,68
67,572,353,13,68
68,572,353,13,68
69,572,354,13,68
70,571,354,13,68
71,571,353,13,70
72,571,353,13,70
73,570,354,13,70
74,570,354,13,70
75,570,355,13,70
76,570,355,13,70
77,570,354,13,70
78,568,354,13,70
79,568,354,13,71
80,568,354,13,71
81,568,355,13,71
82,567,353,13,73
83,567,353,13,73
84,566,353,13,73
85,565,352,14,75
86,566,353,14,75
87,565,354,14,75
88,564,355,14,75
89,564,356,14,75
90,563,353,14,75
91,561,353,14,75
92,560,354,14,75
93,560,355,14,75
94,560,355,14,76
95,560,354,14,76
96,559,354,14,76
97,559,355,14,76
98,558,356,14,76
99,558,355,14,76
100,558,356,14,76
101,558,356,14,76
102,558,355,14,78
103,557,354,14,78
104,558,355,14,78
105,556,353,15,80
106,556,354,15,80
107,556,355,15,80
108,556,356,15,80
109,555,356,15,80
110,554,356,15,80
111,554,356,15,82
112,552,356,15,83
113,551,358,15,83
114,552,361,15,83
115,550,357,16,85
116,549,358,16,87
117,549,360,16,87
118,549,362,16,87
119,548,361,16,87
120,548,363,16,87
121,546,365,16,87
122,546,367,16,87
123,545,366,16,87
124,544,366,16,87
125,543,366,16,87
126,542,364,16,87
127,540,359,16,87
128,540,357,16,87
129,540,356,16,87
130,538,355,16,89
131,538,357,16,89
132,537,356,16,89
133,536,358,16,89
134,536,358,16,89
135,536,359,16,89
136,534,360,16,89
137,534,361,16,89
138,533,361,17,91
139,532,361,17,91
140,532,362,17,91
141,531,361,17,93
142,530,362,17,93
143,529,362,17,93
144,529,363,17,93
145,530,364,17,93
146,529,366,17,93
147,527,369,17,93
148,527,372,17,93
149,527,374,18,95
150,527,376,18,95
151,526,377,18,95
152,525,376,18,95
153,523,376,18,95
154,523,376,18,95
155,523,379,18,95
156,521,379,18,95
157,518,381,18,95
158,517,380,18,95
159,518,380,18,95
160,515,381,18,95
161,514,383,18,95
162,514,382,18,95
163,511,380,18,95
164,504,370,18,97
165,502,367,18,97
166,504,368,18,97
167,502,368,18,99
168,500,367,19,102
169,500,367,19,104
170,498,368,19,104
171,497,366,19,104
172,494,365,20,106
173,494,367,20,106
174,494,368,20,106
175,491,367,20,109
176,490,366,21,111
177,488,365,21,114
178,486,365,21,116
179,487,363,22,119
180,483,365,22,119
181,481,368,22,119
182,482,371,22,119
183,484,382,22,119
184,483,383,22,119
185,482,390,21,116
186,480,395,21,116
187,479,399,21,116
188,479,403,21,116
189,480,404,21,116
190,478,406,21,116
191,476,406,21,116
192,474,409,21,116
193,473,410,21,116
194,471,411,21,116
195,470,413,21,116
196,467,415,21,116
197,463,421,21,116
198,460,428,21,116
199,459,429,22,119
200,456,432,22,121
201,456,434,22,121
202,453,436,22,121
203,443,420,23,124
204,441,413,23,124
205,441,411,23,124
206,442,411,22,121
207,444,409,22,119
208,440,407,22,119
209,442,404,22,116
210,448,404,21,114
211,457,400,21,114
212,458,400,21,111
213,456,402,21,111
214,455,407,20,109
215,450,412,20,107
216,445,419,20,109
217,439,425,20,109
218,434,428,21,111
219,432,429,21,111
220,422,419,21,114
221,412,417,22,116
222,401,417,22,119
223,390,414,23,122
224,387,413,23,124
225,376,406,24,127
226,365,404,24,130
227,353,405,24,130
228,343,407,25,133
229,339,407,25,136
230,328,405,26,139
231,316,405,26,142
232,300,403,26,142
233,295,403,27,145
234,290,400,28,148
235,284,406,28,148
236,276,404,28,148
237,265,402,28,148
238,253,398,28,151
239,250,397,28,151
240,240,387,28,151
241,229,381,28,151
242,220,382,29,155
243,210,389,28,151
244,208,395,28,148
245,199,400,27,145
246,191,402,27,145
247,181,404,27,145
248,169,405,27,145
249,165,406,28,148
250,159,407,28,148
251,152,409,28,148
252,145,409,28,148
253,135,410,27,145
254,127,408,27,145
255,125,407,27,145
256,121,402,27,145
257,115,397,28,148
258,110,400,28,148
259,103,404,28,148
260,102,404,28,148
261,99,404,28,148
262,91,403,28,152
263,89,401,28,152
264,82,399,29,155
265,80,398,29,155
266,73,399,28,152
267,72,397,28,152
268,65,396,28,152
269,57,392,29,155
270,54,393,28,152
271,46,399,28,148
272,38,406,28,148
273,29,406,28,152
274,24,403,29,155
275,19,402,30,159
276,16,402,30,162
277,14,399,31,166
278,12,397,31,166
279,10,398,31,166
280,9,398,31,166
281,7,398,31,166
282,6,395,31,166
283,1278,392,32,166
284,1271,391,33,169
285,1270,389,33,173
286,1268,386,34,177
287,1264,384,34,177
288,1260,381,34,177
289,1258,377,35,181
290,1256,376,35,181
291,1254,373,35,181
292,1252,369,35,181
293,1248,365,35,181
294,1243,357,34,185
295,1243,353,35,189
296,1240,349,36,193
297,1236,347,36,193
298,1235,348,36,193
299,1233,346,36,193
300,1234,348,36,193
301,1231,345,36,193
302,1231,342,36,193
303,1227,341,36,193
304,1226,340,36,193
305,1226,337,36,193
306,1225,337,36,193
307,1223,336,36,193
308,1223,336,36,193
309,1222,335,36,193
310,1222,333,36,193
311,1220,334,36,193
312,1221,331,36,193
313,1219,329,36,193
314,1218,326,36,193
315,1217,327,36,193
316,1215,326,36,193
317,1213,327,36,193
318,1214,330,36,193
319,1212,326,36,193
320,1211,334,35,189
321,1211,331,35,189
322,1208,327,35,189
323,1208,328,35,189
324,1205,328,35,189
325,1206,327,35,189
326,1201,328,35,185
327,1202,327,35,185
328,1201,327,35,185
329,1200,325,35,185
330,1198,330,34,181
331,1197,323,35,185
332,1197,325,34,181
333,1196,330,33,177
334,1196,332,32,173
335,1196,331,32,173
336,1196,335,32,170
337,1196,332,32,170
338,1194,335,31,166
339,1195,335,30,163
340,1195,337,30,163
341,1195,336,30,163
342,1195,335,30,163
343,1194,336,30,163
344,1194,335,30,163
345,1194,336,30,163
346,1194,337,30,159
347,1194,340,29,156
348,1193,339,29,156
349,1192,336,29,156
350,1193,340,28,152
351,1193,337,28,152
352,1191,336,28,152
353,1191,335,28,152
354,1191,335,28,152
355,1191,335,28,152
356,1189,333,28,152
357,1188,334,28,152
358,1188,334,28,149
359,1188,335,28,149
360,1188,336,28,149
361,1187,336,27,146
362,1187,337,27,146
363,1186,337,27,146
364,1183,341,27,143
365,1184,342,26,140
366,1183,342,26,140
367,1180,341,26,140
368,1178,341,25,137
369,1177,343,25,137
370,1177,342,25,134
371,1177,340,25,134
372,1174,336,25,137
373,1172,337,25,137
374,1170,338,25,137
375,1170,337,25,137
376,1168,334,26,140
377,1166,335,26,140
378,1166,334,26,140
379,1163,333,26,140
380,1164,331,26,140
381,1161,331,26,140
382,1159,331,26,140
383,1158,328,26,140
384,1156,329,27,143
385,1155,328,27,143
386,1154,324,27,146
387,1152,325,27,146
388,1149,322,27,146
389,1148,321,28,149
390,1148,321,28,149
391,1144,319,28,149
392,1142,320,28,149
393,1140,317,28,149
394,1139,312,28,149
395,1140,315,28,149
396,1138,317,28,149
397,1136,318,28,149
398,1135,312,28,149
399,1132,314,28,149
400,1133,317,28,149
401,1131,319,27,146
402,1129,321,27,146
403,1128,323,27,146
404,1127,318,27,146
405,1127,320,27,146
406,1123,323,27,146
407,1121,325,27,146
408,1119,328,27,146
409,1115,323,27,146
410,1114,325,27,146
411,1112,323,27,146
412,1110,319,27,146
413,1108,321,27,146
414,1106,322,27,143
415,1106,324,26,140
416,1106,322,26,140
417,1103,327,25,137
418,1102,324,25,137
419,1099,325,25,137
420,1099,325,26,140
421,1097,323,26,140
422,1093,325,26,140
423,1091,328,26,140
424,1090,330,25,137
425,1089,328,25,134
426,1087,329,25,134
427,1085,325,25,134
428,1082,330,24,131
429,1080,328,24,128
430,1081,326,23,126
431,1079,324,23,126
432,1077,326,23,126
433,1074,324,23,126
434,1071,324,23,126
435,1073,325,23,126
436,1071,326,23,126
437,1068,328,23,126
438,1066,325,23,126
439,1063,322,23,126
440,1065,325,23,126
441,1063,322,23,126
442,1061,325,23,126
443,1056,328,23,126
444,1053,329,23,126
445,1054,328,23,126
446,1052,331,23,126
447,1050,329,23,126
448,1046,328,23,126
449,1043,330,23,126
450,1044,333,23,126
451,1041,333,23,126
452,1039,330,23,126
453,1036,336,23,123
454,1031,334,23,123
455,1031,334,23,123
456,1031,335,23,123
457,1029,335,23,123
458,1027,335,23,123
459,1026,335,23,123
460,1026,333,23,123
461,1024,333,23,123
462,1023,331,23,123
463,1020,330,23,123
464,1017,333,23,123
465,1017,330,23,123
466,1016,329,23,123
467,1013,327,23,123
468,1011,329,23,123
469,1011,327,23,123
470,1009,325,23,123
471,1008,326,23,123
472,1007,329,23,123
473,1007,330,23,123
474,1005,330,23,123
475,1004,330,23,123
476,1003,330,23,123
477,1001,330,23,123
478,998,333,23,123
479,998,330,23,123
480,997,329,23,123
481,996,330,23,123
482,992,328,23,123
483,988,327,23,123
484,986,329,23,123
485,986,327,23,123
486,985,326,23,123
487,983,324,23,123
488,981,326,23,123
489,979,325,23,123
490,977,329,23,123
491,976,327,23,123
492,974,327,23,123
493,973,328,23,123
494,970,326,23,123
495,969,326,23,123
496,970,324,23,123
497,967,326,23,123
498,963,326,23,123
499,960,324,23,123
500,960,325,23,123
501,960,325,23,123
502,958,325,22,120
503,956,325,22,118
504,956,326,21,115
505,955,329,21,113
506,955,329,20,110
507,954,330,20,110
508,952,331,20,110
509,951,332,20,110
510,951,333,20,108
511,951,334,20,106
512,950,334,20,106
513,948,335,20,106
514,947,335,20,106
515,946,336,20,106
516,945,338,19,103
517,944,338,19,103
518,943,337,19,103
519,942,338,19,101
520,941,338,18,99
521,941,341,18,97
522,939,340,18,97
523,939,340,17,95
524,937,339,17,95
525,936,339,17,95
526,936,338,17,95
527,936,337,17,95
528,934,336,17,93
529,932,337,17,93
530,932,336,17,93
531,932,337,17,93
532,931,335,17,93
533,930,337,17,93
534,928,337,17,93
535,927,337,17,91
536,928,339,17,91
537,927,337,17,91
538,927,336,17,91
539,926,337,17,91
540,925,337,17,91
541,925,336,17,91
542,924,336,17,91
543,923,336,17,91
544,922,336,17,91
545,920,336,17,93
546,920,335,17,93
547,920,334,17,93
548,919,335,17,93
549,918,335,17,93
550,917,336,17,93
551,918,335,17,93
552,917,335,17,93
553,916,335,17,93
554,916,334,17,93
555,914,334,17,93
556,913,334,17,93
557,914,333,17,93
558,913,336,17,91
559,912,336,16,89
560,912,335,16,89
561,911,334,16,89
562,910,335,16,89
563,909,335,16,89
564,908,334,16,89
565,908,335,16,89
566,908,334,16,89
567,907,335,16,89
568,907,336,16,87
569,907,336,16,87
570,907,335,16,87
571,907,335,16,87
572,907,336,16,87
573,906,336,16,85
574,906,336,16,85
575,905,338,15,83
576,905,337,15,83
577,905,339,15,82
578,905,339,15,80
579,904,339,15,80
580,905,338,15,80
581,904,339,14,78
582,905,340,14,78
583,904,341,14,76
584,904,341,14,76
585,903,341,14,76
586,903,341,14,76
587,903,341,14,76
588,903,342,14,75
589,902,343,13,73
590,902,345,13,72
591,902,344,13,72
592,902,343,13,72
593,902,343,13,72
594,901,343,13,72
595,900,343,13,72
596,900,343,13,70
597,900,343,13,70
598,900,342,13,70
599,899,342,13,70
600,899,344,13,69
601,900,344,13,69
602,899,343,13,69
603,899,343,13,69
604,899,344,13,69
605,899,343,13,69
606,899,344,13,69
607,899,343,13,69
608,899,344,13,69
609,899,343,13,69
610,898,343,13,69
611,898,344,13,69
612,899,343,13,69
613,898,344,12,67
614,898,343,12,67
615,898,344,12,67
616,898,343,12,67
