1.0
0.916615194564546
0.950345694531741
0.8673469387755102
0.7437070938215103
0.9163784973278843
0.9824390243902439
0.998084902649218
1.0
0.851493848857645
0.883386121508782
0.7931135962330783
0.947267497603068
0.8719211822660099
0.7364341085271318
0.7635933806146572
0.9030612244897959
0.9184202940328625
0.8322630362188543
0.8595988538681948
0.7607882264903966
0.8749003984063745
0.7624633431085044
0.7886904761904762
0.8420245398773006
0.8022406234778373
0.8141374196737519
0.8294190358467244
0.7318373694734503
0.7579462102689487
0.744
0.733630289532294
0.7559268457891172
0.7449557923373384
0.7698321453207634
0.7294117647058823
0.7344658024139472
0.7146211312700107
0.6219709208400647
0.7088788870703764
0.7088788870703764
0.738121067476676
0.7090454355981659
0.7090454355981659
0.6508474576271186
0.6160427807486631
0.6063090358224915
0.5688888888888889
0.5688888888888889
0.5644901897716308
0.5750361910889497
0.5644901897716308
0.5755985569039029
0.5489521426337192
0.5414995371798828
0.5095079111627232
0.5342465753424658
0.5342465753424658
0.541888398966094
0.479870741887707
0.479870741887707
0.4627369514411841
0.4698091156992598
0.4768831168831169
0.46671826625387
0.4737453231841053
0.498478561549101
0.42570281124497994
0.4466501240694789
0.41631284916201117
0.40475670957887844
0.3874538745387454
0.393029215786776
0.37641292387716313
0.39142419601837675
0.40521104742053154
0.37935091675654475
0.389988128215275
0.351242983159583
0.0
0.0
0.0
0.0
0.0
0.0
0.0
0.0
0.0
0.0
0.0
0.0
0.0
0.0
0.0
0.0
0.0
0.0
0.0
0.0
0.0
0.0
0.0
0.0
0.0
0.0
0.0
0.0
0.0
0.0
0.0
0.0
0.0
0.0
0.0
0.0
0.0
0.0
0.0
0.0
0.0
0.0
0.0
0.0
0.0
0.0
0.0
0.0
0.0
0.0
0.0
0.0
0.0
0.0
0.0
0.0
0.0
0.0
0.0
0.0
0.0
0.0
0.0
0.0
0.0
0.0
0.0
0.0
0.0
0.0
0.0
0.0
0.0
0.0
0.0
0.0
0.0
0.0
0.0
0.0
0.0
0.0
0.0
0.0
0.0
0.0
0.0
0.0
0.0
0.0
0.0
0.0
0.0
0.0
0.0
0.0
0.0
0.0
0.0
0.0
0.0
0.0
0.0
0.0
0.0
0.0
0.0
0.0
0.0
0.0
0.0
0.0
0.0
0.0
0.0
0.0
0.0
0.0
0.0
0.0
0.0
0.0
