1.0
1.0
1.0
0.9904511030622325
0.9496047430830039
0.9697381842910575
1.0
1.0
0.9132244636567403
0.9797320508416352
0.8934316353887399
0.8619367209971237
0.8953068592057761
0.8428527323247916
0.9106412005457026
0.9197382018601447
0.9173036831132731
0.9475512330670371
0.8845388188453882
0.9015544041450777
0.8623789764868603
0.8314917127071824
0.8800139518660621
0.8543853708093464
0.8543853708093464
0.9106769016050245
0.9106769016050245
0.8702023726448012
0.8998953610045344
0.8998953610045344
0.8998953610045344
0.8702023726448012
0.8702023726448012
0.8702023726448012
0.8998953610045344
0.9090909090909091
0.8787878787878788
0.8682634730538922
0.8682634730538922
0.8682634730538922
0.8769121309142653
0.8769121309142653
0.8769121309142653
0.8769121309142653
0.8875444839857651
0.9046064562930721
0.8955116696588868
0.8955116696588868
0.8955116696588868
0.926391382405745
0.9079189686924494
0.9079189686924494
0.9079189686924494
0.9688449848024316
0.9688449848024316
0.9367859862909368
0.9265536723163842
0.8973584905660378
0.9333333333333333
0.9991701244813278
0.9283347141673571
0.9617058311575283
0.9617058311575283
0.9617058311575283
0.8917331095258078
0.9499782514136581
0.947136563876652
0.828646748681898
0.8896797153024911
0.9741648106904232
0.986468200270636
0.9259259259259259
0.8961838325810423
0.77979948013368
0.6492753623188405
0.6492753623188405
0.588
0.588
0.588
0.588
0.5199628597957289
0.4646288209606987
0.4099913867355728
0.41976679622431984
0.41976679622431984
0.4296675191815857
0.41243862520458263
0.4007333682556312
0.3866565579984837
0.4082406471183013
0.4082406471183013
0.3297769156159069
0.3297769156159069
0.3297769156159069
0.3297769156159069
0.3297769156159069
0.32411820781696854
0.32411820781696854
0.33073929961089493
0.2892561983471074
0.2892561983471074
0.2892561983471074
0.2892561983471074
0.2892561983471074
0.2892561983471074
0.2892561983471074
0.2892561983471074
0.2892561983471074
0.2892561983471074
0.2892561983471074
0.2892561983471074
0.2892561983471074
0.2892561983471074
0.2892561983471074
0.2892561983471074
0.2867593269934162
0.28107074569789675
0.28107074569789675
0.27865707434052756
0.40035542015740033
0.40035542015740033
0.40035542015740033
0.37918781725888323
0.37918781725888323
0.37918781725888323
0.37918781725888323
0.37918781725888323
0.37918781725888323
0.37918781725888323
0.37918781725888323
0.37918781725888323
0.37918781725888323
0.37918781725888323
0.37918781725888323
0.37918781725888323
0.37918781725888323
0.37918781725888323
0.37918781725888323
0.37918781725888323
0.37918781725888323
0.37918781725888323
0.37918781725888323
0.3754769778682269
0.3754769778682269
0.3754769778682269
0.3510068824878919
0.3510068824878919
0.3510068824878919
0.3510068824878919
0.3510068824878919
0.3510068824878919
0.44726670347874103
0.44726670347874103
0.44726670347874103
0.4376012965964344
0.4376012965964344
0.4376012965964344
0.4376012965964344
0.4376012965964344
0.4376012965964344
0.4376012965964344
0.4376012965964344
0.41125541125541126
0.4068853347790729
0.4068853347790729
0.4068853347790729
0.4068853347790729
0.4068853347790729
0.4068853347790729
0.4068853347790729
0.4068853347790729
0.4068853347790729
0.4825097168239867
0.4825097168239867
0.4825097168239867
0.4825097168239867
0.4825097168239867
0.4825097168239867
0.4825097168239867
0.4825097168239867
0.4825097168239867
0.4825097168239867
0.4825097168239867
0.4825097168239867
0.4825097168239867
0.4604496253122398
0.4604496253122398
0.4604496253122398
0.4604496253122398
0.45069274653626734
0.45069274653626734
0.45069274653626734
0.45069274653626734
0.45069274653626734
0.45069274653626734
0.45069274653626734
0.45069274653626734
0.45069274653626734
0.45069274653626734
0.45069274653626734
0.45069274653626734
0.45069274653626734
0.45069274653626734
0.45069274653626734
0.5406129128235644
0.5169541939321832
0.5052325581395349
0.5052325581395349
0.5052325581395349
0.5052325581395349
0.5052325581395349
0.5052325581395349
0.5052325581395349
0.5052325581395349
0.5052325581395349
0.5110336817653891
0.5110336817653891
0.5110336817653891
0.5110336817653891
0.5110336817653891
0.5110336817653891
0.5110336817653891
0.5110336817653891
0.5110336817653891
0.5110336817653891
0.5110336817653891
0.534417659018298
0.5469678953626635
0.5469678953626635
0.5469678953626635
0.5841495992876224
0.5985401459854015
0.6236689990873137
0.597667638483965
0.6367980884109916
0.6367980884109916
0.6525198938992043
0.7021148036253776
0.6756104914078988
0.584342438749648
0.5944474686989657
0.5793347873500545
0.6612948041122534
0.6377277599142551
0.574473615804523
0.5934479054779807
0.5809301117173292
0.5255438768027377
0.564512103818318
0.599234693877551
0.6355335246543178
0.6735184196476242
0.6420664206642066
0.5284974093264249
0.5587693925848015
0.5989159891598916
0.6317093311312965
0.6734080349822356
0.5855735959542188
0.5017352503718394
0.5127945274892324
0.53522554485555
0.5472920445711325
0.5159420289855072
0.5353033472803347
0.5480589022757697
0.5533279871692061
0.5773857257417803
0.558252427184466
0.5825242718446602
0.5880452342487884
0.6279326524979298
0.5957108816521048
0.6258047901107391
0.6049290515309933
0.6110420293459339
0.6483460559796438
0.583291520321124
0.6162079510703364
0.645473041709054
0.6568677141409022
0.540139211136891
0.5712603062426383
0.5938309394866965
0.5416384563303994
0.5588756086764055
0.5588756086764055
0.5588756086764055
0.4674984906419803
0.43280093494351385
0.43280093494351385
0.45238558909444987
0.45238558909444987
0.45238558909444987
0.45238558909444987
0.45238558909444987
0.40277250284846183
0.4057586664140936
0.4057586664140936
0.3493537229200801
0.3493537229200801
0.3493537229200801
0.2739911834520176
0.2739911834520176
0.29096763260464326
0.29096763260464326
0.2451781627983001
0.2451781627983001
0.17240319606637983
0.12162361623616236
0.12162361623616236
0.057617728531855955
0.057617728531855955
0.014006379142976009
0.014006379142976009
0.0
0.0
0.0
0.0
0.0
0.0
0.0
0.0
0.0
0.0
0.0
0.0
0.0
0.0
0.0
0.0
0.0
0.0
0.0
0.0
0.0
0.0
0.0
0.0
0.0
0.0
0.0
0.0
0.0
0.0
0.0
0.0
0.0
0.0
0.0
0.0
0.0
0.0
0.0
0.0
0.0
0.0
0.0
0.0
0.0
0.0
0.0
0.0
0.0
0.0
0.0
0.0
0.0
0.0
0.0
0.0
0.0
0.0
0.0
0.0
0.0
0.0
0.0
0.0
0.0
0.0
0.0
0.0
0.0
0.0
0.0
0.0
0.0
0.0
0.0
0.0
0.0
0.0
0.0
0.0
0.0
0.0
0.0
0.0
0.0
0.0
0.0
0.0
0.0
0.0
0.0
0.0
0.0
0.0
0.0
0.0
0.0
0.0
0.0
0.0
0.0
0.0
0.0
0.0
0.0
0.0
0.0
0.0
0.0
0.0
0.0
0.0
0.0
0.0
0.0
0.0
0.0
0.0
0.0
0.0
0.0
0.0
0.0
0.0
0.0
0.0
0.0
0.0
0.0
0.0
0.0
0.0
0.0
0.0
