1.0
0.9273434177753478
0.8961533881148029
0.8745932124593212
0.8641975308641975
0.849802371541502
0.8465049928673324
0.7915135315736719
0.7816964285714286
0.7787846778228721
0.7718376020579354
0.8087880251086431
0.7903245120344868
0.7751937984496124
0.8367233384853169
0.8470926957501408
0.8506064986487336
0.8312342569269522
0.8259530227185213
0.773870636550308
0.7658115316230633
0.7546933667083855
0.725808450006195
0.7226299882810091
0.7124353906962603
0.7331205806895689
0.7243676742751388
0.7326546003016591
0.7434474842165678
0.7545631067961165
0.7694033790918691
0.7812625653397668
0.7072222966635401
0.7182906913445836
0.7214817852504956
0.6004188340201311
0.6004188340201311
0.5939588345362202
0.5877140778945976
0.5732344405030635
0.5732344405030635
0.48446010893944247
0.48890900860117703
0.49344037595457213
0.49573770491803276
0.48205465920316104
0.4622379388734529
0.4664797348967627
0.4730515703761148
0.5205928646379853
0.5281437125748503
0.5238347457627118
0.5262737794332846
0.5365159015392962
0.5394790672303287
0.5963340122199593
0.5902829110946844
0.5844311377245509
0.5930326762084797
0.5844311377245509
0.5769230769230769
0.5911778080945884
0.6024495200264813
0.6308571428571429
0.6224393910919
0.6053737890696399
0.5998913240355008
0.6173285198555957
0.6259073143495254
0.6148550495799912
0.6176638538163822
0.5695657843265093
0.5805036879526879
0.507136575796523
0.5095493781009991
0.4924817216167747
0.4980121364302155
0.5180853367987871
0.536643733173796
0.556235950701496
0.5668025905492924
0.5828811050814011
0.60183377196706
0.5916393159440317
0.6095390638903719
0.5505207381691942
0.5573436921938587
0.5003822629969419
0.5100331190337035
0.47797089733225545
0.4874278647980214
0.5151944232654395
0.5309833857207005
0.5632293403191236
0.577392578125
0.5725867747656448
0.5917004843565912
0.6264469562848972
0.6238519533927348
0.641076207916608
0.6698986337593653
0.6384500745156483
0.6716839134524929
0.7341040462427746
0.751232336510023
0.6935405536668285
0.6991281460766573
0.7101229577227556
0.7322710558571178
0.7778203409308562
0.7859492935939617
0.7633832976445396
0.7250847457627119
0.6227347611202636
0.6150341685649203
0.6027504297546492
0.607497243660419
0.5134370579915134
0.5100702576112413
0.5179658952496955
0.5082163131162235
0.3928150765606596
0.3904009364940006
0.4670021567217829
0.47835051546391755
0.513425789318383
0.5326802387876932
0.5112316034082107
0.5179720609009575
0.5344129554655871
0.5480817140009965
0.5528263795423957
0.564217032967033
0.5617094017094018
0.5801553672316384
0.5506216696269982
0.5585585585585585
0.554561717352415
0.5691206168533137
0.469082757332337
0.46005862953462806
0.47928994082840237
0.4863451481696688
0.5035091237216763
0.5178387296349762
0.5178387296349762
0.5217120299189695
0.5330078539588198
0.5290771175726928
0.4897917096308517
0.493455225431124
0.4797979797979798
0.4762382193703629
0.4634146341463415
0.47273089171974525
0.40060583112457404
0.4029708626928204
0.3878880797240322
0.38002253098009764
0.4031375410434148
0.39791141519625495
0.3789055103200151
0.38143347312237896
0.38606984371985337
0.4407648334318943
0.45688598283612586
0.46017699115044247
0.5263157894736842
0.5226271525830998
0.5070171970745206
0.48588747868914567
0.445993031358885
0.4333270641339101
0.43876383059900803
0.4516002356175142
0.4417979254706108
0.4417979254706108
0.4417979254706108
0.4417979254706108
0.4316546762589928
0.4412618540739307
0.412674174460775
0.409935532802427
0.37168141592920356
0.3741470811220622
0.3818424566088118
0.3870094722598105
0.39231824417009603
0.38381901840490795
0.3963187781476405
0.39913232104121477
0.4807692307692308
0.4878048780487805
0.49504950495049505
0.4849464538290564
0.49230769230769234
0.49989585503020206
0.43110838946723823
0.4379017209205888
0.4297924297924298
0.43672456575682383
0.5048543689320388
0.513337534131485
0.5134453781512605
0.5224454895254382
0.46404518792092114
0.47246184472461844
0.489010989010989
0.489010989010989
0.49353049907578556
0.498134328358209
0.5474293989862419
0.6600532300992016
0.6600532300992016
0.6527977044476327
0.6467661691542289
0.6830508474576271
0.6545243619489559
0.6545243619489559
0.6977956861815596
0.6484962406015038
0.6474296799224054
0.6534508076358296
0.6571056062581486
0.6461538461538462
0.6313328137178488
0.6772373018005913
0.6157894736842106
0.6890894175553732
0.6526289558933466
0.6184404119666503
0.7072987208427389
0.7484448867877581
0.7149988115046352
0.7023114639271538
0.6985342375847736
0.7124945957630783
0.7501535941019865
0.7671288743882545
0.6985495883967072
0.6662180349932705
0.7257334120889939
0.7151726814124951
0.7338298706389651
0.717104003064547
0.6543744120413922
0.6434782608695652
0.697954711468225
0.6885245901639344
0.7002509860164934
0.7280521901211556
0.6114798906677079
0.6342648845686513
0.5627118644067797
0.5758889852558543
0.5118000925497455
0.5089737689829729
0.46946054391440034
0.4535860435063537
0.42316064431867656
0.42316064431867656
0.4780361757105943
0.4678609062170706
0.5789473684210527
0.5624742268041237
0.5261895241903238
0.5149677166894933
0.5054734011907048
0.5117635621232743
0.5231564301331744
0.5400082068116536
0.532901397043936
0.5379113018597997
0.5279839518555667
0.5231564301331744
0.574070351758794
0.5775530839231547
0.6023856858846919
0.5972797161442933
0.6019996154585656
0.5831626001117527
0.525330396475771
0.5066383430695698
0.5179153094462541
0.5222627737226277
0.5266838424733161
0.5311804008908686
0.5289936401047513
0.5289936401047513
0.5984555984555985
0.5984555984555985
0.5804540967423495
0.5942995755003032
0.6597264747907736
0.6597264747907736
0.7321089297023432
0.7256748273697426
0.7256748273697426
0.7438867438867439
0.7374016585158409
0.7374016585158409
0.7310286677908938
0.7310286677908938
0.7310286677908938
0.7153099957823703
0.6977988068298704
0.691821333877218
0.6636085626911316
0.6579745300181928
0.6477611940298508
0.6533520674427941
0.6811244979919678
0.6811244979919678
0.6752936492136173
0.691821333877218
0.6977988068298704
0.6977988068298704
0.6719082022949426
0.6661049083631767
0.6690361697679281
0.6690361697679281
0.6680752165645468
0.6554726368159204
0.5511642811365093
0.5437302423603794
0.43541364296081275
0.4259634888438134
0.43102365501360684
0.43948772678762005
0.48824163969795037
0.48824163969795037
0.4948545861297539
0.5066422354557948
0.5273677038382921
0.5350230414746544
0.5533167308127689
0.5481049562682215
0.5429904465674295
0.6036371603856266
0.5910683012259195
0.5910683012259195
0.5489000217817469
0.5542115680668572
0.5926412614980289
0.5910878112712975
0.4790634849167042
0.47320435846119635
0.42439356155066876
0.4340366334338048
0.4880981005049291
0.4931972789115646
0.509090909090909
0.503874031492127
0.5294421487603306
0.5450485946939848
0.5478353821485836
0.557974959172564
0.5545478794345159
0.5267054468535166
0.5638719915366305
0.6481178396072013
0.6004540295119183
0.6004540295119183
0.6514657980456026
0.6514657980456026
0.6314532975231274
0.6314532975231274
0.558343057176196
0.5473262796682871
0.5307152875175316
0.5307152875175316
0.4879416713404375
0.4743729552889858
0.529046203728722
0.5096304008328996
0.482812909997376
0.46523388116308473
0.44438669438669437
0.4449648711943794
0.5139286644103098
0.5047302480184096
0.5157329240214888
0.5055165496489469
0.6370481927710844
0.6313432835820896
0.6176090885618384
0.599949836970153
0.5346878097125867
0.636568848758465
0.6057669008965351
0.5958055290753098
0.65663375872863
0.6305202312138728
0.7149240393208222
0.7142193308550185
0.6764295676429568
0.6764295676429568
0.6399826914755518
0.5924294011616262
0.498348623853211
0.49018567639257293
0.5626357711803042
0.5606006435466572
0.551219512195122
0.5264559068219634
0.4631508900349359
0.45357436318816763
0.4945811113022536
0.4986990459670425
0.5600858369098712
0.5618838992332968
0.408619749045281
0.4178133134994422
0.5071338269821203
0.48675379724478984
0.5389504267296169
0.5018094089264173
0.42961418143899893
0.42961418143899893
0.4119089316987741
0.3988468712904867
0.3649197106052585
0.5069191551347414
0.5165562913907285
0.5327868852459017
0.0
0.0
0.5933503836317136
0.598838459883846
0.5972477064220183
0.6074177746675997
0.5400095831336847
0.5703144040945649
0.5548968460991226
0.5499412455934195
0.48790419161676646
0.48361823361823364
0.5187559354226021
0.5187559354226021
0.4810810810810811
0.468099702721244
0.4613788332949043
0.44535944803026933
0.4289661524291964
0.4217794883405026
0.36585365853658536
0.36348949919224555
0.42384993300580615
0.43234624145785877
0.38482507950931394
0.38412698412698415
0.471976401179941
0.471976401179941
0.5256998623221661
0.5200908059023837
0.4838709677419355
0.5063591291226558
0.5637684255500961
0.5408895265423243
0.6641159887233186
0.6588094286855773
0.7334641805691855
0.7114030078050638
0.7048283666540928
0.6840563792787846
0.6965376782077393
0.6965376782077393
0.6965376782077393
0.6965376782077393
0.6842891836353446
0.6989124212936463
0.6242390702822358
0.6432237217259076
0.6223404255319149
0.6415981198589894
0.6336975273145485
0.6533596837944664
0.6643437862950058
0.6785290628706999
0.624113475177305
0.624113475177305
0.5410488245931284
0.5498036415565869
0.5334792920999818
0.5286566624480202
0.6128973988439307
0.6244019138755981
0.598804564390509
0.5792693899586108
0.5700764470331271
0.5755237045203969
0.5225459268881054
0.5225459268881054
0.5087719298245614
0.5191124370688047
0.5158388003748828
0.5263754963131027
0.48294786358290864
0.47853952223732765
0.4928786359077232
0.4975698663426488
0.5489309210526315
0.5542869005605149
0.5532532117695814
0.5588112180828798
0.5530038958376051
0.5648167539267016
0.5591955214596724
0.5475030450669914
0.5421105527638191
0.5368232484076433
0.5265521280749708
0.5166666666666667
0.49732620320855614
0.49635833940276763
0.4979905005480453
0.4929325460726427
0.48265592151366504
0.5015828350334154
0.4873035066505441
0.4753791105810189
0.48259052924791085
0.48320413436692505
0.48208981303512144
0.4930307362401716
0.5761316872427984
0.5808080808080808
0.5599268069533394
0.5599268069533394
0.5101860053144376
0.5141938939475094
0.4562751555067691
0.4600627190555248
0.4718123344684071
0.4506112943916165
0.49151550614394385
0.5004965243296922
0.5262512768130746
0.5363314595044764
0.47199170124481327
0.47111203147649616
0.47613168724279836
0.4778613199665831
0.4851301115241636
0.4985312631137222
0.4857444561774023
0.4857444561774023
0.4808697470206983
0.4683961292979205
0.5397774113767518
0.5483937823834197
0.5076923076923077
0.5133789670192906
0.5435294117647059
0.5467682093341144
0.5661850839515814
0.5696227148969273
0.4939574141569154
0.5011565150346955
0.525599848856981
0.5231973169368362
0.5210326773785882
0.4873980054397099
0.4791666666666667
0.46694429984383135
0.4190057490700034
0.4754918306102034
0.5656565656565656
0.517879548306148
0.5690667490729295
0.4771415889924545
0.4786238664171585
0.4720999574045151
0.4832792436856216
0.4800280308339173
0.4800280308339173
0.4736550961139538
0.5112781954887218
0.5078838174273859
0.576437587657784
0.576437587657784
0.6477125126280848
0.6338983050847458
0.5353592729338256
0.5241935483870968
0.4955506117908788
0.4854263143557614
0.5229007633587787
0.5229007633587787
0.44626743232157506
0.5890373602399782
0.6386319035604149
0.6342753724070722
0.6661059714045416
0.6524783742963065
0.5541455160744501
0.5465924895688457
0.5546995377503852
0.5546995377503852
0.5990246545651585
0.5454791553871142
0.5204028925619835
0.5169317598768599
0.5169317598768599
0.513506625891947
0.5075615548056492
0.5075615548056492
0.4979767014101778
0.5042215048423144
0.5009251264339459
0.5009251264339459
0.49593398708442954
0.49933774834437084
0.5175292153589316
0.5052386495925495
0.6125725999316707
0.5902556787007571
0.6082627118644067
0.5836552144744866
0.6195936431301549
0.6096595407759303
0.5178140388143285
0.5150787552823665
0.4757018934800858
0.4337129840546697
0.4745762711864407
0.4745762711864407
0.4770541357515801
0.48828051753234575
0.4852093023255814
0.4877957542317404
0.5211817168338907
0.5177664974619289
0.4856247696277184
0.48018223234624147
0.4894227321620653
0.48693480781236065
0.5222133546155893
0.5168056164984642
0.564430244941427
0.564430244941427
0.5763688760806917
0.5732152162584679
0.6250534416417273
0.6252138214163531
0.6235498839907193
0.6171067738231917
0.6127224785761372
0.6159198210883791
0.6099118764653569
0.6257001379982141
0.613997555012225
0.6358871589332511
0.573474801061008
0.591187270501836
0.5862457722660653
0.5929304446978335
0.5644562334217507
0.5603472030862496
0.5062289125356865
0.49619297459850276
0.5052372150338879
0.5024180548092424
0.5121776504297995
0.5100478468899522
0.5022699590300077
0.5093465766419285
0.4818756235450615
0.5064722175117291
0.49278503393600637
0.4769291739795052
0.4808768124215093
0.4958886780518659
0.46465105705842236
0.4787697957310076
0.4431722512207442
0.43073811931243683
0.45093574720941854
0.4595414699932569
0.42562075492706825
0.43601709209490613
0.4308107197033541
0.44405276324766885
0.45303370786516856
0.4520632775995046
0.4568205851251322
0.4445997902831178
0.4708185053380783
0.4623190125801092
0.4780601846301403
0.5095846645367412
0.5163954635108481
0.5137087810300112
0.530944427573641
0.49886350041871036
0.538788136107236
0.549053250811937
0.5634651600753295
0.5648230369148801
0.5485401010225452
0.5273738237810094
0.5197659142481786
0.5386940749697703
0.5417140803737198
0.5353691995705595
0.5236854858250545
0.5373874701451405
0.5235614217899733
0.4907318722181531
0.4708727192789624
0.5102132942105857
0.4324450194049159
0.46875
0.45093831104012777
0.44848661233993015
0.37132101300479126
0.4081130119232763
0.38011417697431016
0.3795735305688882
0.39095001552312947
0.386653239862117
0.437948404823691
0.43909671532846717
0.474442486014254
0.47966049854717846
0.47254981699878
0.4862313432835821
0.47627172869787776
0.5014319376472721
0.46360605639672176
0.45602155738271266
0.4637900233612752
0.4512893982808023
0.4477306801144882
0.45521342401148285
0.4752425391923193
0.47778149014366855
0.4329694751290934
0.42582874278822647
0.41199674001629993
0.41199674001629993
0.40168505273366467
0.4119964572580399
0.4361205624642438
0.43943840963417957
0.47129686539643517
0.4709622203203326
0.5293418460911499
0.5260505895394538
0.5319372415151317
0.554064328451952
0.5351113471679503
0.5329578095273623
0.6353208170002063
0.6701313581863567
0.7264622115821191
0.6878224167578553
0.6042154566744731
0.6220266945045112
0.5945121951219512
0.5879608026131591
0.5946497079459441
0.5928465593880293
0.5714573674662367
0.5748563703954038
0.5584006302934804
0.5590429552699905
0.564445868033312
0.5706791023025357
0.5608351102765666
0.566459866919541
0.5761220768418696
0.5841577735249278
0.5669447505115693
0.5635737756219684
0.6000183716586546
0.5956774173936833
0.57778638924494
0.563790365272631
0.5223153830639352
0.5167322273530586
0.529972639084653
0.5290952735700687
0.5336818766594585
0.5342375667899713
0.495877308707124
0.49987532208461477
0.5111422172452408
0.514744854806879
0.5538586788692064
0.5578048573609659
0.5542881769860653
0.5542881769860653
0.48485109807979765
0.48830409356725146
0.49292769887193877
0.491190774338216
0.47208091975653504
0.47611280804246614
0.46892316908791376
0.4593623709025595
0.4760593727555662
0.46486942886436283
0.4583813408899822
0.618680861187106
0.6686777275012569
0.6308700177554644
0.7011839879721857
0.6777488855869243
0.7190567318970307
0.7340959386591029
0.749244907139644
0.749244907139644
0.7263450834879406
0.7274698048931558
0.850297068277004
0.8118222819307168
0.8904063957361759
0.893591415103801
0.8307721615443231
0.822712833545108
0.7621269252891928
0.7797898140662894
0.7638491547464239
0.7664155005382132
0.7492867215426491
0.7524559899782423
0.7486076933039761
0.7838912827311899
0.7057615809059412
0.7631318136769079
0.7525376958707007
0.7636615171777726
0.7555770449164694
0.7494476062939404
0.8213131278023009
0.797359872831571
0.802623228263169
0.8227667250062507
0.7384415020620795
0.689902074339265
0.8163645162491159
0.8045140693444205
0.8489279119719637
0.8613925744656444
0.8363314883148831
0.8792354474370113
0.8654840505926339
0.8561536040289581
0.0
0.0
0.0
0.0
0.765304909458335
0.7795447206974492
0.7287270388681217
0.7207028144379075
0.696526508226691
0.7150842547635562
0.7368137575501097
0.7341587764020393
0.7241639047905996
0.7241639047905996
0.6625437746814693
0.6533431300514327
0.45585757198329546
0.4511638024798782
0.35849950785607526
0.35849950785607526
0.3619883461621466
0.38395353839535384
0.3738435508837611
0.3727967835732491
0.3855064070078911
0.3907970057243505
0.3968632418135082
0.40292749347554746
0.3880102425064016
0.3857442348008386
0.3505804311774461
0.34786265403883426
0.32969335980586806
0.32716725043782835
0.3340942259476855
0.33014088673593905
0.32697308185314045
0.32950728916774313
0.38515927359333135
0.39350619724735764
0.3998300239511705
0.40701561209642534
0.44256863363837173
0.45132743362831856
0.45695202411012464
0.4709338929695698
0.5128860489882854
0.5225921263943748
0.5303263885830066
0.5440332565180064
0.5475465005229888
0.5417810376636818
0.5384615384615384
0.5384615384615384
0.5329084229628646
0.5329084229628646
0.5621812650979691
0.564631351934223
0.5681027078341847
0.5681027078341847
0.5730767476857129
0.5755965739934961
0.5695961564610433
0.56871973571073
0.5721114449603933
0.5721114449603933
0.5662086055417886
0.5604263289332858
0.5604263289332858
0.5612522888660623
0.564631351934223
0.5555211740783308
0.5579629711850109
0.5579629711850109
0.5612522888660623
0.558806527635733
0.5671028880866426
0.558806527635733
0.5671028880866426
0.5637195532229848
0.564631351934223
0.5629942487419123
0.5629942487419123
0.5605511564443252
0.5605511564443252
0.5596248325145154
0.5605511564443252
0.5664556962025317
0.584113832853026
0.5915724188252462
0.5941192635339378
0.5915724188252462
0.5908819613424544
0.5883697540458992
0.5820369030390738
0.5758389261744966
0.602977994465674
0.5954456733897202
0.596817668028867
0.5895134624468588
0.5833014659018483
0.5809318268376286
0.5919899874843555
0.5882596799602023
0.5798937474458521
0.5788529003834544
0.5789154923890661
0.5802509105625253
0.5743240536751452
0.5812388519539484
0.5753611556982343
0.5776792908944399
0.5648186061747604
0.567094227923039
0.5693882605465203
0.5730071033938438
0.5736918304033092
0.577417877513635
0.5705763771752993
0.5655045871559633
0.5048211888197242
0.5068213381259701
0.4976537119480207
0.49961747533722567
0.45810368240274785
0.4471037654946597
0.42334542334542336
0.42774953698230683
0.30981846574272887
0.30159996959677726
0.29531946508172363
0.2899343544857768
0.3678724285517051
0.3566218296192197
0.3367669362992922
0.3320249221183801
0.347762799822796
0.34505494505494505
0.3701355700770506
0.37744919271955707
0.42012255949836114
0.43045922464773306
0.4569200629969654
0.4756287736414891
0.5267250587481307
0.556568848758465
0.5891517323775388
0.6118114143920595
0.647275018376562
0.666594571212285
0.609692491578833
0.6282259418910597
0.6424318754293565
0.6598071495766697
0.6169806958733094
0.6158772284082387
0.6124146635304917
0.6149902062449591
0.5867801875395501
0.5838246236620686
0.5810310452862433
0.5810310452862433
0.5010245901639344
0.49443882709807885
0.496614759647935
0.49052608114132856
0.5004496402877698
0.515904745350252
0.46148499942082705
0.48493700931166694
0.4922164566345441
0.5164970506255266
0.5212453233564939
0.5247511433952112
0.5293798344415795
0.5340909090909091
0.5383973288814691
0.5544809800128949
0.5686994856722998
0.5686994856722998
0.651576693006425
0.5840073141571137
0.6575985689796526
0.6624371199038966
0.6736657249751852
0.668561036599227
0.5143873762376238
0.5208333333333334
0.525691699604743
0.5281550313716147
0.48297040759352317
0.503283185105145
0.5368543238537434
0.5530878961305202
0.5761414621272103
0.5811866080244144
0.4618071513925912
0.45519203413940257
0.4861544658141174
0.5155365723438334
0.597239229656017
0.6271186440677966
0.6230402972941587
0.6346108351076414
0.6109831494726633
0.6032315978456014
0.6073752711496746
0.6035928143712574
0.0
0.0
0.0
0.0
0.0
0.0
0.0
0.0
0.0
0.0
0.0
0.0
0.0
0.0
0.0
0.0
0.0
0.0
0.0
0.0
0.0
0.0
0.0
0.0
0.0
0.0
0.0
0.0
0.0
0.0
0.0
0.0
0.0
0.0
0.0
0.0
0.0
0.0
0.0
0.0
0.0
0.0
0.0
0.0
0.0
0.0
0.0
0.0
0.0
0.0
0.0
0.0
0.6724782067247821
0.6179553395108613
0.6250768285187461
0.6201219512195122
0.5528658441355615
0.5485820548582054
0.5589767882520132
0.5668534827862289
0.6308139534883721
0.6404328578455485
0.6404328578455485
0.6404328578455485
0.6249193027759845
0.6249193027759845
0.6391548365797293
0.6440452428476381
0.654054054054054
0.650186251269895
0.6414807302231237
0.6466178224569773
0.6610346629507055
0.6663740122914837
0.6718003186404673
0.6718003186404673
0.677315723719436
0.677315723719436
0.6829224401655569
0.6735889243876464
0.0
0.0
0.0
0.0
0.0
0.0
0.0
0.0
0.0
0.0
0.0
0.0
0.0
0.0
0.0
0.0
0.0
0.0
0.0
0.0
0.0
0.0
0.0
0.0
0.0
0.0
0.0
0.0
0.0
0.0
0.0
0.5694879832810867
0.7306181517469506
0.7160493827160493
0.0
0.6757012888551933
0.0
0.0
0.0
0.0
0.0
0.0
0.0
0.0
0.4620814479638009
0.48106274731486715
0.5726290516206483
0.6053299492385786
0.6252952544556581
0.6351145038167939
0.606278613472858
0.606278613472858
0.6939142151358635
0.6939142151358635
0.6821316614420063
0.7046263345195729
0.5995841995841996
0.6162393162393163
0.6084594489716725
0.6336206896551724
0.5972797161442933
0.5934195064629847
0.7654373927958834
0.8154408405664687
0.8174244227564865
0.83837890625
0.5823207052656659
0.5521616541353384
0.5766518673282841
0.5818181818181818
0.5106826472120897
0.5201698513800425
0.5285895806861499
0.5548780487804879
0.5960365853658537
0.5960365853658537
0.45040485829959515
0.45040485829959515
0.3694362017804154
0.37632241813602013
0.2918636476735506
0.28693737769080235
0.34404624277456647
0.33029966703662594
0.28031237155774763
0.2718756228822005
0.28427457691576347
0.2813852813852814
0.3098693759071118
0.30369843527738266
0.30070422535211266
0.30070422535211266
0.22160615274548381
0.22584761210353627
0.2396054921678592
0.2551482701812191
0.26976542137271936
