1.0
0.9377850104615605
0.8392755028860462
0.9149494484480408
0.8560175517432793
0.7784216026574106
0.8301408030250261
0.7867586312897462
0.7686820715934901
0.7620804802307602
0.7318555305303744
0.7041082435292911
0.6974520803385169
0.6788886123437604
0.6751593359036903
0.686508359067192
0.6418041116235441
0.653211573850183
0.6937111242584627
0.6955819069179808
0.6866331402689176
0.6948313367443856
0.7248060033493985
0.716732457907033
0.697878001562554
0.6993880354689647
0.675549121754396
0.7116285140889882
0.7417592696524115
0.6973468195452157
0.7094336364873973
0.7600873688135954
0.6466791393826006
0.7176550633239277
0.6913287797477451
0.7124779452667215
0.6839210367691381
0.7014742306921308
0.6954301555168569
0.7264217706927371
0.7023165629145831
0.7214584787159805
0.6867427463067276
0.7183904052476513
0.7163477507401257
0.7785182143485657
0.7039652362846279
0.704536053037153
0.7596417692020139
0.7081898150095
0.7571647658455726
0.7163478052482326
0.705310485373764
0.6750132345156167
0.687501405052193
0.716802129533069
0.6777054815542324
0.6372265188031678
0.6846716261165751
0.733281840548832
0.721791992229844
0.7411020501486167
0.7624210220803287
0.727320355605036
0.6605879053336356
0.7108975391055571
0.6452079036236159
0.63710534097007
0.6612176880195211
0.6628453320835886
0.6551605504587156
0.64564731496601
0.654996199686272
0.6742476453020905
0.634825931101525
0.6683316844676856
0.6497645780514306
0.6559826627371119
0.6633054351114248
0.6710903858497664
0.6692393167546709
0.6258987348173872
0.6476501140382628
0.6442700240854432
0.7860747323421892
0.7120350324739224
0.668633198114756
0.6555866049750332
0.6328062812070337
0.6322427859488109
0.6304673200749679
0.6171149020942871
0.5939173900259515
0.5736087944417447
0.5902934837559535
0.5880015257560032
0.6376648499841893
0.5933657804057225
0.5804538445395403
0.5617281980918345
0.5583195269722043
0.5676390827611165
0.5871871439236179
0.5757753459381236
0.6237376602745943
0.5831456456456456
0.5598160839767502
0.5445316552656967
0.5735967765822171
0.5763251064703165
0.5428364462195074
0.6042618553373366
0.590228534929794
0.5972472662905921
0.5622031549278228
0.6334341207226281
0.5770449477760826
0.5487496099724295
0.6644339129785805
0.5951570895609939
0.5996433736619252
0.6038095129501776
0.6047108561075042
0.5801047710246156
0.5676943515001847
0.5579187688158369
0.5870506525869088
0.5510356343482431
0.603633240934262
0.606987719539827
0.7232437601026007
0.7693477269271705
0.7740746806419915
0.7605844584265323
0.8007081265140863
0.7186527076511107
0.7090684391067029
0.7552463484402292
0.7242998164423654
0.6879137476701588
0.6999133548039039
0.6718243033929532
0.7359599814346862
0.7394172812213952
0.7718663083957951
0.7632786885245901
0.7387824935150946
0.7550570835732763
0.7386692029118045
0.7157253463017258
0.7188812223681533
0.7051181243075163
0.7156525066972829
0.7488888680957773
0.7323469397092061
0.7216647474913637
0.716647910843286
0.6618521665250637
0.642815029211556
0.6474711392245607
0.6499239934825549
0.5983155387298481
0.6270914025241746
0.5534310774087514
0.5624576318496838
0.5703509827191
0.6139607359652052
0.6632016055194355
0.6775199002589432
0.6339979962585004
0.6978585455565599
0.7230019079923681
0.7705203226316621
0.7052983498424388
0.7398346194801951
0.7290840143674205
0.8159232565982588
0.7953510132722661
0.7391992457150554
0.6949469335111325
0.644078537517991
0.7107258808448443
0.703311164064445
0.5598926471168647
0.6496754486445208
0.5255062153076382
0.546739935786614
0.5676434573322636
0.528237016080708
0.5416407061266875
0.5605829374717881
0.570067105291919
0.6230737988866856
0.5450412527361509
0.5692156160458453
0.5475524916454738
0.5154960797996798
0.5898321201761436
0.6340691702971742
0.5526996550809233
0.5265014690860074
0.5796114774549991
0.5105611309168092
0.5992920307744556
0.5320937049165312
0.5711442544567552
0.5548037250972533
0.5547040989281196
0.590621597801856
0.5890488870504899
0.5434909515469936
0.5389260297606211
0.5476085775627926
0.6174456358625958
0.5618227848101266
0.6081149012567325
0.6342862107915545
0.6581452593493283
0.5738330778876968
0.5716067935013751
0.6105313092979127
0.6000086537629445
0.6011448973870963
0.5568005804948161
0.5836270824496482
0.6121297805733081
0.5790768708637366
0.5793972570659095
0.5787151200519144
0.5842275410930836
0.682979440512302
0.5797758168375865
0.6134628730048577
0.6571764398589526
0.5548308765157294
0.6503445092239566
0.5780484818805093
0.6006075274930557
0.5944503072816438
0.6154179298397575
0.7142317927038707
0.7260016579165516
0.6718973931026976
0.6389909873621671
0.670110101792223
0.7277677654399938
0.679616434202547
0.6582849535924269
0.6188458575530499
0.6185236288375302
0.5501708605156881
0.5802552164166236
0.5438660958715343
0.5909983546520885
0.5208835007888399
0.565707839819515
0.5518592048076407
0.6038376634403124
0.5792893731786342
0.6427162412576962
0.7102753162416289
0.7741149158444574
0.7453956419473661
0.7181666851625791
0.6859460759659749
0.6420496906925666
0.6608955223880597
0.5590929096891832
0.5423665477102446
0.6090133982947625
0.6579063144001667
0.724876903844682
0.710307242318942
0.576539760643843
0.6534441285808004
0.636183929734708
0.676701507634507
0.6609516426894052
0.6779676631811691
0.694086260560249
0.6698863111193271
0.6778907985502163
0.654874159726524
0.7158024691358025
0.7176355893067884
0.7301837555724693
0.7381162657800405
0.6772109715457575
0.6721851878983225
0.6404984725791592
0.5972367881081574
0.6227234826874972
0.6914472381706592
0.7560137457044673
0.6826138288588881
0.6852384557153671
0.6003487754947304
0.640523538961039
0.6361925542070094
0.6141441749231294
0.5860641515046354
0.5339068717066351
0.5577840607881251
0.6239460370994941
0.6522088353413654
0.648202710665881
0.682681242807825
0.7061716547711869
0.5709721463681049
0.5761385639638206
0.5509670808249008
0.5716723549488054
0.5787900394910048
0.5347195830392529
0.547137560154627
0.6206497931370163
0.6386790795714035
0.635796864596574
0.6460684328042967
0.5957195820694304
0.5583100657133994
0.6042296072507553
0.5470336115497406
0.6255532605488344
0.5483755801499465
0.6280096923595988
0.5853344768439108
0.620980330939744
0.6096607784899172
0.6028651014723438
0.5904708935854653
0.7276987217034766
0.6717313074770092
0.6068443308093224
0.5801047842272163
0.5982205338398481
0.6113400306487314
0.6022346368715084
0.6375392384331923
0.6022788931090614
0.6991890801012732
0.6562343335959321
0.742905788876277
0.681635926222935
0.691938833301869
0.7021910808299783
0.6862385321100918
0.7469893514036786
0.7270842755917383
0.6855808688269421
0.636320357417512
0.5924507277665576
0.6430186546071227
0.6841333684170958
0.6730668658946583
0.7043955609968011
0.7415952537903757
0.7107893546131381
0.6757023748370016
0.7314970649809122
0.7166596372838465
0.7173252279635258
0.6989781378496112
0.6717136150234742
0.7269144611300091
0.7076126751672769
0.7492472179794895
0.7000983284169124
0.7434461921265441
0.745032383134335
0.7356032701464379
0.7241409157794513
0.7515527950310559
0.738255033557047
0.6858080393765381
0.6306349587637121
0.6187780922257367
0.5789556650246306
0.5905454837801986
0.615782774713619
0.6743130420685742
0.7176083987709115
0.6815848023275715
0.6183095680925811
0.6230516471480327
0.6032698238350724
0.6686537948216034
0.6521956314427138
0.6228023441662227
0.627450092797972
0.6138167388167388
0.6395414395790265
0.6431676431676432
0.6898743460617024
0.6423374577135178
0.7158406781293647
0.70129934291784
0.6757910228108903
0.6118832198488947
0.6853575962759204
0.7113179410706022
0.717501666581201
0.7858610540345421
0.7440296901893287
0.7299350957733101
0.736455893832943
0.7121599749386519
0.7069462647444299
0.6990119077780593
0.6910069177555727
0.6627596961617788
0.646773672304212
0.6379853095487933
0.7318102526588262
0.7531707882087219
0.7457716701902748
0.7491256703194218
0.7566474332282435
0.7508854781582054
0.7168540576644773
0.7927553080829713
0.8839614713297563
0.9299510337323177
0.8736263736263736
0.8540795326296222
0.7913646391427671
0.8527070063694268
0.8367346938775511
0.7813405568854731
0.7452382382983838
0.7597549770290964
0.7948093559756488
0.8806818181818182
0.878476084538376
0.8581907090464548
0.833388649186857
0.8183951502509614
0.8868990116667905
0.8541401273885351
0.774528914879792
0.8605255558764078
0.8699097512656835
0.8858938441735443
0.8808320950965824
0.845227062094532
0.8437833606149029
0.8317002881844381
0.8378212974296205
0.8491599437495374
0.8543835823147728
0.822657490735839
0.8022284122562674
0.8592290178220932
0.7925840092699884
0.7380133522152539
0.7877348304901749
0.0
0.7619461967950112
0.8009756841222654
0.8360907109999193
0.8583949132153291
0.846489696122948
0.847741935483871
0.0
0.0
0.0
0.0
0.0
0.0
0.0
0.0
0.0
0.0
0.0
0.0
0.0
0.0
0.0
0.0
0.0
0.0
0.3879310344827586
0.0
0.0
0.0
0.0
0.0
0.0
0.0
0.27217021276595743
0.0
0.0
0.0
0.0
0.0
0.0
0.0
0.0
0.0
0.0
0.0
0.0
0.0
0.0
0.0
0.0
0.0
0.0
0.0
0.0
0.0
0.0
0.0
0.0
0.0
0.0
0.0
0.0
0.0
0.0
0.0
0.0
0.0
0.0
0.0
0.0
0.0
0.0
0.0
0.0
0.0
0.0
0.0
0.0
0.0
0.0
0.0
0.0
0.0
0.0
0.0
0.0
0.0
0.0
0.0
0.0
0.0
0.0
0.0
0.0
0.0
0.0
0.0
0.0
0.0
0.0
0.0
0.0
0.0
0.0
0.0
0.0
0.0
0.0
0.0
0.0
0.0
0.0
0.0
0.0
0.0
0.0
0.0
0.0
0.0
0.0
0.0
0.0
