1.0
0.9247204778679736
0.8744412332040791
0.8167342072365356
0.8442337570270548
0.7941683246546783
0.791095728035655
0.7532512124983904
0.7665094339622641
0.673363718815655
0.7564388614467932
0.7048531484633408
0.6357997669063931
0.6811379707284986
0.6575877871955612
0.671932150173761
0.6424348457486597
0.6107809398527149
0.6737775900306262
0.715713899208795
0.6674338116708065
0.6893442921930283
0.7083963266071094
0.69849385104325
0.6799734638536721
0.6696751697790198
0.7735270766787911
0.7349967307264528
0.7128800583183779
0.6917139878659164
0.6501001052778911
0.6962272805644928
0.6094830018338271
0.6842443221670108
0.6325363920293693
0.6521831489702009
0.6918513903571417
0.7155036180653747
0.6866708456218593
0.7255341039762755
0.7217601693633752
0.6707669561511003
0.716759278838321
0.7099965561504024
0.6927315397435462
0.6984280482284679
0.7098692540795857
0.7583631061586296
0.6613550384042187
0.6649377593360996
0.7010928442459374
0.661673398815981
0.6732441496114417
0.7102367727780633
0.6626699651492443
0.657644322266864
0.6824007288740415
0.6502511145178712
0.6544342621891309
0.7247364613692718
0.6918456224658357
0.7238766777335811
0.7728603409677974
0.7571572669675686
0.7392864663765267
0.6397842578662655
0.7754381540789308
0.7504069678460618
0.729214263174503
0.6330902933757213
0.6303381039840131
0.6628173527236875
0.7306564946797832
0.7874216281895504
0.7438396731020868
0.6869806094182825
0.7071272723917947
0.7415904510928538
0.7040533730539216
0.6776843894607611
0.6579274953636663
0.666272519593051
0.7163142460256212
0.6514774998649452
0.7174608211082631
0.7221906159235859
0.7894049121874516
0.8240700218818381
0.8534176024315816
0.781105231958197
0.8194618849096723
0.7995373812474185
0.7999041563811232
0.7823099850132187
0.7869096877094843
0.7748632521133765
0.8102358657136247
0.8707837705719407
0.7829218359240916
0.8128632051247399
0.7791104226598805
0.7629949713188285
0.845643387020402
0.7819853573681494
0.8433402441201104
0.7955798090040928
0.7934967961967755
0.7288678926944492
0.6923717059639389
0.752718990889979
0.7581414152679418
0.7827662716616607
0.7634678130820182
0.72123250380764
0.6305099545930842
0.5906308745859815
0.5986072672082849
0.5865051335600336
0.658982963026931
0.7045729719660986
0.6836190168175937
0.7657214743265324
0.8010142923005994
0.7554170028607057
0.759226830403653
0.7736935838400694
0.7565065968027862
0.7529628530830847
0.780740278679266
0.8099270968731582
0.8091587430179508
0.8037272592811714
0.7712361357772342
0.7837008787929033
0.7161665053242982
0.696943741483356
0.6863669826078954
0.7302059963287783
0.6739609988529074
0.7380238733764527
0.7688166563197836
0.7608098648430348
0.7661713125346132
0.7811972507437354
0.7507117388540313
0.7546890195896818
0.7632086997882878
0.7438770826020036
0.7312462655488964
0.7211914498473188
0.6807585335018963
0.6858445375630907
0.747329498767461
0.7337902048482933
0.7370272485335151
0.6914589937128947
0.7200262603605329
0.6957791022989904
0.7406462778676018
0.7507606050069541
0.6841529631529535
0.672341707785604
0.7187780772686433
0.7147285732917323
0.73171895750332
0.7203219315895373
0.7245483571111021
0.6630299107762008
0.6948593798289894
0.7589043779177957
0.7254374897141916
0.7386854673641119
0.6917813875028017
0.714517427681249
0.7872254786043118
0.765519801980198
0.762868634307606
0.76955390600759
0.7713643178410795
0.7060129920604076
0.6568555498351426
0.730756439155981
0.6126653654304923
0.5708503662929534
0.5645101921029855
0.552690271853641
0.6072296821393679
0.5540413583439773
0.5199071836024365
0.5757301485684011
0.5294034062074985
0.5642395854742923
0.6217369537750018
0.6042676573188964
0.6637306859744719
0.7274722260320944
0.6356877323420075
0.7081215242291918
0.6564703276691563
0.6704528691547426
0.7130999742408197
0.6736781113566539
0.6329611935722862
0.5903218523442791
0.541210552560967
0.5168762847859243
0.6130360027093211
0.5278185875940651
0.5692474656537503
0.5334118755890669
0.542728811965008
0.5918156535558204
0.5728912218699652
0.5578700850486873
0.500177200236267
0.5534454960554331
0.6360582936323903
0.5998459299837371
0.6231767911524283
0.5347000679880759
0.5447474934525541
0.5460961325668637
0.6153225574091682
0.6564925766824931
0.5871209483082838
0.5641698841698841
0.592968007602154
0.6352382725241995
0.6251646903820817
0.695794647733479
0.6709098749460974
0.5893438808748255
0.6688111558347508
0.6634375864932189
0.6155131686779901
0.555397079798262
0.6281570308836337
0.5523497267759563
0.5923268436760635
0.6429305535163706
0.540598075457043
0.6020531308718168
0.6468348152609019
0.5571680847648097
0.661490000732547
0.5900518921655487
0.6019123977261526
0.5856003204379319
0.6279880839933154
0.6097738346302087
0.5538317204954916
0.596921578907947
0.5279970378847805
0.5381566864820453
0.5172814271114001
0.5614069077267203
0.5896436829743459
0.5786656774945684
0.6598403406067057
0.6407574316781742
0.6236673773987207
0.6610516372795969
0.6818352921493999
0.6406496279004809
0.6567864544636922
0.634886686942019
0.6174247043043531
0.628317470965578
0.6363793252221934
0.6434223650670509
0.6126264041915522
0.6239657996043985
0.5827125458200307
0.5534449514136806
0.6047556028030286
0.5978022464940072
0.6517875932377768
0.6558535621790088
0.6525671721202447
0.6960409283987703
0.6886154125607374
0.745819397993311
0.787573577501635
0.8000107089312487
0.7492824492399277
0.7194754296050648
0.6719001229546959
0.6951201888337588
0.6936176302232399
0.7001300014444605
0.7003491872366044
0.8260483246868641
0.7534673082366261
0.8013346308911442
0.8270676691729323
0.8203113881535878
0.8161156389358758
0.7487584650112867
0.6796347757046447
0.6973144703614196
0.7957033670729188
0.7859683623008185
0.7580545403429857
0.7792207792207793
0.800925347005127
0.7898874672421766
0.6125561978163134
0.6140715732613099
0.6336277974087161
0.6306641663634582
0.5347605549753841
0.501184390973694
0.5377741001241209
0.5505654543975267
0.5292391532173548
0.5492087105958396
0.6180372869724351
0.6510733928677036
0.5823319537605252
0.6056886647050581
0.5781607941529399
0.5179602724471033
0.5841548010222709
0.5518985886343385
0.5656858682138417
0.5878215434083601
0.6057745020405677
0.5796881635624583
0.567348514087225
0.5684468283582089
0.5930420941932183
0.5857230018303844
0.6066350710900474
0.6058700209643606
0.6274952919020715
0.6112848209209778
0.6720873959148815
0.6583143507972665
0.7032677827326559
0.7240569554197107
0.7226842003480951
0.76166471750615
0.7413712686567164
0.681821564104472
0.7050154232834457
0.698379085973896
0.7012589446293958
0.7462587541467011
0.7742402315484804
0.7690971536852078
0.7228368794326241
0.7176887172058587
0.6870958673039078
0.715055287779983
0.7206801506269653
0.7085610916669943
0.7412393585428628
0.6660756273368539
0.6783661349880087
0.7154902433148639
0.7004895960832314
0.6975015234613041
0.7200415458519064
0.7032916474967585
0.6848347211708302
0.7001813087193012
0.714506570471528
0.7201260539988076
0.6735620585267407
0.673597833014659
0.7344510076441974
0.7518562980747855
0.706081081081081
0.6939273229818714
0.6804750069041701
0.6842507645259939
0.6614234813591727
0.633119258596862
0.5979254431285271
0.5854465270121278
0.5813444274140573
0.5458202051350808
0.4687931828650391
0.328250137136588
0.2552079472162503
0.39244920043284837
0.31739317025320335
0.2700626642409541
0.3854515672697491
0.27461394522463944
0.0
0.29328621908127206
0.0
0.22986308850489526
0.4787988531763996
0.4855116449953676
0.37083641746854185
0.2647703248126081
0.31634554262291487
0.38450471572440986
0.3674293405114401
0.2684299380979178
0.33452480600864193
0.283988943227727
0.0
0.0
0.0
0.0
0.0
0.0
0.0
0.0
0.0
0.0
0.0
0.0
0.0
0.0
0.0
0.0
0.0
0.0
0.0
0.0
0.0
0.0
0.0
0.0
0.0
0.0
0.0
0.0
0.0
0.0
0.0
0.0
0.0
0.0
0.0
0.0
0.0
0.0
0.0
0.0
0.0
0.0
0.0
0.0
0.0
0.0
0.0
0.0
0.0
0.0
0.0
0.0
0.0
0.0
0.0
0.0
0.0
0.0
0.0
0.23345549616004108
0.18475388624642355
0.2093623007189747
0.22088469307828668
0.22432393107318796
0.25687052111598135
0.2755074818713167
0.22225400457665903
0.25663297195939394
0.2837138801337728
0.22487319180913018
0.23898402924764287
0.2622231966673975
0.28298708590679394
0.2240093094777965
0.24338119346003817
0.24615256979300618
0.23405025216545672
0.21806698246488823
0.21002683676247522
0.2927598243441054
0.3155262448209076
0.27627948375611927
0.30281804476400326
0.27827045683332535
0.23718944949108023
0.24039991838400326
0.2591425832077798
0.28177704648292884
0.31455487963642387
0.24343179456731484
0.2771372634326735
0.32219997892740493
0.31662870159453305
0.31931330472103003
0.26354533400393215
0.2978370247419472
0.2494400895856663
0.313821181338355
0.2628347786048653
0.2897108622036989
0.2355450348044156
0.29613497270772454
0.293031226199543
0.2905135340247913
0.28940118515438196
0.2807950338223422
0.2884814942926323
0.2296113349798518
0.23728378586459992
0.2084526090386566
0.23175323202540257
0.2243609971599874
0.2098720366652471
0.18833336877698148
0.1842511472674176
0.1947648715892501
0.18633615722113264
0.20085989750716582
0.1975937472556424
0.1864210226899766
0.19714894862254922
0.20070818579462613
0.21267168808152415
0.20191342470243584
0.20283146723379414
0.21433071527573608
0.19940462664182157
0.19956872421157396
0.2093125219221326
0.196661101836394
0.19093098579852172
0.19084149398932865
0.19184484679057373
0.18980435616555133
0.18952618453865336
0.20842732496275804
0.19164092001373154
0.18812527643800417
0.18078044041450778
0.18609516179285174
0.1890931969475564
0.19485131915644577
0.22974811201275858
0.2254578626061329
0.23019662577438232
0.23678216041242056
0.21657419008412385
0.22414452518616843
0.20585544373284537
0.22368240930869268
0.19792529402020873
0.20428269185561942
0.1806413527018195
0.17987250542180552
0.1945012288398374
0.15587950267015815
0.18247993219324923
0.15778734980729994
0.19114618286163887
0.19672585374864346
0.17552940117469676
0.17744116851501218
0.19662271570668519
0.17191142191142192
0.20516214427531437
0.17701246849418956
0.19628622771045479
0.1744650353230265
0.1837927797217718
0.18735330664089467
0.18211586336824634
0.17384116354504553
0.1764550102874371
0.20736132711249353
