1.0
0.9057249533291848
0.9075916974694341
0.9304964539007092
0.9460450497642745
0.8988536749831423
0.8627370997348562
0.8698714562422962
0.8235294117647058
0.7660079051383399
0.6389776357827476
0.7573921823164576
0.7938931297709924
0.7449947312961012
0.8033460522453771
0.8446280991735537
0.7603765861645517
0.8467485220554798
0.8069510471540537
0.7876295824404934
0.8013325930038867
0.8263368572308324
0.0
0.8396124865446717
0.8624467437614121
0.8910476509505066
0.9016030956329464
0.8321830166731291
0.9044943820224719
0.9161755972774199
0.8095716045440029
0.8501032753024491
0.8396387466270169
0.8991436726926736
0.9134358487205367
0.8375735148351285
0.8696581196581197
0.8767034916538988
0.8832238282961016
0.9112469695372615
0.7984751699979394
0.8996865203761756
0.824478299833568
0.8937354988399072
0.8539534883720931
0.9198853094956991
0.8435792349726776
0.9413793103448276
0.8601304250056218
0.9119170984455959
1.0
0.8870242732993707
0.9182472204054938
0.9777327935222672
0.9137055837563451
1.0
0.9491955969517358
0.9647390691114246
0.9296987087517934
0.9623217922606925
0.9925768822905621
0.8032128514056225
0.9088591459528362
0.9238227146814404
0.9645232815964523
0.8511945392491468
0.9412673879443586
0.9737065309584394
0.9491525423728814
0.9466192170818505
0.8872113676731794
0.8377659574468085
0.8475551294343241
0.8885350318471338
0.7591623036649214
0.6764091858037579
0.9348612786489746
0.9264173703256936
0.9029126213592233
0.8863309352517985
0.853448275862069
0.8818040435458787
0.8478260869565217
0.9500780031201248
0.7621776504297995
0.8341463414634146
0.8498402555910544
0.8650568181818182
0.6810035842293907
0.8863309352517985
0.7446808510638298
0.765891472868217
0.9015025041736227
0.9015025041736227
0.8260869565217391
0.8793103448275862
0.7387580299785867
0.7081545064377682
0.9610027855153204
0.8287292817679558
0.863013698630137
0.8262295081967214
0.9779411764705882
0.8686131386861314
0.6676737160120846
0.8093385214007782
0.8093385214007782
0.7482014388489209
0.6989247311827957
0.7482014388489209
0.5818181818181818
0.5818181818181818
0.5818181818181818
0.6552901023890785
0.6986301369863014
0.6552901023890785
0.7854545454545454
0.6750902527075813
0.6750902527075813
0.7083333333333334
0.722007722007722
0.7003891050583657
0.7272727272727273
0.7084745762711865
0.5364238410596026
0.6719367588932806
0.6244897959183674
0.5465587044534413
0.5853658536585366
0.5668016194331984
0.43820224719101125
0.47577092511013214
0.5176991150442478
0.6
0.6
