1.0
0.978173993237012
1.0
1.0
0.9764705882352941
0.9092905776411158
0.9337285623544357
0.813953488372093
0.8141654978962132
0.7512484394506866
0.6865392903318489
0.7863247863247863
0.6758832565284179
0.6953405017921147
0.8128975437909776
0.7714141329065948
0.7331758250133374
0.8255757992437264
0.8327207027599527
0.7751120485104139
0.7660121667738266
0.7075492583573169
0.0
0.0
0.677109049118924
0.6040836051709556
0.6622235428959545
0.5214007782101168
0.38768115942028986
0.2711864406779661
0.1178343949044586
0.0
0.0
0.0
0.0
0.0
0.0
0.0
0.0
0.0
0.0
0.0
0.0
0.0
0.0
0.0
0.0
0.0
0.0
0.0
0.0
0.0
0.0
0.0
0.0
0.0
0.0
0.0
0.0
0.0
0.0
0.0
0.0
0.0
0.0
0.0
0.0
0.0
0.0
0.0
0.0
0.0
0.0
0.0
0.0
0.0
0.0
0.0
0.0
0.0
0.0
0.0
0.0
0.0
0.0
0.0
0.0
0.0
0.0
0.0
0.0
0.0
0.0
0.0
0.0
0.0
0.0
0.0
0.0
0.0
0.0
0.0
0.0
0.0
0.0
0.0
0.0
0.0
0.0
0.0
0.0
0.0
0.0
0.0
0.0
0.0
0.0
0.0
0.0
0.0
0.0
0.0
0.0
0.0
0.0
0.0
0.0
0.0
0.0
0.0
0.0
0.0
0.0
0.0
0.0
