1.0
0.9692307692307692
0.9086903304773561
0.9131350971669399
0.8779806659505908
0.9157254561251086
0.9069476319632798
0.8395061728395061
0.7829787234042553
0.7840909090909091
0.7017010935601458
0.6865190582959642
0.6845046807321503
0.6950765411667357
0.6893030380393158
0.63694564078687
0.5964433777001964
0.5899755241034372
0.661261462760009
0.608
0.5482536322524776
0.5178522758244753
0.5511153216777194
0.5399621368013828
0.5314702308626974
0.5438213158533625
0.5331939362258233
0.4646368104860732
0.45375494071146244
0.40512820512820513
0.3959622272875285
0.4299303784379955
0.4667116003894256
0.4949314251639833
0.43995325496665977
0.4405635648754915
0.447680690399137
0.5098866918462563
0.5741991892536364
0.5858310626702997
0.5845272206303725
0.5483639837592549
0.4969320506022271
0.521872230725852
0.5968421052631578
0.6379177871686516
0.6858027878162106
0.6934725848563968
0.6755126658624849
0.7715309665136073
0.6925269157694743
0.7257064093728464
0.6505298651252408
0.6066314996232103
0.6507654455986878
0.6710359408033827
0.7102941176470589
0.7880804495711328
0.8027070063694267
0.6972532447932388
0.7135036496350365
0.6771602955348538
0.7178991744247322
0.7325581395348837
0.7111696126363295
0.7466929911154985
0.8128199877124719
0.7897290739991912
0.8012924071082391
0.8027888446215139
0.7593312597200622
0.7875435361606228
0.753241407697057
0.7854077253218884
0.8704039945528824
0.8340173278613771
0.839828897338403
0.7777777777777778
0.7528911966013689
0.7640555163490943
0.7628114715561825
0.7628114715561825
0.8360780339498353
0.8360780339498353
0.9036827195467422
0.8710682913006518
0.8710682913006518
0.8408894022523823
0.8251490207209764
0.8803571428571428
0.8484493856056173
0.8803571428571428
0.8803571428571428
0.8484493856056173
0.8803571428571428
0.8837209302325582
0.8277430358158044
0.7827975673327541
0.7827975673327541
0.7827975673327541
0.7558471192241871
0.78125
0.778235294117647
0.7504342790966995
0.7504342790966995
0.7751027598355843
0.7822685788787483
0.8710352039037992
0.8396161754626457
0.8092349174250084
0.7441781977725278
0.7710760795065114
0.7988165680473372
0.7988165680473372
0.7988165680473372
0.7441781977725278
0.7181663837011885
0.8243534482758621
0.78799856270212
0.856023871689668
0.6960721184803605
0.6256568778979907
0.661271676300578
0.66005739629533
0.6710080750195363
0.5893346623473711
0.5741399762752076
0.5741399762752076
0.5741399762752076
0.583471465782619
0.583471465782619
0.6198347107438017
0.6382978723404256
0.6382978723404256
0.6382978723404256
0.6382978723404256
0.6382978723404256
0.6382978723404256
0.6382978723404256
0.6382978723404256
0.6382978723404256
0.6198347107438017
0.6394913986537023
0.621301775147929
0.6403336604514229
0.6403336604514229
0.6319923827660081
0.6279564806054873
0.6543504171632897
0.6543504171632897
0.6543504171632897
0.6543504171632897
0.6505966587112172
0.6693217475259474
0.6693217475259474
0.6505966587112172
0.6505966587112172
0.6693217475259474
0.6693217475259474
0.6693217475259474
0.659040590405904
0.6784469885515182
0.659040590405904
0.659040590405904
0.7376344086021506
0.7376344086021506
0.7376344086021506
0.7608281122309998
0.7376344086021506
0.7608281122309998
0.7608281122309998
0.7490774907749077
0.7490774907749077
0.7490774907749077
0.7490774907749077
0.7490774907749077
0.7490774907749077
0.7490774907749077
0.7490774907749077
0.7490774907749077
0.7490774907749077
0.726775956284153
0.7790792699536911
0.7542304593070105
0.7790792699536911
0.7649181237857341
0.711755233494364
0.711755233494364
0.6881948120698782
0.711755233494364
0.7536231884057971
0.8039757040309221
0.7536231884057971
0.6875
0.7307692307692307
0.6893023255813954
0.6672022033509295
0.6829710144927537
0.6346583296114336
0.6316007454959619
0.6316007454959619
0.5604395604395604
0.5412844036697247
0.5929526123936817
0.61
0.6254034554775014
0.605833956619297
0.6498599439775911
0.6205770277626566
0.6028061666377966
0.6028061666377966
0.6885245901639344
0.6920165795638854
0.6842105263157895
0.6946379394135752
0.6633663366336634
0.5903510039000434
0.632076888421685
0.6943788379782712
0.7453646477132262
0.6793395310115166
0.6574459513898214
0.6744307091737151
0.6365200294912755
0.6045858680393075
0.6765578635014837
0.7397154940407535
0.7506487087606574
0.7298173954829409
0.6952200134018316
0.0
0.7146062613527087
0.7380006442607109
0.7978080966226795
0.7516421645292461
0.7626367129766479
0.7851829812555787
0.7712352287647712
0.7599276259403867
0.7433460076045627
0.7473953573386949
0.7518330513254371
0.7713844371500289
0.7799640525967269
0.8100418410041841
0.8051897753679318
0.8097959988173844
0.7811778290993071
0.8174908510837947
0.7707006369426752
0.7707006369426752
0.7556657223796034
0.764747191011236
0.7584116665202495
0.8314015778708483
0.8472345024069162
0.8384279475982532
0.7940103666730658
0.7545283018867924
0.7896065052808674
0.7794963689521833
0.7794963689521833
0.7766847476326193
0.7434930561942427
0.7606412382531785
0.7303473491773309
0.7657625291898689
0.7870767545861094
0.7780616900894324
0.7538461538461538
0.7707129094412332
0.7474357850442711
0.8213911219853198
0.8303455442972201
0.8303455442972201
0.8065275908479138
0.8065275908479138
0.8065275908479138
0.8065275908479138
0.8054412027921962
0.8148355754857997
0.7850467289719626
0.7719537100068073
0.7584838261559833
0.7584838261559833
0.7357502716585992
0.7026153690800767
0.7026153690800767
0.6800764356833954
0.6772009029345373
0.6800764356833954
0.6486675316897894
0.6536585365853659
0.6561256758135264
0.6561256758135264
0.6433140420347243
0.6433140420347243
0.6506849315068494
0.6924340416794991
0.7222889155662265
0.7222889155662265
0.7222889155662265
0.7399191560682243
0.7811873245086242
0.7811873245086242
0.7388683647676454
0.7388683647676454
0.7484839734334392
0.7388683647676454
0.7388683647676454
0.7388683647676454
0.6993470421986161
0.6993470421986161
0.7575613918649853
0.7575613918649853
0.7094893256841908
0.7420355229771638
0.7575613918649853
0.7575613918649853
0.7575613918649853
0.7575613918649853
0.7575613918649853
0.7575613918649853
0.7610248595104295
0.7610248595104295
0.7610248595104295
0.8386690458696336
0.8472353373203232
0.8472353373203232
0.8472353373203232
0.9007717750826902
0.8810692853246045
0.8616810059563204
0.8153409090909091
0.8153409090909091
0.8406232609905397
0.8406232609905397
0.8668783585735222
0.8668783585735222
0.8668783585735222
0.8668783585735222
0.868184092046023
0.868663594470046
0.868663594470046
0.868663594470046
0.868663594470046
0.8964392852484675
0.8964392852484675
0.8964392852484675
0.8727825646224024
0.8901098901098901
0.8508839354342813
0.8110266159695817
0.7297297297297297
0.7297297297297297
0.7421991084695394
0.7438314711359404
0.6650005433010975
0.7637591446257738
0.7645335736818387
0.7725350545292677
0.7486454902794009
0.757327450362433
0.7197015527324058
0.7500513030987072
0.7243613476490188
0.6326142656417886
0.5937015203226808
0.5898127456268784
0.6062925821021204
0.5835883981926833
0.5399841646872525
0.5449928376090637
0.5699323029761144
0.5722990986416149
0.5313303717559037
0.5428571428571428
0.5076698687320826
0.4762013834806908
0.3801267089029677
0.32882085993385124
0.3009037152739038
0.2860538273331003
0.26485197695211604
0.2686547978661868
0.24787892685163954
0.24001596381535187
0.22350487461803367
0.20007899587465988
0.17755512667843798
0.17497817864416643
0.1574154140525822
0.14981018551679678
0.1291360687447577
0.11797109625180441
0.11964204655988588
0.12235398426244043
0.1198049686556768
0.11655573291570039
0.11197182090236114
0.10621044578899784
0.10422865878627392
0.11001663893510816
0.1122341822000525
0.11026405339101533
0.10669937145485206
0.101388423791247
0.10419636201958912
0.10943485333473264
0.10693505268123919
0.11518898192346819
0.11456479665398055
0.12378681446155829
0.11839573775344088
0.11526196452172226
0.10407557869405164
0.10399668095699073
0.09670628183361629
0.09748476800499922
0.09521005104043974
0.08858292207522912
0.08951512639867384
0.08473682074591128
0.08863554971946998
0.08848458132125754
0.0899333679128596
0.08702322013806568
0.08110896069319867
0.07649080482878122
0.0688427074847974
0.0710417853109526
0.07203780866355323
0.07471753818202465
0.07694099885371332
0.07214495792471912
0.08028972824012438
0.08123940756023874
0.07714733628537639
0.08649645665469372
0.09374719297370128
0.10294354708708128
0.12900595942082238
0.13925560003406864
0.15578795528308692
0.17376604925278888
0.17955933832109272
0.18173807688071372
0.18191819181918192
0.19043502067753137
