1.0
0.92018779342723
0.8926174496644296
0.8687105078399251
0.8097079037800687
0.8582283977420756
0.8920863309352518
0.8505303760848602
0.8023318385650224
0.784682566341955
0.7146040707175754
0.705354639753294
0.7032844164919637
0.7340968676693804
0.7070990806945863
0.6375374682960572
0.6266071039442144
0.615521203258826
0.6284779050736498
0.5835978294256169
0.5193225414054459
0.5009796936230851
0.48807339449541287
0.5102980373152411
0.486815415821501
0.41743725231175693
0.42611965811965813
0.44453155625245
0.49232188756343503
0.46751783702591065
0.47902211270345635
0.48739831977597015
0.42270416807861744
0.45495680789798437
0.47135537959944107
0.4948480331799624
0.5277365366446214
0.6063167259786477
0.6505966587112172
0.6926903634758886
0.7125877011968634
0.6883821066900566
0.6551567124535175
0.6598886468167514
0.7183766690091357
0.7423631123919309
0.7944236371202663
0.7344385679414158
0.7536407766990292
0.7622906537007024
0.7211055276381909
0.7652624464969587
0.678142514011209
0.6314271984622778
0.6770578384645112
0.7207899067471202
0.7740704085960696
0.8332115187838035
0.8275862068965517
0.8576260267353841
0.8249332705291255
0.7510805186489515
0.7910313901345292
0.765850009351038
0.7743950039032006
0.7042694868781826
0.7459394425506316
0.7007255139056832
0.7551062512894574
0.7789907312049433
0.7353827606992164
0.834878587196468
0.7406382978723405
0.7489603852046399
0.8088705989940558
0.8440410795318845
0.8029161603888214
0.778710141452889
0.7880434782608695
0.7759197324414716
0.7271010387157696
0.7215743440233237
0.7677185721676151
0.8194888178913738
0.8582995951417004
0.8872246696035242
0.8872246696035242
0.8872246696035242
0.853243322571177
0.9487654320987654
0.8847761194029851
0.8847761194029851
0.8847761194029851
0.9144936325045482
0.9174005466140298
0.8530465949820788
0.8240574506283662
0.7275109170305677
0.7798440311937612
0.7525103366804489
0.7782439316751574
0.7888544891640867
0.7888544891640867
0.7888544891640867
0.7621225983531564
0.7605118829981719
0.7663043478260869
0.8240343347639485
0.8558951965065502
0.8240343347639485
0.7594254937163375
0.730225988700565
0.8181818181818182
0.8181818181818182
0.8490566037735849
0.759075907590759
0.759075907590759
0.8125
0.814139110604333
0.8453038674033149
0.7667140825035562
0.7290300310666207
0.6906740535549399
0.6719101123595506
0.6478405315614618
0.5993031358885017
0.5813008130081301
0.5813008130081301
0.5843147080932097
0.5843147080932097
0.5843147080932097
0.641301425114278
0.6437086092715232
0.6457083224628228
0.6578609899974353
0.6587582029278143
0.6587582029278143
0.6587582029278143
0.6587582029278143
0.6587582029278143
0.6401297728974294
0.6587582029278143
0.6401297728974294
0.6587582029278143
0.6409626719056974
0.6230264755890211
0.6409626719056974
0.6366344005956813
0.628158844765343
0.6642066420664207
0.674028941355674
0.674028941355674
0.6885119506553585
0.7303134053199895
0.6885119506553585
0.7091571279916753
0.7091571279916753
0.6885119506553585
0.6988407258064516
0.6789539227895393
0.6789539227895393
0.6988407258064516
0.6789539227895393
0.6891495601173021
0.749868073878628
0.749868073878628
0.749868073878628
0.772788024592355
0.749868073878628
0.772788024592355
0.7272262026612077
0.7716535433070866
0.7272262026612077
0.7491578129048977
0.749868073878628
0.7963163596966414
0.749868073878628
0.8204776283283008
0.7491578129048977
0.7272262026612077
0.7491578129048977
0.6849725411882177
0.7556142668428005
0.7318217357310399
0.7800696490758103
0.7556142668428005
0.7686335403726708
0.7442572741194488
0.7442572741194488
0.6974664679582713
0.922971114167813
0.8664886515353805
0.9357277882797732
0.8764403039960774
0.8514755684567006
0.7686832740213523
0.7788461538461539
0.6986644407345576
0.6745932415519399
0.6523855890944499
0.6602870813397129
0.6759129213483146
0.6815110032923237
0.6702394908725506
0.6641583510551284
0.6625766871165644
0.6942148760330579
0.7069675506506342
0.7165599868701789
0.7618891975813041
0.7618891975813041
0.7756551141166526
0.7403701850925463
0.754912925387442
0.7434002111932418
0.7314043548151395
0.7114427860696517
0.6994818652849741
0.7331264546159814
0.778247096092925
0.7983157894736842
0.7681457135031499
0.7713355048859935
0.7460044258667322
0.7220913801224682
0.797103258833812
0.8465968586387435
0.8459016393442623
0.8235152969406119
0.7802659997726498
0.0
0.0
0.0
0.0
0.0
0.0
0.0
0.0
0.0
0.0
0.0
0.0
0.0
0.0
0.0
0.0
0.0
0.0
0.0
0.0
0.0
0.0
0.0
0.0
0.0
0.0
0.0
0.0
0.0
0.0
0.0
0.0
0.0
0.0
0.0
0.0
0.0
0.0
0.0
0.0
0.0
0.0
0.0
0.0
0.0
0.0
0.0
0.0
0.0
0.0
0.0
0.0
0.0
0.0
0.0
0.0
0.0
0.0
0.0
0.0
0.0
0.0
0.0
0.0
0.0
0.0
0.0
0.0
0.0
0.0
0.0
0.0
0.0
0.0
0.0
0.0
0.0
0.0
0.0
0.0
0.0
0.0
0.0
0.0
0.0
0.0
0.0
0.0
0.0
0.0
0.0
0.0
0.0
0.0
0.0
0.0
0.0
0.0
0.0
0.0
0.0
0.0
0.0
0.0
0.0
0.0
0.0
0.0
0.0
0.0
0.0
0.0
0.0
0.0
0.0
0.0
0.0
0.0
0.0
0.0
0.0
0.0
0.0
0.0
0.0
0.0
0.0
0.0
0.0
0.0
0.0
0.0
0.0
0.0
0.0
0.0
0.0
0.0
0.0
0.0
0.0
0.0
0.0
0.0
0.0
0.0
0.0
0.0
0.0
0.0
0.0
0.0
0.0
0.0
0.0
0.0
0.0
0.0
0.0
0.0
0.0
0.0
0.0
0.0
0.0
0.0
0.0
0.0
0.0
0.0
0.0
0.0
0.0
0.0
0.0
0.0
0.0
0.0
0.0
0.0
0.0
0.0
0.0
0.0
0.0
0.0
0.0
0.0
0.0
0.0
0.0
0.0
0.0
0.0
0.0
0.0
0.0
0.0
0.0
0.0
0.0
0.0
0.0
0.0
0.0
0.0
0.0
0.0
0.0
0.0
0.0
0.0
0.0
0.0
0.0
0.0
0.0
0.0
0.0
