1.0
0.9240516611160751
0.9784148817168662
0.9801199375667461
0.9803547509842919
0.9955685618729097
0.9594908823889364
0.9932597044014942
0.9782996079673703
0.9163370180043624
0.9719118322363386
0.9107142857142857
0.8896331969439114
0.9873417721518988
0.9620122103609554
0.9236532658087343
0.9781521546373471
0.956832554302997
0.9647807783139952
0.9265069652389012
0.8559984861864514
0.8636349809885931
0.9229465490725338
0.8951325682627622
0.9543320529236022
0.9175964434246379
0.9070754332036669
0.7903261813220885
0.8562610909652033
0.929853137516689
0.883409238776838
0.8934761095181304
0.8347386172006745
0.8413725534872064
0.8615290630585787
0.8587340993474966
0.9097303634232122
0.9512953367875647
0.8829728348803543
0.9331230690010298
0.9096306876147725
0.952339997063204
0.9541896260751103
0.9880644560743024
0.940505426602234
0.9519134902983357
0.9597711148485376
0.8612598368608286
0.8825910931174089
0.8024593348310052
0.8937749359722633
0.987257070771706
0.9265317343046631
0.9014859014859015
0.8782487973396184
0.8969757498205424
0.8875054184541337
0.8875054184541337
0.900678685681825
0.8490913410143722
0.9186963015542049
0.9760965887093305
0.9173669467787114
0.8851090566376447
0.8959267563527653
0.9002140048773205
0.8978698570177999
0.9081747852024386
0.9647307134205572
0.9205212691970037
0.8519732306680666
0.8007625174991809
0.8917383891707578
0.8398144705168601
0.8309112184810509
0.8258686446491124
0.9129772857559041
0.9201004282971497
0.937791630047748
0.9300814011941193
0.8930528309544747
0.8688520562752837
0.8693061544492356
0.8328949939133441
0.8328949939133441
0.8957040878630494
0.8205674057836607
0.7692248031954085
0.824173180998196
0.7782933381319006
0.8104528978395426
0.7771761434285399
0.7352845316472199
0.7116670260944576
0.6774866539853961
0.6649391111577119
0.5936616532850842
0.6362464798816285
0.8167890759644704
0.7258271225206041
0.6546480907760439
0.6090874198088205
0.573535981854423
0.5751729159082636
0.527617193528092
0.5110873153973141
0.4887279711750109
0.4965703803155782
0.47360536727142366
0.4537532614742905
0.48769420203869285
0.4520283578446676
0.43128836646204555
0.4201116801382119
0.49985587245655294
0.4648418609149821
0.45328797947510097
0.4426079496711467
0.4457182496942259
0.4430271901852438
0.3776525922900467
0.33072593937247996
0.2901943095072866
0.4514141242123741
0.4447581112958738
0.4345338628444485
0.2409195648439992
0.2367626577624761
0.23996634840441974
0.25186807523834065
0.27960842085254006
0.3094254266981069
0.3509654854144908
0.3616526836802752
0.3488829379298206
0.34922033230690613
0.3634651047990074
0.3880744800946643
0.3882112199181477
0.4169163395008093
0.4291314081104757
0.40145989701775675
0.4377479774571364
0.4492647880859777
0.48471660904708574
0.46898379482649144
0.5172221552064213
0.519641162349263
0.562497670083877
0.5743552412645591
0.7020753829264468
0.6996622906089951
0.7441555133154357
0.7459839307355853
0.6910405785456006
0.7421447202044303
0.8178426942678506
0.8193721612414837
0.7933428920145513
0.6980824247159254
0.5655261249364061
0.47757050854985567
0.4396813902968863
0.0
0.0
0.0
0.0
0.0
0.0
0.0
0.0
0.0
0.0
0.0
0.0
0.0
0.0
0.0
0.0
0.0
0.0
0.0
0.0
0.0
0.0
0.0
0.0
0.0
0.0
0.0
0.0
0.0
0.0
0.0
0.0
0.0
0.0
0.0
0.0
0.0
0.0
0.0
0.0
0.0
0.0
0.0
0.0
0.0
0.0
0.0
0.0
0.0
0.0
0.0
0.0
0.0
0.0
0.0
0.0
0.0
0.0
0.0
0.0
0.0
0.0
0.0
0.0
0.0
0.0
0.0
0.0
0.0
0.0
0.0
0.0
0.0
0.0
0.0
0.0
0.0
0.0
0.0
0.0
0.0
0.0
0.0
0.0
0.0
0.0
0.0
0.0
0.0
0.0
0.0
0.0
0.0
0.0
0.0
0.0
0.0
0.0
0.0
0.0
0.0
0.0
0.0
0.0
0.0
0.0
0.0
0.0
0.0
0.0
0.0
0.0
0.0
0.0
0.0
0.0
0.0
0.0
0.0
0.0
0.0
0.0
0.0
0.0
0.0
0.0
0.0
0.0
0.0
0.0
0.0
0.0
0.0
0.0
0.0
0.0
0.0
0.0
0.0
0.0
0.0
0.0
0.0
0.0
0.0
0.0
0.0
0.0
0.0
0.0
0.0
0.0
0.0
0.0
0.0
0.0
0.0
0.0
0.0
0.0
0.0
0.0
0.0
0.0
0.0
0.0
0.0
