1.0
1.0
0.9296205630354957
0.9371665678719621
0.8450990350431691
0.7818506928922664
0.7493692178301093
0.6367491166077739
0.6405228758169934
0.5868748193119399
0.5278330019880716
0.48366013071895425
0.4304960195958359
0.3730810424848269
0.311968889529022
0.27785163520340334
0.2363919129082426
0.2137359384251036
0.1874646178730287
0.16345814822650026
0.1703765342209278
0.1490265057317887
0.1328523862375139
0.12810359589041095
0.0
0.14001591089896578
0.14509480626545754
0.1606230226332441
0.18984105044920524
0.20633966799369038
0.251931849920864
0.2869602670399483
0.338296314376373
0.37220652453120984
0.4504731861198738
0.5372636262513905
0.616
0.7127397934087555
0.8196301564722618
0.8759571209800919
0.8847941567065073
0.8648289604782464
0.8791994281629736
0.7706029254370318
0.698005698005698
0.6061144685389264
0.6153846153846154
0.5618415918845103
0.5811965811965812
0.6094997898276587
0.5845749342681859
0.5228519195612431
0.492925604746691
0.5583657587548638
0.5081029551954243
0.5102040816326531
0.43023255813953487
0.37590711175616837
0.36455696202531646
0.3363682346990389
0.33968090581574883
0.3368091762252346
0.3510971786833856
0.3500810372771475
0.289920724801812
0.2624384909786769
0.34972677595628415
0.2938271604938272
0.2938271604938272
0.3209635416666667
0.2962962962962963
0.2962962962962963
0.3463917525773196
0.3463917525773196
0.34081346423562414
0.36053412462908013
0.4036191974822974
0.4036191974822974
0.3269230769230769
0.31887755102040816
0.31887755102040816
0.20743301642178047
0.22079116835326587
0.21174205967276227
