1,644,1134,689,384
2,607,1143,687,432
3,603,1143,686,431
4,596,1143,684,430
5,592,1144,685,430
6,589,1144,684,430
7,586,1144,683,430
8,579,1143,680,428
9,576,1143,679,427
10,572,1144,678,427
11,561,1144,681,429
12,553,1145,678,427
13,542,1147,682,428
14,538,1148,681,428
15,534,1150,680,426
16,519,1150,682,427
17,515,1151,680,426
18,504,1151,683,428
19,500,1153,683,427
20,492,1156,681,426
21,481,1157,684,427
22,476,1158,684,426
23,465,1158,686,428
24,457,1161,684,426
25,447,1160,687,428
26,443,1161,686,427
27,439,1161,684,427
28,432,1161,682,425
29,422,1160,685,427
30,417,1161,683,426
31,406,1160,686,428
32,398,1162,685,427
33,388,1163,688,427
34,385,1162,687,428
35,381,1164,686,426
36,375,1165,684,425
37,365,1165,687,427
38,362,1165,686,427
39,358,1165,685,426
40,345,1162,687,427
41,342,1162,685,427
42,331,1163,688,427
43,329,1161,686,427
44,324,1160,684,426
45,313,1158,686,429
46,310,1158,685,428
47,308,1158,685,427
48,303,1157,683,426
49,292,1158,686,428
50,289,1158,685,427
51,287,1158,684,427
52,281,1159,682,426
53,270,1158,685,427
54,268,1158,684,427
55,268,1158,684,427
56,265,1158,683,427
57,254,1155,684,428
58,251,1155,683,428
59,248,1155,682,427
60,239,1154,685,429
61,236,1151,684,429
62,236,1150,682,428
63,233,1148,681,428
64,233,1147,681,428
65,228,1146,679,427
66,223,1143,682,430
67,222,1144,682,430
68,219,1146,682,429
69,215,1144,679,429
70,212,1147,680,428
71,206,1147,684,430
72,203,1146,683,429
73,202,1144,681,430
74,200,1144,681,429
75,198,1143,680,429
76,197,1143,680,428
77,192,1140,677,428
78,186,1138,680,429
79,187,1138,680,429
80,186,1139,680,430
81,183,1138,679,429
82,181,1136,678,429
83,181,1135,678,429
84,180,1133,676,429
85,176,1131,674,428
86,168,1129,678,430
87,168,1127,676,429
88,166,1127,676,429
89,163,1125,674,429
90,161,1125,673,429
91,159,1125,673,429
92,154,1120,675,430
93,150,1120,674,430
94,147,1121,673,430
95,146,1120,673,429
96,144,1120,672,429
97,141,1119,671,428
98,135,1117,673,431
99,134,1115,673,430
100,133,1115,672,430
101,132,1112,670,430
102,131,1112,670,429
103,129,1109,669,429
104,129,1111,669,429
105,126,1109,668,429
106,124,1108,667,428
107,117,1107,670,430
108,117,1105,670,430
109,112,1105,668,430
110,111,1104,667,429
111,110,1103,667,428
112,109,1103,667,428
113,109,1103,667,428
114,108,1101,665,428
115,109,1100,665,428
116,107,1099,664,428
117,99,1097,667,430
118,98,1097,667,430
119,98,1096,665,429
120,96,1095,665,429
121,95,1096,664,429
122,93,1095,664,428
123,94,1095,664,428
124,93,1095,664,428
125,90,1093,662,428
126,89,1093,662,428
127,84,1093,666,430
128,82,1093,666,430
129,81,1092,665,429
130,81,1091,664,429
131,80,1092,665,429
132,80,1092,665,429
133,81,1091,664,429
134,80,1091,664,429
135,78,1091,663,428
136,78,1091,663,428
137,77,1089,663,429
138,76,1091,662,428
139,74,1091,662,428
140,74,1089,662,428
141,74,1089,662,428
142,72,1089,661,428
143,73,1088,661,428
144,71,1089,661,428
145,65,1088,664,430
146,64,1089,664,430
147,63,1089,664,430
148,62,1088,663,429
149,61,1089,664,429
150,59,1089,663,429
151,60,1091,663,429
152,58,1091,663,428
153,59,1089,663,429
154,57,1091,662,428
155,57,1091,662,428
156,57,1091,662,428
157,57,1091,662,428
158,56,1091,662,428
159,54,1092,663,428
160,54,1092,663,428
161,53,1093,663,429
162,52,1095,663,428
163,51,1093,662,428
164,44,1093,666,430
165,44,1093,666,430
166,43,1092,665,429
167,43,1092,665,429
168,43,1091,664,429
169,42,1091,664,429
170,40,1088,663,429
171,40,1087,663,428
172,41,1086,661,428
173,40,1084,661,429
174,38,1084,660,428
175,38,1084,660,428
176,37,1084,660,428
177,37,1083,660,428
178,36,1082,659,427
179,35,1080,657,427
180,27,1078,660,428
181,29,1076,661,429
182,27,1076,660,429
183,28,1075,659,428
184,27,1075,658,428
185,27,1075,658,428
186,25,1075,658,428
187,25,1075,658,428
188,25,1074,658,428
189,24,1074,658,427
190,22,1073,657,427
191,21,1073,656,427
192,21,1071,656,427
193,21,1069,656,428
194,21,1069,656,428
195,22,1069,657,428
196,22,1068,655,427
197,22,1068,655,427
198,21,1067,655,427
199,21,1064,654,427
200,21,1064,654,427
201,20,1064,654,427
202,20,1063,652,426
203,19,1063,652,426
204,14,1063,656,428
205,13,1064,658,429
206,12,1064,657,428
207,12,1064,657,428
208,12,1064,657,428
209,11,1065,657,429
210,11,1065,657,429
211,9,1067,657,428
212,9,1067,657,428
213,9,1065,656,429
214,9,1064,656,428
215,9,1065,656,429
216,8,1067,657,428
217,8,1065,656,428
218,8,1065,656,428
219,8,1067,657,428
220,9,1067,657,428
221,9,1067,657,428
222,8,1068,657,428
223,7,1068,656,428
224,7,1067,656,428
225,6,1067,656,427
226,6,1068,656,428
227,3,1068,655,427
228,2,1068,655,427
229,3,1068,655,427
230,2,1068,655,427
231,1,1068,654,427
232,1,1068,654,427
233,0,1069,656,428
234,0,1069,656,428
235,1,1068,654,427
236,-1,1067,654,426
237,-6,1065,658,429
238,-5,1065,658,429
239,-6,1064,658,429
240,-7,1063,656,428
241,-7,1063,656,428
242,-7,1063,656,428
243,-7,1061,656,429
244,-10,1060,656,429
245,-10,1060,656,429
246,-9,1062,657,429
247,-10,1062,657,429
248,-10,1062,657,429
249,-11,1061,656,428
250,-10,1060,656,429
251,-13,1061,655,428
252,-13,1061,655,428
253,-14,1061,655,428
254,-15,1061,655,427
255,-15,1063,655,428
256,-15,1062,655,428
257,-14,1063,655,428
258,-15,1063,655,428
259,-15,1062,655,428
260,-15,1062,655,428
261,-16,1062,655,428
262,-16,1062,655,428
263,-16,1062,655,428
264,-16,1062,655,428
265,-16,1059,654,428
266,-16,1061,654,427
267,-16,1061,654,427
268,-16,1061,654,427
269,-16,1061,654,427
270,-16,1061,654,427
271,-18,1061,654,427
272,-19,1061,654,427
273,-19,1061,654,427
274,-20,1061,653,427
275,-27,1059,657,429
276,-28,1059,656,429
277,-29,1059,656,429
278,-28,1059,656,429
279,-30,1059,656,429
280,-30,1059,656,429
281,-31,1059,656,429
282,-31,1059,656,429
283,-31,1059,656,429
284,-32,1058,654,428
285,-32,1058,654,428
286,-32,1057,654,427
287,-34,1057,653,427
288,-36,1055,652,427
289,-37,1055,652,427
290,-37,1057,652,427
291,-37,1057,652,427
292,-37,1055,652,427
293,-37,1054,652,427
294,-37,1054,652,427
295,-37,1054,652,427
296,-36,1053,651,426
297,-36,1053,651,426
298,-38,1054,652,427
299,-42,1053,654,428
300,-44,1054,655,429
301,-44,1054,655,429
302,-45,1055,655,429
303,-46,1055,655,429
304,-48,1057,655,428
305,-49,1057,654,428
306,-49,1057,654,428
307,-49,1057,654,428
308,-49,1055,654,428
309,-49,1055,654,428
310,-49,1055,654,428
311,-49,1054,654,428
312,-50,1055,654,428
313,-51,1057,654,427
314,-50,1055,654,428
315,-51,1055,653,428
316,-51,1054,653,428
317,-51,1054,653,428
318,-52,1054,653,427
319,-52,1054,653,427
320,-51,1053,652,427
321,-51,1053,652,427
322,-53,1054,653,427
323,-53,1054,653,427
324,-52,1052,651,427
325,-53,1051,651,427
326,-54,1049,651,428
327,-54,1049,651,428
328,-54,1051,651,427
329,-55,1051,651,427
330,-56,1049,650,428
331,-60,1048,654,429
332,-63,1049,654,429
333,-64,1051,654,428
334,-66,1052,655,429
335,-66,1052,655,429
336,-66,1052,655,429
337,-67,1053,654,429
338,-67,1053,654,429
339,-67,1053,654,429
340,-65,1052,655,429
341,-64,1052,655,429
342,-63,1052,655,429
343,-63,1052,655,429
344,-63,1052,655,429
345,-64,1053,655,429
346,-65,1053,655,429
347,-64,1054,655,430
348,-66,1054,655,430
349,-65,1052,655,429
350,-65,1051,653,428
351,-65,1051,653,428
352,-65,1051,653,428
353,-65,1051,653,428
354,-66,1049,653,429
355,-67,1049,653,429
356,-69,1049,652,428
357,-68,1051,652,428
358,-69,1049,652,428
359,-69,1051,652,428
360,-70,1051,652,428
361,-72,1052,653,428
362,-72,1052,653,428
363,-74,1053,652,428
364,-75,1052,652,427
365,-76,1052,652,427
366,-81,1051,654,429
367,-83,1052,655,429
368,-83,1052,655,429
369,-84,1051,653,428
370,-85,1049,653,429
371,-85,1049,653,429
372,-85,1048,653,428
373,-87,1048,652,428
374,-87,1047,652,428
375,-89,1047,651,427
376,-90,1047,651,427
377,-91,1048,651,427
378,-92,1048,651,427
379,-92,1048,651,427
380,-93,1048,650,427
381,-95,1047,650,426
382,-101,1044,653,429
383,-103,1045,653,429
384,-104,1047,653,428
385,-106,1048,652,428
386,-106,1048,652,428
387,-106,1047,652,428
388,-107,1047,652,428
389,-109,1048,651,428
390,-111,1048,651,427
391,-112,1048,650,427
392,-113,1048,650,427
393,-121,1048,653,429
394,-122,1047,653,428
395,-123,1048,653,428
396,-124,1048,652,428
397,-127,1048,651,428
398,-128,1049,652,428
399,-128,1049,652,428
400,-129,1049,651,428
401,-132,1049,650,428
402,-138,1049,654,429
403,-140,1051,654,428
404,-141,1051,653,428
405,-145,1052,654,428
406,-146,1051,652,428
407,-146,1051,652,428
408,-146,1051,652,428
409,-150,1052,652,428
410,-150,1051,651,427
411,-153,1052,651,427
412,-159,1051,654,428
413,-162,1052,654,428
414,-163,1053,654,429
415,-164,1052,654,428
416,-166,1052,653,428
417,-168,1052,653,428
418,-169,1052,652,428
419,-171,1052,652,427
420,-177,1052,655,429
421,-179,1051,653,428
422,-181,1051,653,428
423,-182,1051,652,428
424,-184,1051,652,428
425,-187,1049,651,428
426,-190,1051,650,427
427,-197,1051,654,428
428,-199,1052,655,429
429,-202,1052,654,428
430,-203,1052,653,428
431,-204,1052,653,428
432,-204,1051,652,428
433,-206,1051,651,427
434,-207,1051,651,427
435,-207,1051,651,427
436,-207,1051,651,427
437,-208,1051,650,427
438,-217,1052,655,429
439,-218,1052,655,429
440,-219,1052,654,428
441,-221,1052,654,428
442,-223,1052,653,428
443,-224,1052,653,428
444,-225,1053,653,428
445,-225,1053,653,428
446,-227,1052,652,427
447,-228,1052,652,427
448,-234,1052,655,429
449,-235,1053,655,429
450,-236,1052,655,429
451,-236,1052,655,429
452,-236,1052,655,429
453,-237,1052,655,429
454,-236,1051,653,428
455,-238,1051,653,428
456,-239,1049,652,428
457,-240,1049,652,428
458,-242,1049,652,428
459,-243,1049,651,428
460,-244,1049,651,428
461,-246,1051,650,427
462,-254,1051,654,428
463,-255,1049,653,429
464,-256,1049,653,429
465,-257,1047,652,428
466,-260,1043,650,427
467,-262,1042,649,426
468,-263,1038,648,427
469,-265,1036,646,426
470,-273,1032,649,427
471,-273,1029,649,429
472,-275,1027,648,428
473,-277,1026,646,427
474,-282,1023,644,427
475,-290,1020,647,428
476,-292,1018,647,429
477,-294,1016,646,428
478,-299,1011,643,426
479,-306,1006,646,428
480,-307,1002,644,428
481,-309,997,644,428
482,-311,991,641,427
483,-313,986,640,427
484,-315,984,640,426
485,-316,981,638,426
486,-325,972,640,428
487,-326,967,640,429
488,-328,964,639,427
489,-329,961,637,427
490,-334,954,636,427
491,-341,950,639,428
492,-343,945,638,428
493,-345,942,637,428
494,-348,934,635,427
495,-350,932,634,426
496,-353,928,634,427
497,-360,924,637,428
498,-364,916,634,427
499,-366,913,634,427
500,-369,910,633,427
501,-377,906,635,429
502,-382,904,634,428
503,-384,900,633,428
504,-385,900,633,427
505,-389,899,632,427
506,3438,896,634,427
507,3434,893,633,427
508,3430,891,632,427
509,3422,889,635,429
510,3417,890,633,428
511,3414,890,633,427
512,3408,889,636,429
513,3406,888,635,429
514,3404,889,635,429
515,3400,891,634,428
516,3398,891,633,428
517,3397,891,633,428
518,3394,891,632,428
519,3385,892,635,429
520,3383,892,634,429
521,3381,893,634,429
522,3379,894,633,428
523,3376,895,633,428
524,3368,896,637,429
525,3368,897,637,430
526,3367,898,637,430
527,3366,904,637,429
528,3365,905,636,430
529,3364,906,636,430
530,3362,908,636,429
531,3359,914,635,430
532,3359,916,635,429
533,3357,919,635,429
534,3355,923,636,429
535,3349,925,639,430
536,3348,929,639,431
537,3349,931,639,431
538,3349,934,639,431
539,3350,938,640,431
540,3351,939,640,431
541,3350,941,641,431
542,3351,943,642,432
543,3352,948,642,431
544,3354,949,643,431
545,3355,952,643,431
546,3357,954,643,432
547,3360,958,644,432
548,3361,961,645,432
549,3362,962,645,432
550,3364,964,645,431
551,3368,968,646,431
552,3370,969,647,432
553,3372,972,647,432
554,3374,972,648,432
555,3379,976,649,432
556,3382,978,649,431
557,3387,979,649,432
558,3388,980,649,432
559,3394,985,651,432
560,3396,985,651,432
561,3398,986,651,432
562,3399,987,651,432
563,3404,987,651,432
564,3405,990,651,432
565,3408,993,652,433
566,3410,993,652,432
567,3415,995,652,432
568,3417,998,652,431
569,3421,995,651,432
570,3423,995,651,431
571,3428,996,651,432
572,3431,995,651,431
573,3434,993,650,432
574,3436,992,650,431
575,3440,991,649,431
576,3443,989,648,431
577,3445,988,648,431
578,3449,984,647,431
