1.0
0.7731786824349935
0.7653980198269397
0.7664876037024121
0.7556070980348547
0.7461290757987697
0.7392137264700983
0.749843206940706
0.7445346943703844
0.7353136320811051
0.7135495604728705
0.68642860651309
0.690982046908736
0.6829001636661212
0.6684350132625995
0.6447058979403912
0.6516636406496072
0.6609478319873339
0.6835207918033493
0.6692660913625208
0.6992354388843314
0.6915181725410158
0.6702211817369101
0.6656359319325302
0.647693817468106
0.6373881618644123
0.6289844952218386
0.642250874692238
0.6249202806122449
0.6249197422718664
0.6065878619595398
0.614411312909376
0.5888668648827222
0.6064295542676063
0.6018893300678245
0.6125799428713765
0.596158194969535
0.6194822538561268
0.6135725758042797
0.5929859745037427
0.586732092786133
0.5868936819033703
0.5822408913818703
0.5742049469964664
0.574532390510949
0.5703762817711401
0.5857441752337655
0.5776284032210769
0.5575205280953147
0.5535413628476414
0.5442861642470037
0.5353898175528831
0.5434139907213681
0.5397356793896101
0.5397356793896101
0.5452454967423243
0.5287487875848691
0.5213315726838493
0.5176036019000609
0.5049087682752768
0.5181714575155122
0.5179421200918521
0.5130194877994092
0.5268086549372009
0.5259581703567745
0.5174549879295424
0.5160590940857157
0.5332473879283979
0.5253577779381754
0.5272482020393582
0.5190399535546525
0.5152735584867946
0.5293419403024887
0.5276468567273407
0.5240655248449481
0.5533157212808562
0.5202993088945375
0.5126116985596743
0.5140202366452649
0.5114394196718335
0.5191063378865988
0.5120308917581755
0.5120308917581755
0.5004011120485761
0.5030660770899382
0.49638314908298653
0.4948340963472151
0.4948340963472151
0.4963065206383997
0.5099927060539752
0.5099927060539752
0.5072915910904737
0.5057106972205979
0.5064642103475877
0.48354663378887597
0.4769400929352514
0.47877183916874994
0.4641213985723915
0.4425246936463447
0.4275484005273749
0.42882795100222715
0.42126852136060494
0.4331197730718443
0.428710661175213
0.42977490746506763
0.431429153409051
0.42748968214750527
0.3908237152609841
0.39199673336055535
0.39350327218711023
0.38946107952650005
0.38946107952650005
0.3828947460829137
0.3814677716455286
0.3814677716455286
0.3820436756390675
0.3749423326949155
0.3749423326949155
0.37695142990664054
0.37213240900482425
0.3726941944020213
0.37356706994462274
0.37356706994462274
0.3632432508694333
0.3643432792522518
0.34117006148164397
0.3375354355510447
0.3375354355510447
0.3388339452280991
0.35299209356823913
0.3524600531219697
0.3524600531219697
0.3325991499422974
0.3325991499422974
0.333881973976067
0.31611681894758403
0.31537832714357195
0.3165953924679266
0.3028628829733802
0.3028628829733802
0.3028628829733802
0.30332206848179555
0.30332206848179555
0.30332206848179555
0.29414882228859635
0.29414882228859635
0.29414882228859635
0.2952815829528158
0.2868269413428457
0.2872604665419454
0.2872604665419454
0.28263594854101853
0.28197576099210825
0.28306377741389005
0.28306377741389005
0.27927456375506626
0.27927456375506626
0.27927456375506626
0.2540835999237304
0.2540835999237304
0.2515226986906024
0.2521115222733821
0.2524931041799279
0.24925128750559786
0.24925128750559786
0.25020984866311474
0.2518535168528671
0.2522335561027084
0.2522335561027084
0.2519022658099425
0.24082959950003707
0.24155968338852196
0.2409955269127218
0.23494027182702948
0.23494027182702948
0.23494027182702948
0.23494027182702948
0.23448064687263004
0.23519580007499866
0.22549777623300254
0.21184853880504212
0.2099056353426955
0.21071681010446155
0.20184687184303013
0.20184687184303013
0.19127397416197142
0.19127397416197142
0.19127397416197142
0.1917227019587989
0.18624779955509058
0.18653220326860495
0.18653220326860495
0.18609563089130388
0.19034842981811437
0.190058208710645
0.1910867719902723
0.1910867719902723
0.1910867719902723
0.19137945877693918
0.17932788361173782
0.17932788361173782
0.18030185549164218
0.17870357681238866
0.16789742931141505
0.1669954724157997
0.16764146440504094
0.16764146440504094
0.16764146440504094
0.1640281020458204
0.1640281020458204
0.1644119595648736
0.1644119595648736
0.1610802269216807
0.16145718138426524
0.1610802269216807
0.16121104185218166
0.16145718138426524
0.16145718138426524
0.14668442760163267
0.14668442760163267
0.14668442760163267
0.15220310368531467
0.15536879354196617
0.15536879354196617
0.15573322082259178
0.15536879354196617
0.14761406850914197
0.14761406850914197
0.14761406850914197
0.14761406850914197
0.14534604322222938
0.14534604322222938
0.14456318575484756
0.14456318575484756
0.13736466689857235
0.0
0.0
0.0
0.0
0.0
0.0
0.0
0.0
0.0
0.0
0.0
0.0
0.0
0.0
0.0
0.0
0.0
0.0
0.0
0.0
0.0
0.0
0.0
0.0
0.0
0.0
0.0
0.0
0.0
0.0
0.0
0.0
0.0
0.0
0.0
0.0
0.0
0.0
0.0
0.0
0.0
0.0
0.0
0.0
0.0
0.0
0.0
0.0
0.0
0.0
0.0
0.0
0.0
0.0
0.0
0.0
0.0
0.0
0.0
0.0
0.0
0.0
0.0
0.0
0.0
0.0
0.0
0.0
0.0
0.0
0.0
0.0
0.0
0.0
0.0
0.0
0.0
0.0
0.0
0.0
0.0
0.0
0.0
0.0
0.0
0.0
0.0
0.0
0.0
0.0
0.0
0.0
0.0
0.0
0.0
0.0
0.0
0.0
0.0
0.0
0.0
0.0
0.0
0.0
0.0
0.0
0.0
0.0
0.0
0.0
0.0
0.0
0.0
0.0
0.0
0.0
0.0
0.0
0.0
0.0
0.0
0.0
0.0
0.0
0.0
0.0
0.0
0.0
0.0
0.0
0.0
0.0
0.0
0.0
0.0
0.0
0.0
0.0
0.0
0.0
0.0
0.0
0.0
0.0
0.0
0.0
0.0
0.0
0.0
0.0
0.0
0.0
0.0
0.0
0.0
0.0
0.0
0.0
0.0
0.0
0.0
0.0
0.0
0.0
0.0
0.0
0.0
0.0
0.0
0.0
0.0
0.0
0.0
0.0
0.0
0.0
0.0
0.0
0.0
0.0
0.0
0.0
0.0
0.0
0.0
0.0
0.0
0.0
0.0
0.0
0.0
0.0
0.0
0.0
0.0
0.0
0.0
0.0
0.0
0.0
0.0
0.0
0.0
0.0
0.0
0.0
0.0
0.0
0.0
0.0
0.0
0.0
0.0
0.0
0.0
0.0
0.0
0.0
0.0
0.0
0.0
0.0
0.0
0.0
0.0
0.0
0.0
0.0
0.03616116651685714
0.03630126685620573
0.03959547665422183
0.03974960423880122
0.041025344706791575
0.041248942451189353
0.040962178495577456
0.04379066904504685
0.043960755630659036
0.044173957144668444
0.044311042148907485
0.0418298012074061
0.04173221826612569
0.041894504779631005
0.041879010517176594
0.04339120755207957
0.04352586319407184
0.0451793469985571
0.04626370898257809
0.04633594289914107
0.047647496490578624
0.04779675349743552
0.0485632047629297
0.048449908646881985
0.045353334114613855
0.04549562457292746
0.04436022445037255
0.04404887174090962
0.04913305374408069
0.0492101308507129
0.04695181726382204
0.047136303093088645
0.047716249437090734
0.04738063210828602
0.04393835932453631
0.047387207152005964
0.04343100503515738
0.04309231762427373
0.046075720025188456
0.042949718032980366
0.04408937655270318
0.04415908527080117
0.04122913550259927
0.04537902388369678
0.04658056320135507
0.04579391450576058
0.04362207521200551
0.044848853467042975
0.04258727231312961
0.04265449929166743
0.041535427276206176
0.04016460358094056
0.04022820525153265
0.04022820525153265
0.04015460039947083
0.04050439153263937
0.040568429742319716
0.036793537545328575
0.0342214888752414
0.0342214888752414
0.03392677684616682
0.036227376186538054
0.03767688485056958
0.03755909872834575
0.03753074112218382
0.03753074112218382
0.03749324967212693
0.035614386714534284
0.03587407647249286
0.03604332852559385
0.03598652525779445
0.033544414614217345
0.032855016503932195
0.032855016503932195
0.032855016503932195
0.03175652843735353
0.0355874989553394
0.03240364522869747
0.03227811506215669
0.032353058363729224
0.030240564741280795
0.03369559320807942
0.03361753870689562
0.035291489836944384
0.03467153941059462
0.03467153941059462
0.03740666361404255
0.03484583955794741
0.03572645220515726
0.03572645220515726
0.03510204081632653
0.03417138240561671
0.03425072288768099
0.03275529865125241
0.03275529865125241
0.030590390255549497
0.02950693484241586
0.02950693484241586
0.02950693484241586
0.02943555715522802
0.03079017422819653
0.030671797566136062
0.02932291499877243
0.031579471742154946
0.03165279293545327
0.03004892929307328
0.030118695951907245
0.030362424717579557
0.030432918988426916
0.03074474084332103
0.03081612283519778
0.03034037979218918
0.02980945204004737
0.03327352329003086
0.031915696556483235
