1.0
1.0
1.0
0.9617391304347827
0.9247787610619469
0.9016949152542373
0.9016949152542373
0.9247787610619469
0.9503202624589908
0.9503202624589908
0.9259823332318002
0.9265432098765433
0.9512624779800353
0.9096320346320347
0.918776809187768
0.9413115224565934
0.9130836800739713
0.999683644416324
0.9155421495475472
0.8452987494210282
0.8093841642228738
0.8717413972888426
0.8629976580796253
0.9002729372244384
0.9239535393381547
0.8558673469387755
0.9550180831826401
0.9552134359692093
1.0
1.0
0.9037400367872471
0.8896723351306511
0.9548648073238237
0.9573439798276949
0.9444681759931653
0.9706125827814569
0.9061488673139159
0.972972972972973
0.8938848920863309
0.8680330816253147
0.9460043196544277
0.922077922077922
0.8704028021015762
0.899063475546306
0.9601981551076187
0.8263604907203523
0.9261281515978802
0.9508804448563485
0.9387934830471159
0.927710843373494
0.8863636363636364
0.849787553111722
0.8731848983543078
0.9892593980267266
0.9681970625650514
0.9113924050632911
0.9490848585690516
0.8873570948217888
0.9002212622484459
0.9452836522322927
0.8275088169285028
0.9017267107226604
0.8690145196169292
0.8374296713058929
0.7331699038280218
0.7900079617834395
0.7933959406240533
0.7820689655172414
0.8565333862486357
0.8829222011385199
0.8661134163208852
0.9276116168183789
0.9726242659829626
0.9467804499612102
0.9481109891832575
0.9287895836682205
0.8301301921884687
0.6884407838682193
0.5933319613089113
0.6260644205849686
0.6479121583714034
0.5593784683684795
0.5712684176809737
0.6511182664694108
0.6769726858877086
0.6073329390892963
0.6334865818453972
0.7092983062564812
0.6715564395822974
0.6510881198715662
0.6453458138325533
0.6833077673964579
0.6789554531490015
0.6342461441611583
0.6589877835951135
0.6165609847071988
0.6270745850829834
0.6121648136036625
0.6709677419354839
0.7259316770186336
0.7448004496908376
0.8119915637240133
0.7768962234211362
0.8740936058009229
0.8228514981890023
0.9601706970128022
0.9010559249120063
0.8335220838052095
0.799492385786802
0.9190110826939472
0.9574468085106383
0.9591836734693877
0.9567062818336163
0.9788014675907053
0.9807767752059631
0.9629629629629629
0.9796806966618288
1.0
1.0
0.895364238410596
0.817353033637221
0.9643080776455855
0.8590320021158424
0.8239866740699612
0.8177314211212516
0.867199587416194
0.8240627297231071
0.9384615384615385
0.913463751438435
0.9525338225177712
0.8164435946462715
0.9236763694705478
0.9250493096646942
0.953630400361909
0.8953414167198468
0.9399386234107847
1.0
1.0
0.9440809042236764
0.9718732420776298
0.9347412151635797
0.8640454760776883
0.8770794824399261
0.8976063829787234
0.8613518197573656
0.9364218827008378
0.9112024016432296
0.8705745792222868
0.9007704160246534
0.8948398825339113
0.7709337153275166
0.8612779901693064
0.9496221662468514
0.8785632110443564
0.9211871804464397
0.9138369138369138
0.9147651006711409
0.9192751235584844
0.9303590859630033
0.8868355877309964
0.8969828757814624
0.8788839568801522
0.798320033599328
0.8117862435707436
0.8305149154474635
0.8236988274017691
0.7973637176050045
0.8238144686742818
0.8564485981308412
0.8130293159609121
0.8411138411138411
0.8383838383838383
0.851877133105802
0.7960893854748603
0.8312807881773399
0.7634573977237773
0.8133820355304665
0.9186757826556315
0.9593159315931593
0.9193954659949622
0.8942206654991244
0.8683926645091694
0.9193488716241214
0.8301886792452831
0.915234375
0.8529570375696567
0.860655737704918
0.8782593058802374
0.8775280898876404
0.9721895808852331
0.9063829787234042
0.9459459459459459
0.9193954659949622
0.9992984917572781
0.8632559608400442
0.9863229879011047
0.7839116719242902
0.882507441779023
0.8147801683816651
0.7958692600761981
0.8411030860144452
0.8534764349043397
0.9203992833375991
0.9306260575296108
0.9818978102189782
0.9976635514018691
0.9348890809564967
0.9338485316846986
0.9630573248407643
0.9317824583464319
0.9613733905579399
0.9442282749675746
0.911408540471638
0.896197948098974
0.9286177806619078
0.8721160184574819
0.807875516036837
0.875885328836425
0.9821484497337927
0.9491525423728814
0.9672131147540983
0.953125
0.9152976317473864
0.9221232080588919
0.8750633125105521
0.8687648456057007
0.7085658820674594
0.7204982760538317
0.7487241068748124
0.7171290711700844
1.0
0.8535318559556787
0.7967874486365334
0.7590817015530047
0.7273781902552204
0.7364438839848676
0.7444949318420133
0.7627593942793045
0.7028434120945134
0.6943231441048034
0.77759157289921
0.8260305937256935
0.8990980834272829
0.9147102526002971
0.8582326764144946
0.7981927710843374
0.9272727272727272
0.8911968348170128
0.9088416723783413
0.8895348837209303
0.8773678963110668
0.9119788219722038
0.8789111389236546
0.8316831683168316
0.8808864265927978
0.8653846153846154
0.8399140478109052
0.8725998962117281
0.905940594059406
0.8405797101449275
0.8712340995313546
0.84483877948496
0.984396512161542
0.9014084507042254
0.8513513513513513
0.9196339765267555
0.8788112697800077
0.8853928634206363
0.7649006622516556
0.8458567415730337
0.8196052846191486
0.8729576525508503
0.7872060756535709
0.779134295227525
0.9073305670816044
0.9648426424723561
0.9330776352334347
0.874581139301101
0.885822262940907
0.8238387379491674
0.7509874326750449
0.7503997157576834
0.725125156445557
0.7720487488281532
0.7517283039130143
0.7584105623968516
0.7424141008478358
0.7838878051352349
0.7417386635427344
0.6888098062475286
0.8524140632651063
0.8533780782707397
0.790198089275112
0.7606862460017447
0.771004942339374
0.7367421673674217
0.7316642120765832
0.7006175314780656
0.691162385720505
0.7315175097276264
0.773105788012748
0.8053848731985253
0.7703668413530252
0.832920630783266
0.8610567514677103
0.8354430379746836
0.8810250152532032
0.8751642575558476
0.7615894039735099
0.7952358416153967
0.8898474811277153
0.8776956253850894
0.819609050330922
0.7864615384615384
0.9208513468573329
0.9350307287093942
0.929384965831435
0.8123717847561938
0.8509630565203663
0.816632475934985
0.8551319648093841
0.9134262655906089
0.8727297555646593
0.8659713168187745
0.9765013054830287
0.9640540540540541
0.6719022687609075
0.7110125646711013
0.8676129032258064
0.9233295440191992
0.9777777777777777
0.9560754356648364
0.8589602983110332
0.9245697123714913
0.8544600938967136
0.8634608634608635
0.8144087705559906
0.8295081967213115
0.8389064618165386
0.860156515821708
0.8945097099017022
0.8719695220503348
0.8617104527669089
0.8441935844417123
0.8481080501661485
0.8988847583643123
0.7842522769562237
0.8442246916097461
0.8883404628715587
0.8754472271914132
0.9269949066213922
0.8204029147021002
0.7642934728942431
0.7918585966791645
0.7468654358771843
0.7736960479811502
0.8070606636130041
0.8418692471088034
0.8391941828585052
0.768285873813512
0.8815742397137746
0.8702355988651782
0.8810437452033768
0.8103153263260816
0.851877133105802
0.8291251535416951
0.8800234672924612
0.7691280544799038
0.7643445483735865
0.7774056029232643
0.0
0.0
0.0
0.0
0.8379834519915336
0.6765979560020786
0.7553014936382076
0.7298706313960224
0.6854561101549054
0.6524727897651327
0.7342947451600158
0.8937823834196891
0.8350247816851546
0.026815499101873235
0.0035452013167890607
0.0
0.0
0.0
0.0
0.0
0.0
0.0
0.0
0.0
0.0
0.0
0.0
0.0
0.0
0.0
0.0
0.0
0.0
0.0
0.0
0.0
0.0
0.0
0.0
0.0
0.0
0.0
0.0
0.0
0.0
0.0
0.0
0.0
0.0
0.0
0.0
0.0
0.0
0.0
0.0
0.0
0.0
0.0
0.0
0.0
0.0
0.0
0.0
0.0
0.0
0.0
0.0
0.0
0.0
0.0
0.0
0.0
0.0
0.0
0.0
0.0
0.0
0.0
0.0
0.0
0.0
0.0
0.0
0.0
0.0
0.0
0.0
0.0
0.0
0.0
0.0
0.0
0.0
0.0
0.0
0.0
0.0
0.0
0.0
0.0
0.0
0.0
0.0
0.0
0.0
0.0
0.0
0.0
0.0
0.0
0.0
0.0
0.0
0.0
0.0
0.0
0.0
0.0
0.0
0.0
0.0
0.0
0.0
0.0
0.0
0.0
0.0
0.0
0.0
0.0
0.0
0.0
0.0
0.0
0.0
0.0
0.0
0.0
0.0
0.0
0.0
0.0
0.0
0.0
0.0
0.0
0.0
0.0
0.0
0.0
0.0
0.0
0.0
0.0
0.0
0.0
0.0
0.0
0.0
0.0
0.0
0.0
0.0
0.0
0.0
0.0
0.0
0.0
0.0
0.0
0.0
0.0
0.0
0.0
0.0
0.0
0.0
0.0
0.0
0.0
0.0
0.0
0.0
0.0
0.0
0.0
0.0
0.0
0.0
0.0
0.0
0.0
0.0
0.0
0.0
0.0
0.0
0.0
0.0
