1.0
0.9648112603966731
0.9980481457384516
1.0
0.9351940968880333
0.9661016949152542
1.0
0.8986089644513138
0.8713345302214243
0.9484726936130824
0.9833080424886191
0.982090524259199
0.9469387755102041
0.9638213680045223
0.8584705257567711
0.9549902152641878
1.0
0.9419605665093029
0.9069408740359897
0.9668580375782881
0.9016182892370922
0.9673133138453361
0.9168765743073047
0.9487836107554417
0.8390526824552924
0.890625
0.8394299287410927
0.789279112754159
0.8670674682698731
0.859375
0.7894736842105263
0.9533408833522083
0.9008155168613622
0.9709342560553633
0.9101274312541918
0.9453847889866848
0.9212667692984385
0.8582257734070887
0.7922966162706984
0.9462012320328542
0.8122370936902485
0.9291726544857318
0.9764948453608248
0.8961937716262975
0.9411330503782985
0.8128351206434317
0.8608531131750946
0.8657407407407407
0.8657407407407407
0.8456072351421189
0.800819413803971
0.801660516605166
0.9113381674357284
0.9041031284389247
0.8917661652969453
0.7963807352522086
0.8343036274070756
0.8245409501603032
0.7900713349832581
0.6853846153846154
0.6510926902788244
0.7315185137401625
0.7253886010362695
0.6567164179104478
0.805703175631886
0.6754058929645219
0.7616480554485945
0.6733027625545241
0.6345845364132179
0.7286269430051814
0.781505376344086
0.7188219973955725
0.7049771111327554
0.7211867630277672
0.7706004550400634
0.7725220804710501
0.7399328859060402
0.6841341795104261
0.6894894894894895
0.7044179523141655
0.5808130081300813
0.6191618682021753
0.7299270072992701
0.6414079687118064
0.6746396810794235
0.6199940670424207
0.5736543909348442
0.6285241711149537
0.649843191597987
0.6161320282917768
0.6057007125890737
0.5792120170581122
0.5964249748237663
0.6460853845084132
0.5821311060491015
0.5347298152730621
0.5425950196592398
0.5099570909891077
0.4878577623590633
0.5106602475928473
0.4817085844938682
0.4706539398862713
0.49790525298098615
0.4558319678236258
0.4188126863648685
0.4872881355932203
0.46079753419379693
0.4178136150887437
0.41776069017254314
0.42662116040955633
0.39970996102601286
0.37763349675367697
0.3599712023038157
0.3888096636188239
0.3874586629829629
0.39447892845475335
0.3887167518409722
0.393712143063167
0.38146167557932265
0.357779626768097
0.3590910955252041
0.36488064087597116
0.38925822253324005
0.41518940100765067
0.42918631805485596
0.4200722704981502
0.4105010929880612
0.39031808389304273
0.48086475235346987
0.49500852203554907
0.5187180177753837
0.46752417889930775
0.4587586770110249
0.5074445792434101
0.5254016500217108
0.5420441901128596
0.5552664446294754
0.5131540053207213
0.5682951146560319
0.5613071895424837
0.5676954935410709
0.5430923099009427
0.6262911819071436
0.5830164765525983
0.6727322856355115
0.7533611497450162
0.7507507507507507
0.7575307468361951
0.894649891981192
0.9023243998475803
0.7749344651104731
0.8411565903116786
0.8835634279760354
0.8819833817469432
0.8701099633455515
0.891832229580574
0.8607841771711122
0.8397894452692671
0.9332831015823002
0.8654670094258783
0.8139207402937034
0.8915460457310678
0.8339520274129069
0.7798479347900541
0.8553373795073188
0.763002068916316
0.8169878658101356
0.7782374844848986
0.7174199210179903
0.7638575935105903
0.7127092011985675
0.7655099894847529
0.7057803468208093
0.727751756440281
0.6231518211323477
0.6664198445020363
0.5299617509562261
0.588702559576346
0.6374799005993276
0.5273933916972606
0.5830528318454559
0.5253476245654692
0.48692834523897194
0.5017863652934743
0.5181690867546251
0.49514987965866825
0.536040761276787
0.49776376567197006
0.4742268041237113
0.4383326171035668
0.4524808332127875
0.4437993497445425
0.4437993497445425
0.481937031020345
0.4880981005049291
0.4880981005049291
0.4296369965191447
0.49493333333333334
0.5012293962298515
0.49624060150375937
0.5352222765021983
