1.0
0.9923554706163402
0.9565217391304348
0.9285714285714286
0.9231463377951572
0.9285714285714286
0.9129261895841139
0.9148936170212766
0.9097901575685162
0.9086124036921199
0.8996874534901027
0.9148936170212766
0.9086124036921199
0.9285714285714286
0.9221510883482714
0.9358832177030407
0.9358832177030407
0.9358832177030407
0.9358832177030407
0.9221510883482714
0.9221510883482714
0.9221510883482714
0.9358832177030407
0.9498129675810474
0.9639446348674743
0.9498129675810474
0.9498129675810474
0.9498129675810474
0.9498129675810474
0.9639446348674743
0.9498129675810474
0.9431500465983225
0.9498129675810474
0.9431500465983225
0.9639446348674743
0.9571339173967459
0.9713205168610148
0.9857142857142858
0.9857142857142858
0.9857142857142858
0.9857142857142858
0.9857142857142858
0.9816291347915095
0.9857142857142858
0.9857142857142858
0.9857142857142858
0.9857142857142858
0.9857142857142858
0.9713205168610148
0.9571339173967459
0.9571339173967459
0.9571339173967459
0.9571339173967459
0.9571339173967459
0.9571339173967459
0.9571339173967459
0.9571339173967459
0.9571339173967459
0.950370274132779
0.9571339173967459
0.9571339173967459
0.950370274132779
0.9571339173967459
0.950370274132779
0.9571339173967459
0.950370274132779
0.9571339173967459
0.950370274132779
0.9713205168610148
0.9365325077399381
0.9293645897594077
0.9094378020859832
0.9023722627737226
0.8961727927245169
0.8961727927245169
0.876124775044991
0.8701881151114987
0.876124775044991
0.8701881151114987
0.8891573542736333
0.8701881151114987
0.876124775044991
0.8701881151114987
0.876124775044991
0.8701881151114987
0.8701881151114987
0.8701881151114987
0.8891573542736333
0.8830908178625189
0.8830908178625189
0.8891573542736333
0.8830908178625189
0.8830908178625189
0.8891573542736333
0.8701881151114987
0.8632707774798928
0.8449059850067593
0.8257443082311734
0.8202982902873772
0.83251953125
0.8380840434910373
0.83251953125
0.83251953125
0.8257443082311734
0.83251953125
0.83251953125
0.8380840434910373
0.8202982902873772
0.83251953125
0.8380840434910373
0.83251953125
0.8380840434910373
0.83251953125
0.8380840434910373
0.83251953125
0.8380840434910373
0.83251953125
0.83251953125
0.8380840434910373
0.83251953125
0.83251953125
0.8449059850067593
0.8380840434910373
0.83251953125
0.83251953125
0.8449059850067593
0.8449059850067593
0.8574610244988864
0.8701881151114987
0.8574610244988864
0.8701881151114987
0.8891573542736333
0.8961727927245169
0.9094378020859832
0.9228897143589087
0.9228897143589087
0.9228897143589087
0.9228897143589087
0.9228897143589087
0.9228897143589087
0.9136431784107946
0.9228897143589087
0.9228897143589087
0.9228897143589087
0.9201499861589953
0.9269808519739325
0.9228897143589087
0.9228897143589087
0.9228897143589087
0.9228897143589087
0.9228897143589087
0.9228897143589087
0.9228897143589087
0.9228897143589087
0.9228897143589087
0.9228897143589087
0.9228897143589087
0.9269808519739325
0.9269808519739325
0.9228897143589087
0.9228897143589087
0.9269808519739325
0.9365325077399381
0.9336289913836797
0.9336289913836797
0.9269808519739325
0.9365325077399381
0.9405057517863478
0.9269808519739325
0.9336289913836797
0.9365325077399381
0.9405057517863478
0.9336289913836797
0.9336289913836797
0.9303987675834028
0.9372285627714372
0.9271335842194327
0.9173789173789174
0.9303987675834028
0.933939393939394
0.9271335842194327
0.9205537165212158
0.9237732253454026
0.9303987675834028
0.933939393939394
0.9237732253454026
0.9271335842194327
0.9237732253454026
0.9073520621637776
0.8974156052924447
0.8876574058039138
0.8778528436310036
0.8719204584414948
0.8688140556368961
0.8658981467970231
0.8688140556368961
0.8688140556368961
0.8658981467970231
0.8748556404648992
0.8748556404648992
0.8719204584414948
0.8719204584414948
0.8688140556368961
0.8688140556368961
0.8688140556368961
0.8688140556368961
0.8658981467970231
0.8719204584414948
0.8593529554852833
0.8469530759193931
0.8347174883586962
0.817109563734546
0.8053084851051814
0.7936596998176463
0.7936596998176463
0.7910615309057742
0.7963320463320464
0.7921319913598971
0.7847769642815373
0.7847769642815373
0.7847769642815373
0.7921319913598971
0.7921319913598971
0.7847769642815373
0.7859424920127795
0.7859424920127795
0.7859424920127795
0.7859424920127795
0.7859424920127795
0.7859424920127795
0.7859424920127795
0.7921319913598971
0.7921319913598971
0.7847769642815373
0.7807562334459768
0.7709149039686769
0.7760208960097017
0.7757690293494843
0.7760208960097017
0.7647031561384808
0.7709149039686769
0.7709149039686769
0.7709149039686769
0.7709149039686769
0.7709149039686769
0.7709149039686769
0.7683964122650474
0.7696722618261325
0.7696722618261325
0.7734695782008212
0.7696722618261325
0.7709149039686769
0.7733695904801747
0.7558958723119211
0.7338685765116438
0.7102113229580723
0.6893453714589942
0.6709823489328028
0.6431623009536961
0.6143214482553949
0.5932759502301006
0.5749547196832484
0.5595740323571575
0.5406035303893156
0.5236205479726614
0.5070079099181254
0.49075363285156787
0.47106320506876836
0.4504418710955356
0.425784467909833
0.4102216862999722
0.32942760707227925
0.3812780004715869
0.3677328975017511
0.3526945895058439
0.33888722546101413
0.33486844453964515
0.33653846153846156
0.33653846153846156
0.0
0.0
0.0
0.0
0.0
0.0
0.0
0.0
0.0
0.0
0.0
0.0
0.0
0.0
0.0
0.0
0.0
0.0
0.0
0.0
0.0
0.0
0.0
0.0
0.0
0.0
0.0
0.0
0.0
0.0
0.0
0.0
0.0
0.0
0.0
0.0
0.0
0.0
0.0
0.0
0.0
0.0
0.0
0.0
0.0
0.0
0.0
0.0
0.0
0.0
0.0
0.0
0.0
0.0
0.0
0.0
0.0
0.0
0.0
0.0
0.0
0.0
0.0
0.0
0.0
0.0
0.0
0.0
0.0
0.0
0.0
0.0
0.0
0.0
0.0
0.0
0.0
0.0
0.0
0.0
0.0
0.0
0.0
0.0
0.0
0.0
0.0
0.0
0.0
0.0
0.0
0.0
0.0
0.0
0.0
0.0
0.0
0.0
0.0
0.0
0.0
0.0
0.0
0.0
0.0
0.0
0.0
0.0
0.0
0.0
0.0
0.0
0.0
0.0
0.0
0.0
0.0
0.0
0.0
0.0
0.0
0.0
0.0
0.0
0.0
0.0
0.0
0.0
0.0
0.0
0.0
0.0
0.0
0.0
0.0
0.0
0.0
0.0
0.0
0.0
0.0
0.0
0.0
0.0
0.0
0.0
0.0
0.0
0.0
0.0
0.0
0.0
0.0
0.0
0.0
0.0
0.0
0.0
0.0
0.0
0.0
0.0
0.0
0.0
0.0
0.0
0.0
0.0
0.0
0.0
0.0
0.0
0.0
0.0
0.0
0.0
0.0
0.0
0.0
0.0
0.0
0.0
0.0
0.0
0.0
0.0
0.0
0.0
0.0
0.0
0.0
0.0
0.0
0.0
0.0
0.0
0.0
0.0
0.0
0.0
0.0
0.0
0.0
0.0
0.0
0.0
0.0
0.0
0.0
0.0
0.0
0.0
0.0
0.0
0.0
0.0
0.0
0.0
0.0
0.0
0.0
0.0
0.0
0.0
0.0
0.0
0.0
0.0
0.0
0.0
0.0
0.0
0.0
0.0
0.0
0.0
0.0
0.0
0.0
0.0
0.0
0.0
0.0
0.0
0.0
0.0
0.0
0.0
0.0
0.0
0.0
0.0
0.0
0.0
0.0
0.0
0.0
0.0
0.0
0.0
0.0
0.0
0.0
0.0
0.0
0.0
0.0
0.0
0.0
0.0
0.0
0.0
0.0
0.0
0.0
0.0
0.0
0.0
0.0
0.0
0.0
0.0
0.0
0.0
0.0
0.0
0.0
0.0
0.0
0.0
0.0
0.0
0.0
0.0
0.0
0.0
0.0
0.0
0.0
0.0
0.0
0.0
0.0
0.0
0.0
0.0
0.0
0.0
0.0
0.0
0.0
0.0
0.0
0.0
0.0
0.0
0.0
0.0
0.0
0.0
0.0
0.0
