1.0
0.9307918946545608
0.9224690175417589
0.9592041046176949
0.9337944664031621
0.9468395260839898
0.9337944664031621
0.9515621992686213
0.9515621992686213
0.9515621992686213
0.9472474134627666
0.9293801950389423
0.924960917144346
0.9002057613168725
0.9211126310989513
0.9706205381658429
0.9706205381658429
0.9135434412265758
0.9135434412265758
0.8559261887863733
0.8559261887863733
0.8743008536944362
0.8497386438931017
0.8544642857142857
0.8625018681811388
0.8437274953190264
0.8212337389844734
0.815130750943924
0.7768892443022791
0.815130750943924
0.8436821537125488
0.8787878787878788
0.7292965271593945
0.7619341405105268
0.7788546255506608
0.6677487420873235
0.6618146530810286
0.6641920316753279
0.6670054200542005
0.6732403944236655
0.6732403944236655
0.6098308945938842
0.6008146639511202
0.6062670299727521
0.6087465507149428
0.5765823804155259
0.5905905905905906
0.5908944139489829
0.5685538608959515
0.6192221868026777
0.6009011145364003
0.6219931271477663
0.6388888888888888
0.5836366393691235
0.5886028864752268
0.6387295985884429
0.6503776099511328
0.6419388207477464
0.6312612288896874
0.6220963172804532
0.6079277058944341
0.6413418845584608
0.6445215666831928
0.7005570048649792
0.7184296619411124
0.7626064932074603
0.7626064932074603
0.7781119851920407
0.8151409873151814
0.8287222269515621
0.8561252308504089
0.8112173832296407
0.7845532105972159
0.699151356896391
0.6761363636363636
0.6400143420580854
0.6435331230283912
0.6467195385724586
0.6431836515192256
0.6191010266586144
0.5828331826029762
0.611595203174877
0.611595203174877
0.5876801647220316
0.5908228393996895
0.5193036883833161
0.5193036883833161
0.45067997934239973
0.46562916851934194
0.42025766326077296
0.43683043960103435
0.4597589424572317
0.47599879239207005
0.49311926605504586
0.5111855614395331
0.49141117634268316
0.5129369042215162
0.5527517423696227
0.5682357347983519
0.5949797359131913
0.6167996753685919
0.612174907116319
0.612174907116319
0.6678352322524101
0.6970574782741271
0.636990407673861
0.6384485146990919
0.6705146705146705
0.6952618453865337
0.5936281986104051
0.6112371313906823
0.551393877201984
0.5364392678868553
0.5649303008070433
0.5259831460674157
0.5721925133689839
0.5682070240295749
0.5424224692802808
0.5554659136748689
0.5796165068778658
0.5889649272882805
0.49044868947134607
0.49391188842151873
0.6177130044843049
0.6441430909516016
0.704390702042733
0.7103563740731882
0.714102892244689
0.7273665205055455
0.7821075740944018
0.7815964523281597
0.7304925290536801
0.7449776785714286
0.8805742211362249
0.8805742211362249
0.8301886792452831
0.8476190476190476
0.8130841121495327
0.7328519855595668
0.7779339423752635
0.7436250861474845
0.7612252001392273
0.7465437788018433
0.786767226602674
0.8109215017064847
0.8554645781416874
0.8734723220704529
0.775438596491228
0.775438596491228
0.7276507276507277
0.7355579476139218
0.6559282630355364
0.7201280227596017
0.7201280227596017
0.7201280227596017
0.6992955135335558
0.6992955135335558
0.7401883830455259
0.756039603960396
0.8004676539360873
0.8569131832797428
0.7834314550042052
0.8176047397376217
0.8826643140714601
0.910333048676345
0.8893581081081081
0.8893581081081081
0.7873107426099495
0.8194495412844036
0.7680115273775217
0.8037486218302095
0.7261860291370937
0.7108478341355053
0.6696528555431132
0.6696528555431132
0.6841114457831325
0.6841114457831325
0.6913489736070382
0.7057301293900184
0.7324792765636775
0.7324792765636775
0.6818011257035648
0.6964420893262679
0.6617986164488855
0.675319643549012
0.7023144453312051
0.7099636950383219
0.7567343555739743
0.7567343555739743
0.7345276872964169
0.7502054231717338
0.794881737107406
0.7776497695852534
0.794881737107406
0.812451057165231
0.8027956176803929
0.8027956176803929
0.7002652519893899
0.6862081924088689
0.6900072939460248
0.6666666666666666
0.7529812606473595
0.7323232323232324
0.8088081090527788
0.8173790180148357
0.7378238341968912
0.6989528795811518
0.6989528795811518
0.6989528795811518
0.7223537368955022
0.7378238341968912
0.7338926174496644
0.7814779575007929
0.7814779575007929
0.7415318889227952
0.8065843621399177
0.7674698795180723
0.7741273100616016
0.7741273100616016
0.7669282185411218
0.7819460726846424
0.7252619324796274
0.6918378678511938
0.7506950880444856
0.7678244972577697
0.7433465891710003
0.7326236693800877
0.7398039835599115
0.7988165680473372
0.6060606060606061
0.6060606060606061
0.7101321585903083
0.7854371829304685
0.7001989201477693
0.5962171052631579
0.5160632330443651
0.571353065539112
0.6490866992539234
0.6016991504247876
0.527663686880889
0.6016991504247876
0.5476851851851852
0.6577319587628866
0.6457640133094446
0.7004830917874396
0.7077049629832739
0.7804459691252144
0.7190513421944227
0.8027755537763545
0.7421289355322339
0.7863182167563413
0.8370414912808178
0.8370414912808178
0.7397504456327986
0.69788344447666
0.6715239829993929
0.6646634615384616
0.6197763390229547
0.5897507700924111
0.5434721833939055
0.5129287598944591
0.6161532056619484
0.6476079346557759
0.799296806328743
0.8071005917159764
0.6422519814156874
0.6422519814156874
0.6855539971949509
0.6855539971949509
0.6855539971949509
0.7198821796759941
0.7918876755070203
0.7198821796759941
0.7312013828867762
0.7793899911163755
0.7984344422700587
0.7984344422700587
0.7837558199689602
0.762455963764469
0.7592143549951503
0.7192740638640018
0.694154741692942
0.6576286764705882
0.6239372138652715
0.6292875989445911
0.6292875989445911
0.6292875989445911
0.6492194674012856
0.6159878022217382
0.693822739480752
0.6755284375680977
0.657571013196153
0.657571013196153
0.7633443552196505
0.7567314446265512
0.7704954454565652
0.7377153797064454
0.7438867438867439
0.7377153797064454
0.7438867438867439
0.7438867438867439
0.7770557920681156
0.7438867438867439
0.7070336391437309
0.691821333877218
0.691821333877218
0.7278969957081545
0.6924058710912572
0.6924058710912572
0.6981981981981982
0.6981981981981982
0.7278969957081545
0.7278969957081545
0.7218557139816982
0.7278969957081545
0.7278969957081545
0.7278969957081545
0.6778135048231512
0.6778135048231512
0.6858122588941278
0.7163644504141482
0.6779324055666004
0.6442065491183879
0.5188267110463907
0.542016806722689
0.4019006137398535
0.39171796306659207
0.3741948077298458
0.40309318715740017
0.4546915812738598
0.4621196651010823
0.47154124920059687
0.4924309884238646
0.561411992263056
0.5176103432902363
0.5919108743037055
0.5704948646125116
0.5456575128376869
0.5797558922558923
0.5723977104091583
0.5723977104091583
0.5484221980413493
0.5340114431023522
0.6086369770580297
0.6255201109570042
0.49032258064516127
0.5178875638841567
0.4057290443766142
0.4549210206561361
0.3856749311294766
0.4391891891891892
0.4497751124437781
0.5374566782191416
0.5928282244071718
0.5711533168180567
0.6119402985074627
0.6299938537185003
0.5513126491646778
0.6388710711994868
0.5713420175704332
0.6518518518518519
0.7516873889875666
0.7256515775034293
0.6917293233082706
0.67828418230563
0.5735003295978905
0.7097780859916782
0.7184684684684685
0.6784828075150656
0.6281957633308984
0.6774078052273541
0.6348020911127707
0.6589147286821705
0.7204678362573099
0.7080838323353293
0.6367472190257001
0.5870020964360587
0.6219512195121951
0.598145285935085
0.5895327102803738
0.656497175141243
0.6744525547445256
0.6803785948307244
0.6931702344546381
0.7982124441388794
0.5007751937984496
0.7051588657328323
0.48201669877970454
0.90304396843292
0.6717005909389363
0.818683212685281
0.5385487528344671
0.8528166720937805
0.5824230387288977
0.8928571428571429
0.7552447552447552
0.8151260504201681
0.43628995947771276
0.7113733905579399
0.0716040716040716
0.2694574273521642
0.30694275274056027
0.815262146582487
0.3200568990042674
0.6356435643564357
0.30101302460202606
0.6483148958065346
0.2784184514003295
0.6137879911045219
0.2294246176256373
0.5388977092311181
0.25585284280936454
0.5530474040632054
0.2519098192658841
0.5137695527649262
0.32919721752209063
0.6018781393317318
0.25042079670843465
0.5066295979469632
0.3525884469318409
0.4958886780518659
0.4677674734223026
0.5826705734616995
0.32935215345638796
0.5291758572287949
0.36307810401074647
0.0
0.5456683653469228
0.5237020316027088
0.3219584569732938
0.5099882491186839
0.2628226617499162
0.4578360399139112
0.2151394422310757
0.24938875305623473
0.16258799865906806
0.2999818082590504
0.15392093324692158
0.26148288319284363
0.19393228293664097
0.320374370050396
0.2260131624523727
0.3453033453033453
0.13198631253055237
0.2381117067266125
0.14894385268098934
0.21794406102433708
0.06207482993197279
0.14235064704839567
0.13984743915728295
0.3896940418679549
0.44760060253927264
0.41393034825870645
0.4295893493343334
0.4295893493343334
0.39502361060661095
0.4164155291614962
0.4648581997533909
0.4580801944106926
0.5558739255014327
0.5390650539391958
0.6115202094583538
0.5801894115820525
0.5720189805602327
0.5843627834245504
0.6058946690288292
0.5839801303942875
0.6058946690288292
0.6384928716904277
0.6460317460317461
0.6772046589018302
0.6558139534883721
0.6834982831751162
0.6732429099876696
0.6559871846215458
0.6513002364066194
0.6670702179176755
0.722678458622868
0.722678458622868
0.6910016977928692
0.6517139229792637
0.5820587019429516
0.606516290726817
0.6640926640926641
0.6473323001992473
0.71900826446281
0.7521613832853026
0.54375
0.5445751138088012
0.6644039032668646
0.6589522406900905
0.6407281001137657
0.6395639336815807
0.6451317296678122
0.6395639336815807
0.5813697423475005
0.5109677419354839
0.617698671346202
0.617698671346202
0.5898836380907148
0.5847457627118644
0.6340536689622418
0.6698444555945811
0.5984630163304515
0.5650129320479661
0.6409220532319392
0.6409220532319392
0.6054405952104162
0.6054405952104162
0.5714610832954028
0.5714610832954028
0.5714610832954028
0.5714610832954028
0.655016642891108
0.655016642891108
0.655016642891108
0.655016642891108
0.655016642891108
0.6779177561207511
0.5772392903504976
0.5746152130269908
0.6679764243614931
0.6338705797450084
0.6553444180522565
0.6553444180522565
0.657289573565528
0.657289573565528
0.7106963388370423
0.5927342256214149
0.47957371225577267
0.4537521815008726
0.5609536662168241
0.5609536662168241
0.44434876210979546
0.550628408821437
0.5982905982905983
0.5982905982905983
0.5935483870967742
0.5397793945083313
0.5352941176470588
0.5352941176470588
0.5866131862622211
0.5181098584792516
0.6076014381099127
0.5708908406524467
0.6046267087276551
0.6046267087276551
0.5961945031712473
0.5790554414784395
0.6314432989690721
0.5750611246943765
0.5180662845751308
0.5663026521060842
0.6001500375093773
0.5788304959289415
0.7105263157894737
0.6346441015430563
0.7033597377765638
0.7269454444752146
0.7532112599070785
0.7934444758406329
0.7516425755584757
0.7114495512646178
0.6326581645411353
0.6711031481955465
0.5951843491346878
0.5946851807517357
0.5500103971719692
0.5714285714285714
0.5358851674641149
0.5154849225753871
0.625920471281296
0.625920471281296
0.6239770867430442
0.5407110091743119
0.6407606448945845
0.6248740173352146
0.6553398058252428
0.6482142857142857
0.6160103531151784
0.6329161218008593
0.7089034676663543
0.6892718176764869
0.7218679284097922
0.7161224489795919
0.693765796124684
0.6304909560723514
0.5191117582817619
0.5284244721169464
0.5402750491159135
0.6618810969998159
0.711224876753887
0.6623235613463626
0.7225054624908959
0.6797524314765694
0.69377990430622
0.5829383886255924
0.5846867749419954
0.5736941906567833
0.5997258396161754
0.648936170212766
0.564891988433407
0.576
0.5653994845360825
0.4756554307116105
0.6754898590580956
0.6819479429051217
0.6179245283018868
0.6283459693640724
0.597645327446652
0.5730210244108932
0.585982761056945
0.5667225013958682
0.5586225744739
0.5261261261261261
0.6398891966759003
0.6000762970498474
0.6022045315370483
0.5875253913251285
0.621301775147929
0.6146140247495581
0.562953995157385
0.5583253816793893
0.5362284069097889
0.5028929604628737
0.5334334218731955
0.5357505930193155
0.552054794520548
0.5589651696718557
0.5661814109742441
0.5406219735284623
0.5788793103448275
0.5905340859748155
0.5821917808219178
0.5821917808219178
0.5817174515235457
0.5817174515235457
0.6670064559972817
0.6389973958333334
0.6390675241157556
0.6216801101711588
0.6484744738697009
0.6201550387596899
0.6557734204793029
0.637386769146308
0.6409469530907497
0.6018892228424216
0.6292331988068082
0.6263345195729537
0.6399517407790417
0.6533449174630755
0.6229720960415315
0.6415711947626841
0.6413491246138002
0.5828552143098211
0.5973031463292825
0.5768282662284305
0.6011520935431175
0.5220957729825598
0.5449173460991846
0.4554862489367735
0.45351679821191593
0.4530514831230822
0.5093497662558436
0.5059415629805676
0.4793582469184113
0.48012718600953896
0.49135426753354544
0.49340945936420666
0.5349165120593692
0.47804598524461
0.4405696422368878
0.5242158844224867
0.5428904428904429
0.48858691503168183
0.4455475106367097
0.35608564448915075
0.4364809301006664
0.4355108877721943
0.45578082988154933
0.4661078190489955
0.4508728899148752
0.48828125
0.4440892298948565
0.4213691350255227
0.4520928834448035
0.5048269366611726
0.46588678652743976
0.47534300274402197
0.4261261261261261
0.4624801632282929
0.38664097623635196
0.41019797749608317
0.39360436638443774
0.4360302049622438
0.41723356009070295
0.4500107349889072
0.4158480681074001
0.45408953462644736
0.45423628567203905
0.5220905172413793
0.506447309915518
0.5174701459531181
0.5098039215686274
0.5137339055793991
0.474216380182002
0.5262368815592204
0.4694020937258484
0.47068653390892634
0.3812307086097064
0.40118589952433703
0.3817633381511971
0.47766323024054985
0.45111867704280156
0.40472673559822747
0.36741479634247715
0.374374838875999
0.2974137931034483
0.3378322734135517
0.3891178895300907
0.36748388228586465
0.3510016694490818
0.3700887198986058
0.3668136946019744
0.3912879264761425
0.3908120349401488
0.484489444205084
0.4892306437137962
0.49455222973794
0.42178059809248775
0.28356106493872374
0.3165595753596871
0.29298365122615805
0.34113995485327314
0.2964200477326969
0.2939541348158443
0.2983316977428852
0.3462955382726156
0.3399771059187933
0.40197617179139616
0.40670026261622544
0.39592611998952054
0.42606965823115056
0.391262997717474
0.38591558096666356
0.420812736727226
0.4331571483821065
0.4432164364151612
0.446394805380142
0.45492547541545314
0.4503171247357294
0.5598690993858431
0.5760074477989094
0.6581838622310797
0.680278731362402
0.7473874065036338
0.7245846828962491
0.7017543859649122
0.5950668036998972
0.592861525874412
0.7526780263084865
0.7311461209463483
0.7373610237046361
0.7057351407716371
0.7787638668779715
0.7830950901180858
0.7785688857244571
0.7752618171525616
0.7831549557933922
0.7623509764809575
0.6625630009088656
0.6768023540951447
0.7368054987316913
0.6153253330397446
0.537751873438801
0.646277971244354
0.6243749353381385
0.5677383263680937
0.5315034310667498
0.6110493140526511
0.5888199564751356
0.6207030491357545
0.6010719994984798
0.5849158491584916
0.5584292833820244
0.5011249062578118
0.5028428093645485
0.49385988639437384
0.4989206175707064
0.5814446965901389
0.5436334077319446
0.5485980776886765
0.5272767027440691
0.5010545702997357
0.4787001560947921
0.4942855468292111
0.48339208437222364
0.4695405492352236
0.4607944434877447
0.4492109038737446
0.4439245711044945
0.46206386248505893
0.49069148936170215
0.46404291149504145
0.7143618856443873
0.6694808195963642
0.7194701986754967
0.7348345588235294
0.7595684039087948
0.8047891374870406
0.853000602601822
0.8186925075486272
0.8178567597525656
0.8319832402234637
0.8846225190131701
0.9222707423580786
0.9186042345860351
0.8339311334289814
0.8475409836065574
0.9250960307298336
0.9201494115159631
0.9120554072577736
0.9058640834134437
0.8852849815791375
0.9016902128280948
0.8315307057745188
0.8262161857105234
0.8211197420489521
0.862724667882261
0.8191137445926787
0.7895435439864317
0.8219726453908596
0.8459476803442678
0.8021220159151193
0.8260370427062605
0.8381873297264111
0.8902804032766226
0.9196743225179244
0.9086605175087747
0.8150572831423896
0.8754535482237786
0.8240212235710266
0.9141989369779803
0.8936874293134504
0.9628343174713442
0.9625481274063703
0.9445303108363386
0.9340659340659341
0.9479553903345725
0.0
0.0
0.0
0.0
0.8143728453990984
0.8082131935342944
0.7705177879535048
0.766856496978655
0.7620786764058787
0.75678391959799
0.8265234237407538
0.8265234237407538
0.8177404540086602
0.826374391092554
0.7535620052770449
0.7738775510204081
0.6175682382133995
0.5791678302150237
0.4328726120257065
0.42984526619459745
0.44659418682050145
0.4754083806818182
0.4560042792190425
0.46096142749345287
0.45554017239069267
0.46625222024866786
0.4273081924577373
0.47374301675977654
0.4233576642335766
0.43224530168150344
0.39102594284100006
0.3797150041911148
0.3849450078560206
0.3567112337631441
0.31610070782187977
0.3295043705093588
0.3563191558896307
0.3420740063956144
0.35837536501194583
0.3481192801156019
0.36310192789833146
0.39939646756013136
0.46227119910347403
0.4400809344247218
0.4927508308848321
0.5331440321159306
0.4662510165356465
0.45036341474425534
0.44866201933888017
0.46171345375130807
0.5089474425813724
0.4662510165356465
0.4662510165356465
0.4662510165356465
0.4841433664852693
0.46706862429235513
0.4076037366934608
0.4076037366934608
0.4076037366934608
0.4076037366934608
0.4076037366934608
0.4417841460596256
0.4417841460596256
0.42396167578072036
0.42396167578072036
0.42396167578072036
0.42396167578072036
0.42396167578072036
0.42396167578072036
0.42396167578072036
0.42396167578072036
0.42396167578072036
0.42396167578072036
0.42396167578072036
0.4076037366934608
0.4417841460596256
0.4229390681003584
0.4229390681003584
0.4229390681003584
0.4229390681003584
0.4229390681003584
0.4536773025571396
0.4536773025571396
0.4812943303509341
0.4536773025571396
0.4536773025571396
0.4536773025571396
0.4536773025571396
0.4605380367005167
0.4605380367005167
0.4799355069867431
0.4748287671232877
0.4343880202961924
0.4784466347984263
0.46461564185093845
0.44809191629052114
0.5353006777043836
0.5197577400364237
0.5631932919905669
0.561012746334885
0.49931708124663715
0.46802765617968334
0.5342852329205627
0.540427314620863
0.5424726661059714
0.5584661442282293
0.592080235172056
0.5838132767505305
0.5692710344531686
0.536503133779987
0.5268698531284489
0.5165905898876404
0.5773480662983426
0.5437301925169102
0.5007006283053835
0.47459815664099025
0.5598106113354686
0.602340293963754
0.608284471344808
0.608284471344808
0.6081756690520537
0.6081756690520537
0.6107200866269626
0.6309045609396451
0.5759766998091794
0.580384694507303
0.5656297222656453
0.5701454908346026
0.4125812321289316
0.40587122180739527
0.4
0.42558886509635974
0.5913883031849961
0.5409764603312991
0.6432882665379044
0.6171497584541062
0.7007141035450141
0.6715640691835596
0.7228112500793601
0.761080286115382
0.7728719172633254
0.8276249298147108
0.8185195770220063
0.8110201695410698
0.934010152284264
0.8679245283018868
0.934010152284264
0.934010152284264
0.934010152284264
0.934010152284264
0.8749415250272883
0.8704623022029165
0.8446943615637671
0.831860429681548
0.8111085783755034
0.8111085783755034
0.8032435740514076
0.7829690479683145
0.7746639325586694
0.7478005865102639
0.7516026821899638
0.7628449629795827
0.6479681978798587
0.6446934739617667
0.6678300455235204
0.6579950661583315
0.7224340770791075
0.7112957341428343
0.6361676646706587
0.6705377429941933
0.7039491121123774
0.7157100511991377
0.7007364828453386
0.704596766910503
0.7007364828453386
0.7007364828453386
0.699250158099196
0.699250158099196
0.7397495938067475
0.7397495938067475
0.7701257271533121
0.7685419505547986
0.8505154639175257
0.8748035620743845
0.9318745770358674
0.9149272255443981
0.7027976120800655
0.7036207099893855
0.7314003701418877
0.7239886180873438
0.6470884165513772
0.6661786237188873
0.7382198952879581
0.7194869673148532
0.6886870355078447
0.7170341244207274
0.6583755565791494
0.6690955171867575
0.7779732582688248
0.8158037163990619
0.8204946996466431
0.8188867826986042
0.793717453384848
0.7734375
0.8037943085371942
0.8085424630214393
0.7540493788331498
0.7469191463781184
0.0
0.0
0.0
0.0
0.0
0.0
0.0
0.0
0.0
0.0
0.0
0.0
0.0
0.0
0.0
0.0
0.0
0.0
0.0
0.0
0.0
0.0
0.0
0.0
0.0
0.0
0.0
0.0
0.0
0.0
0.0
0.0
0.0
0.0
0.0
0.0
0.0
0.0
0.0
0.0
0.0
0.0
0.0
0.0
0.0
0.0
0.0
0.0
0.0
0.0
0.0
0.0
0.7194004995836802
0.6918367346938775
0.7366896052155016
0.7423357664233576
0.6409560021727322
0.6723646723646723
0.6723646723646723
0.6559199555308505
0.7306397306397306
0.760958503798948
0.7549284885968303
0.7805755395683454
0.7670364500792393
0.8131037379252415
0.8131037379252415
0.8131037379252415
0.8010012515644556
0.8131037379252415
0.7960981749528006
0.7960981749528006
0.8383035122597747
0.8383035122597747
0.8161290322580645
0.8161290322580645
0.8161290322580645
0.8161290322580645
0.7722980062959076
0.7305327868852459
0.0
0.0
0.0
0.0
0.0
0.0
0.0
0.0
0.0
0.0
0.0
0.0
0.0
0.8091603053435115
0.8091603053435115
0.8091603053435115
0.7801773130256876
0.8601134215500945
0.8679065331425846
0.6228239845261122
0.628445962429861
0.6228239845261122
0.6228239845261122
0.6228239845261122
0.7952755905511811
0.7952755905511811
0.75037147102526
0.7952755905511811
0.7949044585987262
0.7837837837837838
0.6872635561160151
0.7299194177280999
0.8169014084507042
0.8065381800439132
0.8198713366690493
0.7926545792654579
0.7524271844660194
0.7461706783369803
0.0
0.0
0.0
0.0
0.0
0.0
0.5717805151175812
0.5978922716627635
0.6701006789978927
0.6663502610346465
0.6964155084125823
0.7135506003430532
0.7202797202797203
0.7202797202797203
0.7786259541984732
0.7562408223201175
0.6991089787525703
0.7396491228070176
0.6079455164585698
0.6301835486063903
0.5848940111133978
0.5848940111133978
0.6546296296296297
0.6839729119638827
0.7137546468401487
0.7341236240474175
0.6383282364933741
0.7646549859398659
0.6094003241491086
0.5878936788027697
0.5149253731343284
0.5389309250671223
0.491597692500627
0.48287755604828775
0.5438247011952191
0.5239923224568138
0.5789733464955578
0.5628598848368522
0.43756145526057033
0.4494949494949495
0.36653581943081454
0.38754863813229573
0.30586701434159064
0.3115537848605578
0.41048275862068967
0.42284739982949704
0.39894706054401874
0.3950188242108312
0.4753577106518283
0.3851851851851852
0.4085235920852359
0.41638225255972694
0.43076450721522874
0.45807259073842305
0.41843971631205673
0.41843971631205673
0.43703703703703706
0.4621409921671018
0.40184266477675407
