1.0
0.9649049334115085
0.9617230871978962
0.9419407226958993
0.9702602230483272
0.9649626651349799
0.8963414634146342
0.9486933971673649
0.993485342019544
0.9569908930894621
0.9638385595945077
0.9933744221879816
0.9772930866601752
0.9261954261954262
0.9508737223870755
0.9176270946758114
0.9106168694922366
0.8288770053475936
0.9183186299948106
0.9164313567298642
0.852885555917835
0.8680916618524938
0.9035898433699776
0.8781575970843283
0.8954443614637789
0.8377948582030215
0.7934764881761348
0.691982160052709
0.7548757470902799
0.797140113114929
0.7545786569273013
0.7672611235492421
0.7343265052762259
0.6832323232323232
0.7183561643835616
0.6806214084383945
0.7135407459784338
0.7617506237777328
0.6542036938449568
0.679989319969603
0.6768373943311785
0.7129320293992589
0.7015500049363215
0.7582517780074159
0.8053995102578348
0.7356834016199989
0.7730154801119595
0.7269713729799845
0.7223065250379362
0.6256984186109512
0.6767191268588086
0.7251716451181454
0.6790249897582957
0.6476890473627557
0.705733862243058
0.7077002446371216
0.6759070005109862
0.7379741885021509
0.6679348160926621
0.6086824344865325
0.6572241283246826
0.6893253124075457
0.6279051289181995
0.6052365292183152
0.6147227888002966
0.5830909047195442
0.5679307044184205
0.5542372881355933
0.6091788883269734
0.5701285600841328
0.5345461116800193
0.5011776549471005
0.5498404718166876
0.5184534270650264
0.49672522764736476
0.49431054101582705
0.5454569403830448
0.5488255178989339
0.5482974287699791
0.5296079374823713
0.4846918806661608
0.5020635061100698
0.46894744019030016
0.397197175448126
0.40787781467299294
0.3305846040447782
0.26851643848092044
0.22720959134439653
0.23551847437425508
0.1673425307315214
0.17801714709475716
0.12603245507893768
0.09613635629175149
0.07525857259345092
0.04590851867394041
0.018800890488243724
0.0
0.0
0.0
0.0
0.0
0.0
0.0
0.0
0.0
0.0
0.0
0.0
0.0
0.0
0.0
0.0
0.0
0.0
0.0
0.0
0.0
0.0
0.0
0.0
0.0
0.0
0.0
0.0
0.0
0.0
0.0
0.0
0.0
0.0
0.0
0.0
0.0
0.0
0.0
0.0
0.0
0.0
0.0
0.0
0.0
0.0
0.0
0.0
0.0
0.0
0.0
0.0
0.0
0.0
0.0
0.0
0.0
0.0
0.0
0.0
0.0
0.0
0.0
0.0
0.0
0.0
0.0
0.0
0.0
0.0
0.0
0.0
0.0
0.0
0.0
0.0
0.0
0.0
0.0
0.0
0.0
0.0
0.0
0.0
0.0
0.0
0.0
0.0
0.0
0.0
0.0
0.0
0.0
0.0
0.0
0.0
0.0
0.0
0.0
0.0
0.0
0.0
0.0
0.0
0.0
0.0
0.0
0.0
0.0
0.0
0.0
0.0
0.0
0.0
0.0
0.0
0.0
0.0
0.0
0.0
0.0
0.0
0.0
0.0
0.0
0.0
0.0
0.0
0.0
0.0
0.0
0.0
0.0
0.0
0.0
0.0
0.0
0.0
0.0
0.0
0.0
0.0
0.0
0.0
0.0
0.0
0.0
0.0
0.0
0.0
0.0
0.0
0.0
0.0
0.0
0.0
0.0
0.0
0.0
0.0
0.0
0.0
0.0
0.0
0.0
0.0
0.0
0.0
0.0
0.0
0.0
0.0
0.0
0.0
0.0
0.0
0.0
0.0
0.0
0.0
0.0
0.0
0.0
0.0
0.0
0.0
0.0
0.0
0.0
0.0
0.0
0.0
0.0
0.0
0.0
0.0
0.0
0.0
0.0
0.0
0.0
0.0
0.0
0.0
0.0
0.0
0.0
0.0
0.0
0.0
0.0
0.0
0.0
0.0
0.0
0.0
0.0
0.0
0.0
0.0
0.0
0.0
0.0
0.0
