1.0
0.7346559206447613
0.7422486689633574
0.7212416311625076
0.75
0.7412100095026924
0.6929473360024638
0.6774488861763809
0.622570351029881
0.6680902989627822
0.6211750305997552
0.7222914072229141
0.7645747053201657
0.7312722948870393
0.7699115044247787
0.7671957671957672
0.8491658154579503
0.7965597088984453
0.8005206638464042
0.7952286282306164
0.8012170385395537
0.7867847411444142
0.8105369807497467
0.7259188846641318
0.7259188846641318
0.7464972303681982
0.7602339181286549
0.6053639846743295
0.6053639846743295
0.6138014527845036
0.6358695652173914
0.6358695652173914
0.6455606650159179
0.6455606650159179
0.6455606650159179
0.6455606650159179
0.6455606650159179
0.6455606650159179
0.6455606650159179
0.6455606650159179
0.7702307442313943
0.7702307442313943
0.7702307442313943
0.7702307442313943
0.7702307442313943
0.7837301587301587
0.7837301587301587
0.7837301587301587
0.7837301587301587
0.7837301587301587
0.5951790145338532
0.5477178423236515
0.5166835187057633
0.6134453781512605
0.7043612504824392
0.6569484936831875
0.6161137440758294
0.7928496319663512
0.8651685393258427
0.8303002729754322
0.9095378564405113
0.9111333000499251
0.8439306358381503
0.7812936249418334
0.7227722772277227
0.6643326039387308
0.5763753141580564
0.538703227649243
0.5712653527563554
0.5692999718864211
0.5827338129496403
0.6185216652506372
0.7144084789458608
0.7358330983930081
0.8926270579813886
0.9033297529538131
0.9544193420531114
0.9544193420531114
0.9885057471264368
0.7136465324384788
0.3930947101678809
0.34865671641791046
0.3027251184834123
0.3163444639718805
0.2975609756097561
0.2975609756097561
0.2839851024208566
0.29539951573849876
0.28402366863905326
0.29709715639810425
0.2611301369863014
0.22083805209513024
0.24554341575618172
0.2677787532923617
0.2637749120750293
0.26425798745894297
0.2847141190198366
0.3032104637336504
0.3032104637336504
0.33459357277882795
0.33459357277882795
0.3507509386733417
0.25251330573625075
0.33459357277882795
0.3291298865069357
0.33459357277882795
0.3291298865069357
0.2867557715674362
0.2867557715674362
0.2867557715674362
0.2867557715674362
0.2822384428223844
0.16822945394373967
0.16822945394373967
0.16592920353982302
0.1705170517051705
0.16822945394373967
0.16592920353982302
0.16592920353982302
0.2571428571428571
0.2571428571428571
0.28720083246618106
0.24259166248116523
0.24259166248116523
0.24259166248116523
0.24259166248116523
0.24259166248116523
0.24259166248116523
0.24259166248116523
0.17898106161643104
0.17898106161643104
0.17898106161643104
0.17898106161643104
0.24259166248116523
0.17898106161643104
0.18147951037786056
0.18147951037786056
0.18147951037786056
0.17647058823529413
0.18118882788254953
0.14182381813484887
0.14182381813484887
0.14182381813484887
0.14182381813484887
0.14182381813484887
0.14182381813484887
0.14182381813484887
0.14182381813484887
0.14182381813484887
0.14182381813484887
0.13989637305699482
0.19878520154610713
0.19878520154610713
0.19878520154610713
0.19878520154610713
0.20165289256198346
0.20165289256198346
0.20165289256198346
0.20165289256198346
0.19878520154610713
0.19878520154610713
0.19878520154610713
0.16257995735607675
0.16257995735607675
0.16257995735607675
0.16257995735607675
0.16257995735607675
0.16257995735607675
0.16257995735607675
0.16257995735607675
0.16257995735607675
0.16034206306787813
0.2101293103448276
0.2101293103448276
0.2101293103448276
0.21322936273191717
0.21322936273191717
0.21322936273191717
0.21322936273191717
0.2101293103448276
0.21322936273191717
0.21322936273191717
0.21322936273191717
0.21322936273191717
0.17469409008070816
0.17469409008070816
0.17469409008070816
0.1722338204592902
0.17469409008070816
0.17469409008070816
0.17469409008070816
0.17469409008070816
0.17469409008070816
0.17469409008070816
0.17469409008070816
0.17469409008070816
0.17469409008070816
0.1722338204592902
0.17469409008070816
0.17714285714285713
0.17714285714285713
0.17714285714285713
0.13853141559424678
0.13853141559424678
0.18238651807556402
0.18238651807556402
0.3632090253838922
0.3573667711598746
0.22294068034860837
0.18238651807556402
0.18238651807556402
0.2017900732302685
0.18541033434650456
0.1827748546109111
0.18238651807556402
0.18238651807556402
0.18238651807556402
0.18238651807556402
0.18238651807556402
0.18238651807556402
0.18238651807556402
0.18238651807556402
0.18238651807556402
0.18238651807556402
0.2023217247097844
0.22294068034860837
0.244279176201373
0.24785836664762992
0.22294068034860837
0.244279176201373
0.244279176201373
0.26180257510729615
0.2663755458515284
0.2817381425731326
0.3047123446082683
0.30005787037037035
0.31175468483816016
0.3348743137821439
0.2956943256344454
0.25311203319502074
0.2597126130920703
0.2620134228187919
0.3159760087241003
0.304919757958432
0.2929902861643476
0.2914012738853503
0.272281064324464
0.24260210320371728
0.27719821162444114
0.301819113502434
0.3228325956782088
0.34453559142630324
0.32614413466596526
0.26666666666666666
0.2837209302325581
0.3051681706316653
0.346378767431399
0.3597601598934044
0.28688701663426225
0.32505494505494503
0.32505494505494503
0.32505494505494503
0.2852258852258852
0.2615817762989506
0.2615817762989506
0.2615817762989506
0.2856025039123631
0.3105557032704068
0.2880820836621942
0.3169164882226981
0.3395348837209302
0.36683417085427134
0.38144329896907214
0.3997839005942734
0.38100208768267224
0.38100208768267224
0.41832669322709165
0.3758902664204695
0.4084923407686106
0.4084923407686106
0.4059040590405904
0.3387096774193548
0.421254188606989
0.4424227914771367
0.43937232524964337
0.4214367160775371
0.45054689318128927
0.3089842708611037
0.27467388629091805
0.253609239653513
0.27259404005862237
0.26832844574780057
0.29216269841269843
0.46879013614179293
0.48766700924974304
0.46879013614179293
0.5081880612783941
0.4817845828933474
0.31565329883570503
0.3006636038795304
0.3215767634854772
0.34317343173431736
0.2930348258706468
0.3082364830722587
0.3287143956889915
0.3287143956889915
0.3287143956889915
0.4702396289616078
0.5150367037650959
0.42982259151134067
0.47835051546391755
0.3918078490242333
0.4502780867630701
0.45897796530707924
0.5335613510047028
0.4170643252529109
0.4859236405707674
0.0
0.0
0.0
0.3340558766859345
0.3487842855431788
0.2796139927623643
0.31841909023117076
0.323868677905945
0.3501577287066246
0.3080067323875932
0.3080067323875932
0.25684210526315787
0.2750355956336023
0.31358381502890176
0.29155889960028214
0.6699276903445343
0.5846092662557169
0.0779623881687055
0.25957446808510637
0.2559952038369305
0.36587810745789895
0.2559952038369305
0.2559952038369305
0.36587810745789895
0.6424474187380497
0.6065970928065598
0.6647662485746865
0.6942785590445001
0.6690180063114907
0.6142592592592593
0.5913104909925821
0.5625
0.5923566878980892
0.5297699594046008
0.5582356995175741
0.35819430814524045
0.3388666285060103
0.2997946611909651
0.2997946611909651
0.29554655870445345
0.28366038469011073
0.2909470487758588
0.2917877906976744
0.3269876819708847
0.33357704258819226
0.3136277710946898
0.3237422177351506
0.3265666372462489
0.3127084723148766
0.3203022339027595
0.0
0.0
0.0
0.0
0.0
0.0
0.0
0.0
0.0
0.0
0.0
0.0
0.0
0.0
0.0
0.0
0.0
0.0
0.0
0.0
0.0
0.0
0.0
0.0
0.0
0.0
0.0
0.0
0.0
0.0
0.0
0.0
0.0
0.0
0.0
0.0
0.0
0.0
0.0
0.0
0.3811577752553916
0.34702777140234103
0.3221264971632696
0.3427230046948357
0.35399956644266206
0.34863577306193155
0.31957473420888055
0.3103448275862069
0.2840466926070039
0.316119590215346
0.33570234113712377
0.3353934899052328
0.31516743269862113
0.3406666666666667
0.38562241616903997
0.36549840691852525
0.0
0.3672032193158954
0.27157738095238093
0.3193515182707154
0.34461054287962234
0.3384853168469861
0.3641375689157259
0.388205247271883
0.41330166270783847
0.4431239388794567
0.3086003372681282
0.33675038441824706
0.305849582172702
0.08167974157821874
0.3517877739331027
0.8418880577766314
0.8198944988696307
0.7770419426048565
0.5067914277090251
0.5407407407407407
0.5456877204232126
0.5191111111111111
0.5526953361599031
0.5604362314450166
0.5697783328129878
0.5697783328129878
