1.0
0.7346559206447613
0.7518796992481203
0.7077486272117145
0.75
0.7412100095026924
0.6929473360024638
0.8201581027667985
0.7737725295214419
0.8023483365949119
0.7614708753660918
0.7286432160804021
0.7645747053201657
0.7312722948870393
0.7770426728415482
0.7770426728415482
0.827147766323024
0.8444902162718847
0.8005206638464042
0.7134318968229003
0.7300032647730983
0.6944444444444444
0.5931612002791347
0.7259188846641318
0.7602339181286549
0.7602339181286549
0.7368078175895766
0.7602339181286549
0.7602339181286549
0.45058037284558566
0.45058037284558566
0.4430379746835443
0.6455606650159179
0.6455606650159179
0.6455606650159179
0.6455606650159179
0.6364922206506365
0.6364922206506365
0.6364922206506365
0.0
0.0
0.0
0.0
0.0
0.0
0.0
0.0
0.0
0.0
0.0
0.0
0.0
0.0
0.0
0.0
0.0
0.0
0.0
0.0
0.0
0.0
0.0
0.0
0.0
0.0
0.0
0.0
0.0
0.0
0.0
0.0
0.0
0.0
0.0
0.0
0.6167883211678832
0.5718839655722028
0.5897920604914934
0.5245700245700246
0.5245700245700246
0.4947856315179606
0.40939597315436244
0.3660430638898694
0.3796680497925311
0.4429894602363462
0.4715127701375246
0.45553822152886114
0.4621026894865526
0.44903339191564146
0.4743935309973046
0.4806944028733912
0.37055837563451777
0.4294117647058823
0.3395176252319109
0.3395176252319109
0.3395176252319109
0.33212341197822143
0.36600496277915634
0.36600496277915634
0.33459357277882795
0.33459357277882795
0.3507509386733417
0.33249843456480904
0.33459357277882795
0.3291298865069357
0.3353678123996145
0.3291298865069357
0.2867557715674362
0.2867557715674362
0.2873954784763085
0.2867557715674362
0.2822384428223844
0.2822384428223844
0.2822384428223844
0.2822384428223844
0.25251330573625075
0.24881516587677724
0.24881516587677724
0.24881516587677724
0.3554124501686599
0.3253012048192771
0.3253012048192771
0.3305237808549067
0.3305237808549067
0.3305237808549067
0.3065326633165829
0.3065326633165829
0.3065326633165829
0.30177514792899407
0.30177514792899407
0.3351322180248246
0.0
0.0
0.0
0.26105563480741795
0.26105563480741795
0.0
0.0
0.0
0.0
0.0
0.0
0.0
0.0
0.0
0.0
0.0
0.0
0.21863799283154123
0.0
0.0
0.0
0.0
0.0
0.0
0.0
0.0
0.0
0.0
0.0
0.0
0.0
0.0
0.0
0.0
0.0
0.0
0.0
0.0
0.0
0.0
0.0
0.0
0.0
0.0
0.0
0.0
0.0
0.0
0.0
0.0
0.0
0.0
0.0
0.0
0.0
0.0
0.0
0.0
0.0
0.0
0.0
0.0
0.0
0.0
0.0
0.0
0.0
0.0
0.0
0.0
0.0
0.0
0.0
0.0
0.0
0.0
0.0
0.0
0.0
0.0
0.0
0.0
0.0
0.0
0.0
0.0
0.0
0.0
0.0
0.0
0.0
0.0
0.0
0.0
0.0
0.0
0.0
0.0
0.0
0.0
0.0
0.0
0.0
0.0
0.0
0.0
0.3836477987421384
0.0
0.0
0.0
0.0
0.0
0.0
0.0
0.39704739704739705
0.32281553398058255
0.30818743563336765
0.3779585798816568
0.40321365804669845
0.4351828176936845
0.4628616106333073
0.43956611570247933
0.36185755283068094
0.3882978723404255
0.4157851912123678
0.0
0.0
0.0
0.0
0.0
0.0
0.0
0.0
0.0
0.0
0.0
0.0
0.0
0.0
0.0
0.0
0.0
0.0
0.0
0.0
0.0
0.0
0.0
0.0
0.0
0.0
0.0
0.0
0.0
0.0
0.0
0.0
0.0
0.0
0.0
0.0
0.0
0.0
0.0
0.0
0.0
0.0
0.0
0.0
0.0
0.0
0.0
0.0
0.0
0.0
0.0
0.0
0.0
0.0
0.3935309973045822
0.4182692307692308
0.4544628662275721
0.5066889632107023
0.49210580274759075
0.4598121916282031
0.3854848304580607
0.4647011952191235
0.0
0.0
0.0
0.0
0.0
0.0
0.0
0.0
0.0
0.0
0.0
0.0
0.0
0.0
0.0
0.0
0.0
0.0
0.0
0.0
0.0
0.0
0.0
0.0
0.0
0.0
0.0
0.0
0.0
0.0
0.0
0.0
0.0
0.0
0.0
0.0
0.0
0.0
0.0
0.0
0.0
0.0
0.0
0.0
0.0
0.0
0.0
0.0
0.2996223936956165
0.30220235138267926
0.4335548172757475
0.0
0.0
0.0
0.0
0.0
0.0
0.0
0.0
0.0
0.0
0.0
0.0
0.0
0.0
0.0
0.0
0.7551867219917012
0.0
0.0
0.0
0.0
0.0
0.0
0.0
0.0
0.7355126300148589
0.7302423603793466
0.0
0.0
0.0
0.0
0.0
0.0
0.0
0.0
0.0
0.0
0.0
0.0
0.0
0.0
0.0
0.0
0.0
0.0
0.0
0.0
0.6449375866851595
0.6558044806517311
0.6468461229409401
0.5589874593590339
0.5778602924112323
0.6303724928366762
0.5785395632777647
0.6465833945628214
0.5054001661589588
0.0
0.0
0.0
0.0
0.0
0.0
0.0
0.0
0.0
0.0
0.0
0.0
0.0
0.0
0.0
0.0
0.0
0.0
0.0
0.0
0.0
0.0
0.0
0.0
