1.0
1.0
0.9687397170121751
0.9399744572158365
0.9585253456221198
0.9690515806988352
0.9690515806988352
0.9483042476127758
0.8946877912395154
0.9483042476127758
0.9017038007863696
0.8629882207067576
0.8959592745784283
0.8739495798319328
0.9313276651406148
0.9313276651406148
0.9693705822955234
0.9693705822955234
0.8866242038216561
0.9115913555992141
0.8732394366197183
0.8027362392618518
0.8306810948440484
0.8085501858736059
0.8085501858736059
0.8085501858736059
0.8586437440305635
0.8586437440305635
0.8586437440305635
0.8586437440305635
0.9115913555992141
0.8586437440305635
0.9115913555992141
0.9115913555992141
0.8586437440305635
0.8586437440305635
0.9115913555992141
0.9115913555992141
0.9115913555992141
0.9115913555992141
0.9115913555992141
0.9115913555992141
0.9115913555992141
0.9115913555992141
0.9115913555992141
0.9484674974738969
0.9484674974738969
0.9484674974738969
0.8923781485116127
0.8923781485116127
0.9170600134861767
0.8636512618813503
0.8131377551020408
0.8881024603977081
0.8355176933158585
0.8576248313090419
0.8076165462902167
0.760230179028133
0.834315424610052
0.8596929667975723
0.7989304812834225
0.7881597717546363
0.7881597717546363
0.7355486327448945
0.6859448554135844
0.7786096256684492
0.7667617689015692
0.6711743772241993
0.7117437722419929
0.779123619522622
0.779123619522622
0.7786096256684492
0.8907142857142857
0.8379287155346334
0.690198366394399
0.690198366394399
0.5930266627600351
0.5930266627600351
0.5930266627600351
0.5930266627600351
0.5116404981050352
0.5038228315317691
0.4414042333505421
0.4213805133316721
0.4213805133316721
0.4536187563710499
0.43723900761483664
0.4156825696740671
0.49257726940861524
0.49257726940861524
0.46128186800095305
0.44020962363030014
0.4106392907139524
0.4106392907139524
0.4106392907139524
0.44020962363030014
0.47849202513291444
0.5028248587570622
0.5028248587570622
0.48231190832087695
0.45051194539249145
0.45051194539249145
0.48231190832087695
0.48231190832087695
0.5155374426897605
0.48231190832087695
0.4742319127849356
0.4742319127849356
0.4742319127849356
0.4742319127849356
0.4742319127849356
0.4431239388794567
0.4431239388794567
0.4431239388794567
0.41330166270783847
0.41330166270783847
0.41330166270783847
0.41330166270783847
0.41330166270783847
0.5160652496292635
0.5160652496292635
0.4841519477377208
0.4841519477377208
0.4841519477377208
0.4841519477377208
0.4841519477377208
0.4841519477377208
0.4841519477377208
0.4841519477377208
0.4841519477377208
0.4841519477377208
0.4841519477377208
0.45355450236966827
0.4841519477377208
0.45355450236966827
0.45355450236966827
0.4841519477377208
0.4841519477377208
0.45355450236966827
0.4841519477377208
0.4841519477377208
0.45355450236966827
0.4841519477377208
0.4841519477377208
0.45355450236966827
0.45355450236966827
0.45355450236966827
0.45355450236966827
0.45355450236966827
0.45355450236966827
0.45355450236966827
0.5235707121364093
0.5235707121364093
0.5235707121364093
0.5235707121364093
0.5235707121364093
0.5235707121364093
0.5235707121364093
0.5235707121364093
0.5235707121364093
0.49104294478527605
0.5235707121364093
0.49104294478527605
0.49104294478527605
0.49104294478527605
0.49104294478527605
0.49104294478527605
0.45987506006727535
0.45987506006727535
0.45987506006727535
0.45987506006727535
0.45987506006727535
0.4873387482083134
0.5181663009022189
0.5181663009022189
0.5181663009022189
0.5181663009022189
0.5181663009022189
0.5181663009022189
0.5181663009022189
0.5089675230247213
0.4788598574821853
0.4656308851224105
0.4788598574821853
0.4788598574821853
0.4788598574821853
0.4788598574821853
0.4788598574821853
0.4788598574821853
0.4788598574821853
0.4788598574821853
0.4788598574821853
0.4788598574821853
0.4788598574821853
0.4788598574821853
0.44993013507219376
0.4788598574821853
0.44993013507219376
0.44993013507219376
0.44993013507219376
0.44993013507219376
0.44993013507219376
0.44993013507219376
0.44993013507219376
0.5201804963650037
0.5201804963650037
0.4980237154150198
0.4980237154150198
0.4980237154150198
0.4980237154150198
0.4980237154150198
0.4980237154150198
0.4980237154150198
0.4980237154150198
0.4980237154150198
0.4980237154150198
0.4980237154150198
0.4980237154150198
0.4675701839303001
0.4675701839303001
0.4675701839303001
0.4675701839303001
0.4980237154150198
0.4980237154150198
0.4980237154150198
0.4980237154150198
0.5297679112008072
0.5297679112008072
0.5297679112008072
0.5297679112008072
0.5628865979381443
0.5628865979381443
0.5628865979381443
0.5650529500756429
0.5544703230653644
0.5985063095544682
0.624935864545921
0.6607236497115889
0.625032459101532
0.5598301274044467
0.5635305528612997
0.5549302666992905
0.6146630461614416
0.564096554956644
0.5512069369580501
0.5768032590462497
0.5512069369580501
0.484118291347207
0.5317657698394754
0.5719257540603249
0.6035502958579881
0.6243107168544714
0.5977229601518027
0.5281488549618321
0.48081368469717983
0.5480908651522475
0.5789992605373429
0.6309464196294442
0.5767511177347243
0.5001163061177017
0.47069555302166477
0.5307381913126038
0.5626362975527017
0.4831433422265341
0.5043050430504306
0.545362648471064
0.5253180344225493
0.545362648471064
0.5499490316004078
0.5499490316004078
0.5723888314374354
0.6064447966191231
0.6025408348457351
0.5652603010115963
0.5185185185185185
0.5185185185185185
0.557960557960558
0.5544554455445545
0.5343268995846567
0.5653040877367896
0.545653761869978
0.47800046072333563
0.5160680529300568
0.5467695274831244
0.5005820721769499
0.48887390424814564
0.5923076923076923
0.5494736842105263
0.46296296296296297
0.45225073622212875
0.47900599828620394
0.47900599828620394
0.4708138048572646
0.49793881536124973
0.49793881536124973
0.49793881536124973
0.45464270432178006
0.45464270432178006
0.45464270432178006
0.3976945244956772
0.5015479876160991
0.5299684542586751
0.41345365053322397
0.4638912489379779
0.4638912489379779
0.4720205040580948
0.43823038397328884
0.49048442906574397
0.42644628099173554
0.3921409763013976
0.4174056506496185
0.3469785575048733
0.3953957996768982
0.37179754217871275
0.3778242677824268
0.33620015637216577
0.2964338781575037
0.3169811320754717
0.3115354938271605
0.3333987056285546
0.34904714142427284
0.3544813695871098
0.33982436044291714
0.3221552373775433
0.3116978364503117
0.34296977660972405
0.37102338060559603
0.40082240062659097
0.3303923409048245
0.3636713488551087
0.3877031525357353
0.37302504816955684
0.37302504816955684
0.37621128633859013
0.3511883646683221
0.36394908840729273
0.32895829872071775
0.34913138809242705
0.3755803955288048
0.42002485354162966
0.45040797824116047
0.40704956163893363
0.39137241259349453
0.4135006184838311
0.45993794488045264
0.4362571022727273
0.38302350052613116
0.36978730530899345
0.33521033454786353
0.35586949209552643
0.3219178082191781
0.34249751573368664
0.36372812920592196
0.3432419116439481
0.29452290733723735
0.33356990773598294
0.3201887428378834
0.31794351429054624
0.3236122618061309
0.3122429610882632
0.3524616889468536
0.383235485975212
0.37710542732376795
0.3976279650436954
0.36925990216190624
0.3693570451436389
0.386654478976234
0.3592670471613097
0.4180507677843936
0.4597352894275235
0.4411764705882353
0.48484848484848486
0.5121739130434783
0.4412470023980815
0.4134412385643913
0.4964788732394366
0.5156815440289505
0.0
0.0
0.0
0.0
0.0
0.0
0.0
0.0
0.0
0.0
0.0
0.0
0.0
0.0
0.0
0.0
0.0
0.0
0.0
0.0
0.0
0.0
0.0
0.0
0.0
0.0
0.0
0.0
0.0
0.0
0.0
0.0
0.0
0.0
0.0
0.0
0.0
0.0
0.0
0.0
0.0
0.0
0.0
0.0
0.0
0.0
0.0
0.0
0.0
0.0
0.0
0.0
0.0
0.0
0.0
0.0
0.0
0.0
0.0
0.0
0.0
0.0
0.0
0.0
0.0
0.0
0.0
0.0
0.0
0.0
0.0
0.0
