1.0
0.5693800004422025
0.5772022715936165
0.6029766114637201
0.6190069578126037
0.6035096166706791
0.6026947197820266
0.6274468756357675
0.5943201991957302
0.6138970079334665
0.5951535285516608
0.6146636440886108
0.613260306050363
0.6019879752291976
0.5950219586181917
0.5730137643867425
0.588127047219462
0.6029613991041625
0.5699934410054882
0.5959977372772094
0.601600018571126
0.5710368189700367
0.5938664272848351
0.6137573889305822
0.5725505687165248
0.5928594882899513
0.5643906855802939
0.5780637597984323
0.5229122877256197
0.5340937501736217
0.5629157772281141
0.549280778937787
0.5209624842192535
0.528483434585482
0.548356179295001
0.5231057964740558
0.500662680466608
0.4677325588586724
0.47674548667815037
0.4563285821924898
0.45065367670761847
0.4609018155298814
0.4396115719198867
0.43094431195347477
0.42685735394044977
0.4187537567621719
0.40232091325564745
0.5264287978787792
0.45443313157853577
0.4496556466191263
0.4128297960073661
0.4080185181603059
0.373955685468167
0.5140292935766512
0.4520077806846915
0.43824714630157313
0.41300058820646046
0.5577144226714079
0.49933024616981136
0.4867594634114798
0.4341022569011549
0.4172724978670736
0.5422164822195996
0.5148822145969079
0.49214083919531293
0.47791415968003886
0.5787071321816639
0.516198356556518
0.46720457468933707
0.5807182472914385
0.5315409432449351
0.492178274769474
0.6137537899526572
0.5335520468165077
0.6450872771987863
0.5374781202224537
0.47058281386151884
0.5781155860406915
0.506802006460593
0.6530628536076714
0.5483027271528967
0.5003187476757982
0.6955625701093053
0.5945072232987357
0.5352343359168876
0.5227000239788986
0.6287308324205915
0.5458684654300169
0.51456517116734
0.5001993793234973
0.6357741654979642
0.5428833248356736
0.4662765034736833
0.59370414864842
0.5181799140548217
0.44875143485797825
0.5712981842897369
0.5076186310363954
0.45819065924973584
0.6056559838372941
0.4867565331772441
0.4629914846200123
0.46017918384041784
0.5870842053702632
0.5146501009117845
0.4741558084320638
0.48666114333057164
0.4963703036996569
0.4929130460367588
0.49719530851606325
0.5225538245213617
0.537080648559348
0.0
0.5066137485865249
0.5070772267299114
0.4762685466021805
0.4579188019878587
0.5636343636563634
0.4828608975461178
0.48571654664872993
0.6257839030315049
0.5162693736970906
0.43887830328907335
0.5697041376549147
0.5031245162859607
0.0
0.6300009832420262
0.5765130759064556
0.536799642845754
0.5074859452288826
0.6055398558392571
0.5907576909963544
0.5665099347793114
0.5592931049594287
0.5362461030625344
0.4911270659880226
0.4864993811184877
0.48272447158332565
0.47728594849013695
0.4702642329289004
0.45519739071501186
0.541109231763064
0.0
0.5247111648743683
0.45494939938164186
0.570126085170786
0.5611715635320588
0.5388283002675045
0.506429092325709
0.494206165126632
0.6581223417920247
0.6221802135481638
0.6512825543185051
0.6561311669712084
0.6434580128888379
0.6605055309982723
0.661159717999226
0.0
0.0
0.0
0.0
0.0
0.0
0.0
0.0
0.0
0.0
0.0
0.6142328158784003
0.6436431375158007
0.6386250686527977
0.6666205560935122
0.6689058899437736
0.6293107324310957
0.6474266066362403
0.6653983849475831
0.6084516074044912
0.6088364446109342
0.636746234147482
0.6342479639874918
0.6652537588270548
0.6783456575970815
0.6750598988375188
0.643957314829417
0.7095461267099633
0.6376058240567783
0.6287822284946116
0.6118930957683741
0.7405591071411196
0.7038102629138195
0.6573590910773103
0.6093024765490603
0.744487599009144
0.7032539875353883
0.6558372876092884
0.6070301176845828
0.6044461119969984
0.7765663285918915
0.6687349359147428
0.6118730973359152
0.5966269071253898
0.5882562277580071
0.7422171010972356
0.6162972008266016
0.5892738909732951
0.5735152604535468
0.7056307052691833
0.6796106098107618
0.6249028556894773
0.6102063782888923
0.6115553238823058
0.5674688598185866
0.5896624275294557
0.6096939745295571
0.5648145571909519
0.5684803525113646
0.5888522116382156
0.5778285597741695
0.5820929067420834
0.5999487077194883
0.5697713837251961
0.577904952177343
0.5867897284901333
0.5941651828516642
0.5130097673056963
0.5124392437648706
0.5310572756179479
0.5721884672704345
0.5643225636219713
0.5557567882061568
0.5617872702734528
0.5075241664316065
0.6748679230006275
0.6594037823294908
0.5985100858985897
0.5542188320982734
0.5391254418546231
0.5286831521593737
0.672165068350431
0.6503789726464297
0.5971905846621108
0.545773236287183
0.7132843975936862
0.6874455248844762
0.5852731591448931
0.5626529877609792
0.560895633830058
0.497289693090008
0.641910423756803
0.5754329928132831
0.5458986655171795
0.5094883882426784
0.5221810215570261
0.5207064418542975
0.6544540589206223
0.6287546339992022
0.5907404863305399
0.5452246976562465
0.5452246976562465
0.5510770557481899
0.5078554132763247
0.6646910726006329
0.6296289275389791
0.5884852777496712
0.5732174023707367
0.5174644416468004
0.5250563667597166
0.5262617476146065
0.5347715862206094
0.5155301677972153
0.5216748458537813
0.5338621414463551
0.5211256168968846
0.5299738647500817
0.5395279130760584
0.5186980546788095
0.5206309906334483
0.5258365206238692
0.5373199961117772
0.5336915034098515
0.5421061732664707
0.6893012479167514
0.6541946487581282
0.5742200161136475
0.5666190997381509
0.5470051782486375
0.5494696028506287
0.5560071814594403
0.5098249943610769
0.6606880937146232
0.6467972299328614
0.5863975517072404
0.5353774010280458
0.5319788367405701
0.5304096359492256
0.6895156395419415
0.6164219401288367
0.5618958827481251
0.5430284695586408
0.695275814993174
0.6104727425363345
0.5800811302280039
0.5708670177260253
0.5613207547169812
0.7048252911813644
0.6538653659683249
0.6149324375906557
0.7522756691302351
0.6178660285263897
0.5830153249742565
0.7320175800594255
0.7073409918744746
0.6563836908122581
0.5854706376380903
0.5743475928227186
0.5586023339930389
0.507828666173775
0.6516006437476974
0.5953398491211119
0.5242564134617961
0.5112849754674447
0.659431023537575
0.5965973374566299
0.5551478661884196
0.5418440232904339
0.5479328622720356
0.5546995377503852
0.5254155495978552
0.5187330155477347
0.5382123117972175
0.5459645777565912
0.516821133398705
0.5340962583463966
0.5476077250880684
0.5590305472762128
0.5622131505639513
0.5615781139132846
0.5304274053012932
0.5292344260489703
0.5402604735546217
0.5610516157883588
0.566127578847522
0.6350842888039582
0.5516093642499861
0.5553911441174828
0.5440971033666078
0.5565350977544722
0.5602762199794105
0.515559747966884
0.525267979759809
0.5316738709196601
0.5422392430727642
0.5223767765346236
0.569884775016205
0.5594295379411086
0.551603750901659
0.5658047985092011
0.5585236541598695
0.525266020899938
0.5428954293427071
0.5564093402963014
0.5729119371459028
0.5783824535994524
0.6460057579300293
0.5816694684480097
0.5816694684480097
0.5869756324018925
0.5978246756489518
0.5446016924423694
0.5498514232092587
0.5615895996454424
0.574223633296954
0.5987253523233895
0.6011395161530889
0.5964061622840791
0.6191214600377596
0.5555443417580992
0.5709571277432129
0.6276089308056967
0.6128829746215978
0.6176062617655801
0.5849082416401196
0.5849082416401196
0.6051145308564232
0.560448512147204
0.5773047856498413
0.6240628347018922
0.6233049964785589
0.6131205673758865
0.5690159158219161
0.5755190729116368
0.5940121875827961
0.5940121875827961
0.5341623684024589
0.5489110075254999
0.5899282669111121
0.5848133897838691
0.5842626772877404
0.5454588039104549
0.5465234137441719
0.5583673934405218
0.5608212964068282
0.5095595544448677
0.535897350946361
0.531649749066073
0.5249558771620191
0.5335084481045009
0.5446733759247446
0.5916680418248098
0.5905935151579043
0.5709762376823603
0.5856630824372759
0.5756845999155887
0.5379810023675728
0.5385942482902185
0.5500457947913819
0.5540025229424057
0.572091686636663
0.5705635770843037
0.5557955224744018
0.5333232895802339
0.5202839284217194
0.5321691349428878
0.5267361045712241
0.5352235468036314
0.5412688856397466
0.5057488682211657
0.5103064705713712
0.49958279602518396
0.4974589448932378
0.5454411338031285
0.544275977874358
0.6928286655954725
0.6653956604977664
0.6203380238211612
0.5725390296580091
0.5994158288513904
0.5775723534974087
0.6296358099370072
0.6111522557551071
0.5869250079553089
0.6021724168885964
0.5827658382712774
0.595258340181553
0.6639333343200959
0.6478605650090864
0.6066724493932851
0.621437175707409
0.5545958926427331
0.5981297913566033
0.6036098450319052
0.5687064793789466
0.5977704127749323
0.5814575602323262
0.6521771407859629
0.6516539166038142
0.6376439917288349
0.6721179489759976
0.6508929009870198
0.659861768088108
0.6107629001351279
0.6045737526129238
0.7449151685506865
0.6826779246615388
0.6309927396541919
0.6073846553178603
0.7347221687396511
0.685384237991169
0.6496679696014183
0.6467269272842421
0.6106838086683135
0.6217759801630048
0.6078271091174404
0.5770385192596298
0.6284770090962196
0.663515750662364
0.6139772694260546
0.6428281186509549
0.5906759629069979
0.5689953185824703
0.5754935150582545
0.6963623689940843
0.7257451290809139
0.644302072137526
0.6313898463515804
0.5186242220690928
0.702602645543065
0.7177830440469976
0.6177824718831277
0.5985970321031759
0.8527302526036473
0.8101309598049776
0.7755578076080372
0.6657820464215005
0.9143375893170903
0.8762024197621562
0.7700631780848038
0.0
0.0
0.0
0.0
0.6539743073932828
0.8293409770289741
0.7561796413408607
0.6497472827821525
0.7852440456222745
0.6697500459167488
0.6069088487400374
0.7816485861486049
0.7156792888165038
0.625475315673785
0.5768665168357939
0.8169219751035957
0.7573355775858966
0.6923039827679514
0.6422767388515221
0.6064487073742163
0.5715539556606036
0.5901914862162604
0.5948736128567899
0.5489039818617685
0.5290672151306199
0.4946161120092731
0.47137196347556426
0.7267019815577791
0.715120757505096
0.6589789210835312
0.5862582517850801
0.48057339449541286
0.43797651807823457
0.4179481755228211
0.5894294007421832
0.5402897147238026
0.5167107148613531
0.5027867908729328
0.5060156195032717
0.5201787619244125
0.5385263741656635
0.5369569478016594
0.5432398004316903
0.5229732959222511
0.5070719321513333
0.48710394023766784
0.4772219371818789
0.672204141400695
0.6555108117398262
0.6564216917641685
0.6505540867043287
0.6148076997294203
0.61124853534696
0.6076424306538487
0.5987319817763873
0.5506701913617981
0.5321472232442762
0.49587554865205163
0.6334925941651998
0.5992943965717448
0.5415925134664854
0.53948242753071
0.5008516862183326
0.480164374901217
0.6522413793103449
0.5885655969079776
0.6165104132723837
0.6480266478247704
0.6308296999293893
0.6760815232267522
0.6028416171010881
0.6151048392464887
0.5959453406226894
0.596970816401921
0.6165314636363123
0.6294526860387998
0.6077778834268327
0.59234900864484
0.5819412865032475
0.5403848163240935
0.552300419468673
0.5322269394056349
0.5012485953302535
0.658544142857624
0.6466467104006114
0.6100602256340657
0.5965335703541638
0.6017533484084189
0.570027316487002
0.5710514110385672
0.5803587900613234
0.549507287425503
0.5298177273904282
0.5465658566868363
0.7561898405571615
0.7046662954824615
0.6589618420327166
0.653334811492116
0.6335732805824529
0.6495444776985246
0.6642570030847849
0.6124065092842161
0.6139614640317739
0.6125400429197898
0.5732330325480145
0.57632908092248
0.581478294597836
0.5660510688029136
0.575013803142097
0.5801747389289749
0.5411245658499954
0.5508537069601225
0.5123067597688038
0.5317348582008236
0.5296607703945072
0.5697195241945697
0.515227347844563
0.5257162434156996
0.5270554561717352
0.5215048867116912
0.5405515772893666
0.5226972361087169
0.5275423114470467
0.5389048146936304
0.49453390987056645
0.5095877739019831
0.5205259469770701
0.5065716865656666
0.5338225277406078
0.5244879615075875
0.524647290399141
0.5339860060406942
0.5227256079695283
0.5374300340983245
0.5378675337696444
0.5156436827421284
0.5320211877745993
0.5066888890858962
0.524501460233279
0.5340803577062806
0.5171330743981527
0.5334129516407907
0.5430395867338702
0.4911608260325407
0.517338158068929
0.5167156640206626
0.5248888397301184
0.5106405088393078
0.5094273607277534
0.5082199631986969
0.5221655703888218
0.484937033246784
0.4946492727187491
0.5035562548499256
0.5223180347097026
0.4994507710659332
0.5084736251402918
0.5199597508717753
0.5292053933760964
0.5225902348605833
0.4952394535419935
0.5097963437405011
0.49138314241750725
0.513070480117106
0.5216840675959735
0.4883347223112593
0.49885922047451253
0.4976743785793271
0.49228923993631635
0.5006540544945338
0.5136595487161754
0.5222354464029746
0.5045893442029449
0.5045893442029449
0.5136279302942399
0.5233984885823663
0.5193660011477418
0.5315090210404784
0.536795009679501
0.5040361911809222
0.5034477545501121
0.5186713570558787
0.5206021588410079
0.545455718470028
0.5540573828940374
0.545340811411161
0.5980112259553958
0.5778552098013955
0.5599397757845616
0.5439569239026459
0.5459205393523948
0.5403224063322714
0.5403224063322714
0.5275542303327393
0.540615119538551
0.5603613613216407
0.5444383633617198
0.5339478700354741
0.5318258138132406
0.5289630243567991
0.5224193214729003
0.5276975968705033
0.5311187393805576
0.5323630610692303
0.5283121409223444
0.5248953983910096
0.5252230596165856
0.5327983865776996
0.5387846661008926
0.5479112221285988
0.5549633104876074
0.563570362130039
0.5512289117110469
0.5541307684436714
0.5444978735743282
0.5282758127732574
0.4993776277404611
0.45775366162131287
0.4811822822451678
0.5280740192224012
0.5269634455302208
0.4952699045143044
0.5127362902699528
0.5020137492935782
0.5025517122358916
0.5050659435473931
0.48605901367305665
0.48503123795893655
0.592849835783126
0.5798738534089615
0.5673529371649914
0.5426245989375786
0.5281111188057103
0.4840250487236014
0.4849918675144167
0.4945660091489176
0.6026275961545293
0.587907870142477
0.5310576219822172
0.5002172814390148
0.5099986038643736
0.5048324166631473
0.4727067346526656
0.4726576006445821
0.4850773747962768
0.47325540890970313
0.6157266857655963
0.59879702257912
0.5469168181482799
0.5192172432606538
0.5031453587949994
0.4960645055884982
0.507552029405674
0.4626264796779311
0.605499744893471
0.5971949932136933
0.5716422355094406
0.5137022878392196
0.496153078502952
0.5146386900676537
0.5099801899930044
0.491888249624216
0.4816782454706443
0.49122761170871293
0.45516983016983015
0.5873604248360267
0.5792175019148703
0.5806827156123199
0.5360806095704134
0.5182186630524731
0.49616832936583355
0.5022357598173723
0.47067600586414726
0.4702627578152017
0.4754349022437957
0.47468412146758127
0.45871375770020534
0.4629015276425833
0.4690836306327574
0.4779716258311566
0.455175892069096
0.6000688891983202
0.5870304501856546
0.5478525532634427
0.5225340364849593
0.5247288649376894
0.4922932477896878
0.4940597635619942
0.5033543746568466
0.47978233276102966
0.4848740276847439
0.49196268527263265
0.6164263517056673
0.5976464816467815
0.6074337150205131
0.5448368333095828
0.5269836798197033
0.5206239333960669
0.5192289921388809
0.4837798123657737
0.48831234256926953
0.4906357562259567
0.47394544784599807
0.4719745697469392
0.6273963053328686
0.6226035272802957
0.5784186971655892
0.5261427666881991
0.5267255730567294
0.5267255730567294
0.4940972145887836
0.4790715905591175
0.4905123755708549
0.4941090881605427
0.4987205447141808
0.5047900484429949
0.46391305713478026
0.4796864881337854
0.48723531583839463
0.4947343142120683
0.504445094641129
0.48227197325600535
0.4804531382373968
0.4839097696885507
0.4945323768434563
0.4674871820555037
0.47964210883968517
0.4782154674584502
0.4782154674584502
0.5017719355568402
0.5513547880639814
0.5386297376093294
0.5112493415937195
0.5089153302293499
0.5057363835379278
0.6418734102680849
0.6154423954441823
0.6080491479329303
0.5490045965636252
0.5294178730682304
0.515756760686246
0.5052777617554288
0.5182992116265794
0.5231288131475927
0.5102686994426493
0.49713443589323725
0.5039843422340277
0.5133675320693003
0.524161967166732
0.5372110826967244
0.5237847429851412
0.5524064520342193
0.5986765278318412
0.5997176547613364
0.6403183246953944
0.6553310380878562
0.6547219974569414
0.6528153430046717
0.6640835629152733
0.6638732160637238
0.6484756766747918
0.6467783500130605
0.6319563030714169
0.617444146559428
0.6177152803906408
0.6299963544787534
0.6358335238966385
0.6507360840158475
0.6281871268289483
0.661038452713555
0.6488344578390305
0.6780943373921268
0.6779490568477309
0.6312659874164335
0.630592608463842
0.6259498626057322
0.638635970951815
0.6612329643403121
0.6349670127712024
0.6426772119729441
0.6502534599974004
0.6546037879049229
0.6424399740428294
0.6499537082295842
0.6665986830604277
0.6540732950408543
0.5948092926105747
0.6216110797060486
0.6178802684745304
0.6076726942025185
0.5967422591218409
0.6430329550116232
0.572383725659254
0.6024495493649009
0.5988932090310608
0.622980912474125
0.5733532041728763
0.5896054882845809
0.5902461558767241
0.5544532275098409
0.5666340792625936
0.5884318092493122
0.5108194020551056
0.5201658499811534
0.5245538816837558
0.5413239326282805
0.5567375107145212
0.5042293679708538
0.5129863931870486
0.5116192482194812
0.5353159851301115
0.5534716962626752
0.5553772070626003
0.5484391498578584
0.5485074626865671
0.5689637257529108
0.535706340378198
0.5874889637356528
0.5906181508903161
0.5523875506288638
0.5632376835997619
0.5668270010268605
0.5142709964992693
0.5323021896722411
0.491006016772142
0.5888192728556301
0.5580016484539098
0.5624794632352161
0.5035945072697899
0.5256694611753215
0.4865856204212682
0.5415214793854891
0.5132378627145828
0.5023202636357522
0.5515548440776765
0.5218716283999925
0.5438225773918723
0.5382110961658199
0.5506705771804437
0.5211195275388368
0.49321472863375593
0.5815978671280992
0.6251458229174106
0.5827332046168806
0.5472818954203219
0.5205886275730227
0.5388335550681385
0.5471698113207547
0.5684866805214435
0.6227475126129582
0.6152883542707475
0.563370265542107
0.5727449148278588
0.572070465042281
0.5381262234024378
0.5086377097729516
0.5240932442350033
0.5924670584224143
0.5815713730840861
0.5839091263611548
0.5203450977357797
0.5203450977357797
0.5390659356768008
0.5023443648067254
0.5157233004839041
0.5403060679870741
0.5769875813600607
0.5999072225247575
0.5981639199203628
0.5981639199203628
0.6031667616056621
0.5577855529913893
0.5636261515393141
0.5803519120825842
0.5439197552257132
0.5431828969227118
0.4950205493427125
0.4844242987682985
0.5074772144058048
0.5253043366106773
0.5025812329183116
0.511627446123359
0.589308328896562
0.5791167007897046
0.5690031877932591
0.5692225553410818
0.5461101862783357
0.5413581697810161
0.5629762817894748
0.5410373603928773
0.5031962934725236
0.5625053664055437
0.5529412355802082
0.5404136980693092
0.544609720613996
0.5545767295722552
0.5618380186350243
0.519485772064134
0.5086479716227974
0.5243431859490878
0.5323219898865655
0.6031792396267315
0.6040335616965592
0.5801408148458497
0.5817816627896253
0.5929100479806214
0.0
0.0
0.0
0.0
0.0
0.0
0.0
0.0
0.0
0.0
0.0
0.0
0.0
0.0
0.0
0.0
0.0
0.0
0.0
0.0
0.0
0.0
0.0
0.0
0.0
0.0
0.0
0.0
0.0
0.0
0.0
0.0
0.0
0.0
0.0
0.0
0.0
0.0
0.0
0.0
0.0
0.0
0.0
0.0
0.0
0.0
0.0
0.0
0.0
0.0
0.0
0.0
0.0
0.0
0.6432039628029773
0.5887958985552305
0.6307396758847619
0.6402828096238528
0.6243455245119138
0.5817056465932728
0.6027918781725888
0.5981479818902384
0.6119306208461663
0.5328029729713101
0.5315307548784768
0.5455344070278184
0.5659150043365134
0.623975597622601
0.5400415790063364
0.5471745223248005
0.5451136732300167
0.5451136732300167
0.540739630933653
0.4849236154154665
0.49645737821471475
0.5048457825109629
0.5134156886967264
0.5261259907591751
0.4544935514501725
0.5687042572930626
0.5385345842671022
0.4916597164303586
0.5005707234305106
0.5138772077375946
0.4635731831525972
0.4747420011319437
0.5344018617919748
0.5465438950554995
0.4927360920536338
0.5088655690247874
0.5697750449532863
0.5245223332150568
0.4948281205232106
0.5163349161051971
0.5405727564430585
0.5410952738184546
0.49382366474356704
0.5136339333452148
0.5968500972579532
0.5582544734768186
0.5482250216460774
0.5425992779783394
0.5432890131273759
0.48177269478198714
0.4791844010123574
0.46544428772919605
0.4752687428709689
0.47268652750984763
0.4917394396576852
0.45518691718088494
0.45518691718088494
0.4659990840751952
0.47586045003856514
0.4962541735649304
0.4856491926808952
0.4925563731045425
0.48524877904226765
0.4868414302570153
0.4868414302570153
0.5094526326753815
0.48383430876754363
0.5434579521618811
0.5509246937894406
0.5051075605561945
0.5051075605561945
0.5129008339991148
0.5203857050092231
0.5009529860228716
0.5187612968174434
0.5778794885103572
0.5281611716667229
0.5295169745101127
0.5458157323895422
0.4858225108225108
0.5004118842330716
0.523635143823554
0.559960261141073
0.5565417264058624
0.536470852521622
0.5622410211085731
0.5757154765212559
0.5744713562609395
0.6006293281350589
0.5966183135249258
0.6251509016956708
0.6584470588235294
0.6038648826227656
0.6369658266956615
0.6157988665894362
0.6535031601417081
0.5654859230100017
0.5926070308029904
0.6126449926482601
0.6094989962303573
0.6426203661223725
0.5621123229206199
0.5885891590678825
0.5893841110413615
0.6051908357733601
0.6187028931078246
0.5799526225055501
0.5936596176238591
0.6037101200035406
0.6385414539513988
0.5866927234419371
0.6027382101425665
