1.0
0.853507413144501
0.9848415250344511
0.8663625997719498
0.9348036839554047
0.8441710603397774
0.874439461883408
0.8602461984069515
0.8644679826673086
0.9232549170844582
0.8324311602730055
0.9064618165386353
0.8776758409785933
0.8923591745677635
0.9191359420945487
0.8351137947050628
0.8258096172718351
0.7783384615384615
0.7139442231075698
0.7414512093411176
0.918733307897749
0.9030034465780403
0.9466058492084787
0.8437615697889671
0.8573040752351098
0.8787381259528556
0.8247660979636764
0.8250758341759353
0.7477309750989062
0.7248702218027372
0.9031349497918197
0.7850085178875639
0.8906193842098957
0.913477537437604
0.9864410996392586
0.9078014184397163
0.9490268767377201
0.9089398076694765
0.9082756271994551
0.9287820367430256
0.9000432713111207
0.9423123340574463
0.8901472253680635
0.9017412935323383
0.9242041435068217
0.8860175357637287
0.661763115197404
0.6448598130841121
0.8356319240334614
0.8682170542635659
0.8255363683935113
0.7796790307152726
0.7939900539625436
0.6907584080177315
0.6989918386941911
0.757886356851428
0.8304680512769552
0.8750398469875678
0.8499849079384244
0.8609865470852018
0.8663391156121528
0.8532738095238095
0.853202846975089
0.8494739946907875
0.8311688311688312
0.8544143441824206
0.7870081199250468
0.7901442560808677
0.7130111524163569
0.7225950782997763
0.7394560504532913
0.734316991908615
0.6756941061860692
0.7090673832984971
0.7148304234396949
0.7106990014265335
0.6527456245948698
0.6873760740251157
0.7957777581485734
0.7705927636643572
0.8124698388186469
0.7895710059171598
0.7859494028025957
0.7546235472460838
0.7882402617966853
0.7393801366471928
0.7930717633005605
0.8037523452157599
0.7882268485283561
0.8473033815499569
0.7593610892903901
0.8284238714613619
0.7665738161559889
0.872121325594458
0.8888888888888888
0.8924402944873406
0.8785352015817072
0.8671908383898812
0.8776922411556094
0.9284683384448854
0.8173422687152664
0.8493206411195183
0.750080567193039
0.705961452263559
0.6884551369344832
0.78813828100222
0.8436538941068905
0.8766001431183907
0.852803738317757
0.8410252498283622
0.8251833740831296
0.8343027482914062
0.8758381677088827
0.8490897589091164
0.9564474807856533
0.9820971867007673
0.8986858838490887
0.8774866236795171
0.7330334966771833
0.7400468384074942
0.808859357696567
0.7892515475520541
0.7205159705159705
0.6561360874848117
0.6793611793611793
0.7043441585828765
0.6545664073753962
0.6315638450502152
0.5888534107402031
0.6088391278727165
0.6580305005952718
0.6916666666666667
0.7499594879274024
0.7687707641196013
0.7568274734260017
0.8201815105368405
0.8172966495231437
0.7743383521930235
0.7507464808758709
0.7495095459112876
0.7205567938861848
0.6999248817993018
0.7193665739353734
0.7140916500633944
0.701650254058186
0.8297121714064449
0.7633693543917983
0.7297494526879105
0.7453046992630161
0.7673031520523547
0.668436850611868
0.6919582184599853
0.6176868809235374
0.6405288512254299
0.6266469434793078
0.638592258842729
0.586552217453505
0.5832533827372879
0.6220340038612443
0.6545859684765868
0.6072470817120622
0.6273307576012095
0.620331663021511
0.6756095503248123
0.6819962527678419
0.6958234374094885
0.6881056513163537
0.6390931028677255
0.6875904041920253
0.704242456242245
0.7065899043898427
0.6884469934133086
0.7130078456848733
0.7146055979643766
0.7035775127768313
0.6830965497245578
0.6194223971186553
0.6159401144870101
0.6730829782321207
0.6627559423354548
0.6314346749343063
0.6630034465780403
0.6757921174652242
0.6165033084462687
0.5704790281916112
0.5953324677099706
0.6329425492734334
0.6490066225165563
0.6424121935056328
0.6626337195392871
0.6629666836843926
0.6354515050167224
0.632636618583536
0.6924501131454434
0.6548246139111696
0.6652102600857305
0.7137564830822425
0.7383385528267677
0.7057356608478803
0.6857519901238772
0.7553672073312395
0.6686347831791642
0.7609690931103101
0.7475227288744802
0.6930143516079711
0.6683995104168038
0.6524915275511485
0.6435370243590026
0.6128791017776475
0.5906501095690285
0.6194768543869256
0.5607440625903054
0.5019359043164916
0.5345519481156604
0.5450280112044817
0.6166285648065233
0.6536
0.6608154772445546
0.6713258741569538
0.6686000644465927
0.6913450138321696
0.7594777615255431
0.6541007409305404
0.6427516976675524
0.684628314265575
0.67175936977799
0.6578453844550948
0.595248544427865
0.6073202998677054
0.6204721571454316
0.6447442962352578
0.570266714507834
0.5769955344683226
0.5316184897491405
0.4987519954842522
0.5458279027463924
0.5742108099420457
0.5656213148231595
0.690643433086206
0.6974343983990287
0.6621767122986661
0.6806168157915841
0.6668874525933444
0.6835605752645052
0.7008563230582009
0.8654256454021763
0.7946458066306373
0.8196698743099436
0.9112033915471763
0.9215918737741869
0.7726286509040334
0.8317031605779833
0.7665864757543259
0.7452819897458274
0.7196661818873772
0.8204299029864942
0.8402776738827965
0.8367636407532593
0.7981168013271481
0.846500845811666
0.8022238574114954
0.851519647888498
0.9179274907222381
0.8585624613208381
0.8374070138150903
0.9417190463792912
0.9233729881035689
0.8462765109232977
0.931889960106383
0.9034636557238719
0.8751744927067107
0.8419486642221058
0.9397424103035878
0.8715863657925053
0.9130414553575583
0.9027237354085603
0.807583886514504
0.9051105687449154
0.8877253759546493
0.887012744128884
0.8196266607494522
0.7270173248009989
0.8005108834479198
0.8715995988466843
0.8614809410906438
0.8803552442304085
0.9008018623900672
0.9365355280428536
0.8576911423088577
0.8646837033933809
0.8139307800802864
0.8178962797515181
0.7565804955121525
0.8397291196388262
0.8277050062802799
0.6939433674735089
0.7531998429524931
0.7857388611732324
0.789786940395066
0.7927563623576985
0.8406745532343317
0.8374734607218683
0.7493447088451457
0.8536131325097309
0.8495902112432183
0.948271665043817
0.9119070667957405
0.756519732287099
0.7002077601212869
0.71840242669363
0.8108187650832892
0.797383105637868
0.9258452238701061
0.8802742985095514
0.879014135556361
0.6425741886163041
0.7633306291024412
0.9231280092976922
0.802923149457803
0.8246124793453459
0.7649491094147582
0.8367663535292597
0.8785321821036107
0.9171974522292994
0.9416675150157793
0.8930863937703883
0.8588994774054719
0.855803166280125
0.9162995594713657
0.8782161234991424
0.7989690721649485
0.8358913813459268
0.9684979838709677
0.8061162818808171
0.8824593128390597
0.8661104489471593
0.8068535825545171
0.7897872340425532
0.7412028949338657
0.7979054980675726
0.7265398664819247
0.8381010346926354
0.7475328947368421
0.7466892082276698
0.7750845546786922
0.9056962025316456
0.6565656565656566
0.8245149911816578
0.733920704845815
0.7559471365638767
0.7327008928571429
0.7258398344212705
0.7450621799561082
0.7804418564822744
0.7889688249400479
0.8181353332197034
0.8759426847662142
0.683920894239037
0.7617005407421219
0.7805164319248826
0.8774292861266115
0.7590545825539874
0.8220810166799047
0.8315502820462944
0.8146778275257933
0.769993669550538
0.734435049961568
0.8407079646017699
0.8702507107779788
0.8302439024390244
0.604293832877289
0.6837342224339128
0.6759026028547439
0.6887511916110581
0.7114721811915312
0.8239095315024233
0.7833686440677966
0.8013419602204649
0.9100418410041841
0.9327548806941431
0.8185840707964602
0.8099196453311166
0.7825873093949828
0.7616374269005848
0.861863488624052
0.7385398981324278
0.7463482494783213
0.7985507246376812
0.8116129032258065
0.7258290518449323
0.7792438467394063
0.6345957011258956
0.6350404312668464
0.886615515771526
0.8074501573976915
0.8326745718050066
0.6268419859442304
0.7701590784421284
0.6313686313686314
0.6193042626163645
0.6270585254623765
0.6402859331120756
0.6727414735745899
0.7260834014717906
0.7126855952070852
0.6300963676797627
0.7403936269915652
0.6248927038626609
0.5548469387755102
0.6346153846153846
0.5916381803839075
0.6446124763705104
0.5855513307984791
0.6806387225548902
0.6015189873417721
0.7508833922261484
0.7606338615512928
0.6076923076923076
0.7178947368421053
0.788543371522095
0.7932446264073695
0.7846776915288559
0.7626329787234043
0.8758364312267658
0.7839831401475237
0.826929502171734
0.729673384294649
0.6741102581995813
0.7063572149344097
0.714765100671141
0.7314629258517034
0.6194111232279171
0.6346368715083799
0.6757564437803512
0.6121607694950189
0.6897774911318929
0.6695450016605778
0.6413612565445026
0.6646026831785345
0.6646026831785345
0.7216425445977785
0.6769644056413701
0.687192118226601
0.6171284634760705
0.6363636363636364
0.5051546391752577
0.5422191207257502
0.699205448354143
0.7317073170731707
0.8076472883339836
0.6732673267326733
0.6947060734004546
0.578766050735985
0.698956780923994
0.6872370266479664
0.7701694915254237
0.655359565807327
0.6433931484502446
0.6939669700033704
0.6789054381711119
0.6268343815513627
0.6212227687983134
0.7333333333333333
0.64973007303906
0.7077205882352942
0.6987912446912774
0.5925696594427244
0.6385829115808276
0.5850729196454103
0.7498416719442685
0.6161745827984596
0.6460436339954412
0.7087807959570436
0.7210776545166403
0.6797131759784882
0.688122096881221
0.7461139896373057
0.8035226237473428
0.7157502329916123
0.6804680468046804
0.71005291005291
0.7578347578347578
0.6513065467828042
0.6205899363794101
0.6558679706601467
0.751865066493675
0.5451438336656224
0.5812220566318927
0.6117424242424242
0.6338630806845966
0.5822424587364826
0.5404411764705882
0.7069486404833837
0.7728950016772895
0.7593480345158198
0.684792918115713
