1.0
0.8642659279778393
0.9142561983471075
0.9297601566324033
0.9531210191082803
0.7708105746121914
0.8487229862475442
0.8718199608610567
0.8884702336096458
0.8264771877337322
0.8128834355828221
0.8189774297558728
0.7974093852971254
0.8867599816429554
0.8599931200550396
0.9554473979782853
0.8653163225042746
0.8189404475913517
0.7376472016510865
0.7414512093411176
0.9255021612001018
0.8625093914350113
0.9478672985781991
0.8011832860840626
0.7875853507138423
0.8251214434420542
0.9030189998834363
0.8060983198506534
0.822688524590164
0.7903815995818086
0.9472298986708777
0.8344370860927153
0.9173955296404276
0.9259705811429949
0.8622391743325106
0.8241375672539297
0.9063499314755596
0.8585526315789473
0.9082756271994551
0.8345718901453958
0.9252336448598131
0.875
0.827354260089686
0.8564170799564533
0.9389920424403183
0.7737259343148358
0.6891589005544414
0.7110998479472884
0.8817845639985685
0.8054042275005447
0.8398475775721285
0.8081705150976909
0.7541696881798404
0.7287870900572618
0.7098671534327148
0.749795584627964
0.82793902693673
0.8979137985809594
0.8602688340106284
0.8221679583819939
0.8197180066731246
0.8317642243143676
0.8791208791208791
0.8790102746907108
0.9170437405731523
0.8791208791208791
0.7833827893175074
0.7473784556720686
0.70221116109888
0.7760770400405473
0.757886356851428
0.7394243770523469
0.6868686868686869
0.6563365828630067
0.6708258432906842
0.6895198760970573
0.676876752154501
0.6412672949669139
0.8413197172034564
0.8809896342655975
0.8301353261967279
0.8524039470921688
0.8272168220591153
0.7571383746470034
0.7680636604774536
0.8061103314261039
0.7942203258339798
0.7419948472580051
0.7619313944817301
0.7370373894015793
0.7266454834316841
0.7834545282840684
0.7427579274422005
0.8000724047425106
0.8098204470502015
0.8127084272194682
0.8453678474114441
0.896028880866426
0.8722486748719792
0.8414074009879539
0.7523096129837703
0.7706877814004036
0.7321090340113646
0.6348668280871671
0.645359557467732
0.7129322595926101
0.7798015937550822
0.8668792347548824
0.8087431693989071
0.8287551603683709
0.7702612190221031
0.8582849976485343
0.843670544726096
0.8925496068888057
0.8543070883638249
0.9389213775178687
0.8712828923910718
0.8607043116953886
0.6864100032905561
0.7328572419052901
0.7000200120072043
0.7057414676335573
0.7037634755664579
0.6694958196098303
0.6827334507928517
0.6993955840631553
0.6758645619954211
0.6576860204637646
0.5590319792566983
0.5735009103189053
0.6315025545750116
0.6906297077432961
0.7640526225867077
0.7576140042803051
0.7683408739476548
0.84007242003621
0.8360142502429019
0.7890044576523031
0.7872525448872065
0.7860262008733624
0.7596218771100608
0.77502691065662
0.7693232804477543
0.7492398327632079
0.7355519939662487
0.7888493475682088
0.8348052636227148
0.7518540618873072
0.6978914346980105
0.7334973697607331
0.6205174941554067
0.6715063520871143
0.6024630918687371
0.6340151096370001
0.6522698498824381
0.6162062236828592
0.6142001114827201
0.597837684045807
0.6206685065930696
0.647887323943662
0.6271701682091468
0.6554054054054054
0.6788727113666188
0.6736893086330065
0.6633751418320095
0.6372286210858102
0.6469281580639504
0.6577336259674252
0.6665379629884994
0.7242030561437647
0.6987020601796328
0.7217417319408181
0.7419041450777202
0.6554651574106827
0.6510415328898363
0.6250413574703407
0.6213985811495584
0.5898507462686567
0.6869753353526612
0.7143925727108725
0.6884634931390818
0.7077317729864954
0.6402745057871556
0.6651669875282498
0.639501242818141
0.6726247924950778
0.6796734278330331
0.684037363385395
0.6686922702965483
0.6634842762856034
0.6657993837726806
0.6430134523062309
0.6335970683767802
0.7169115747041293
0.7494091454016099
0.7943324177664635
0.7883528081417264
0.775243787354514
0.6686407880849068
0.6590925642706285
0.7006266126059713
0.638306255663983
0.7349499722067816
0.6742086212569924
0.7125395732966276
0.6484240533562823
0.5963232042453724
0.6895473567752176
0.6945382915125348
0.6820252139587715
0.6378947368421053
0.5391325338219642
0.49587182920837386
0.5481261632878918
0.5531122143372014
0.6349048050770626
0.6428471932023959
0.5765178010940722
0.5950000547519191
0.6156934712490268
0.6216144626183696
0.6741229464178073
0.6026090887563774
0.6990099917499313
0.6773776397372098
0.6227042345631915
0.6938409828193988
0.6078268294576222
0.6075685109297162
0.6474700099215297
0.6060171919770774
0.6837885582280201
0.7051400026291573
0.6541393135656695
0.6026581118240146
0.5766858691968824
0.6256723631167443
0.5632044126908293
0.6425670852301318
0.6321940853550558
0.7003835451605626
0.7098864875582432
0.7085217351080684
0.7261911836366013
0.71928382887594
0.8226206742700984
0.7135230132207858
0.679560004811612
0.8024504018434215
0.7984871364258598
0.7273877826527169
0.8004040987155434
0.7022649644436979
0.698691222354143
0.6668503720033067
0.7854315242354648
0.7629054920887043
0.7921908159812998
0.7819941285201696
0.7646351613798206
0.79233527788336
0.7559046183274165
0.8530809047720344
0.7985106660943245
0.8337366055997235
0.8639947196655788
0.9027819204995128
0.8214330063330436
0.8060308317804507
0.8588951935914553
0.836335160532498
0.8379854103874547
0.895250182142941
0.8643669517811824
0.8139935314237848
0.8717309490135916
0.8878443661052356
0.8191489361702128
0.9060265290669957
0.8499579478553406
0.8132186355506346
0.6824456550483948
0.776717231975456
0.8667213839257529
0.8438961609693317
0.8322103961201706
0.8173344553045505
0.8858666475788268
0.7904502807715112
0.7810475922275415
0.7732196358607974
0.7837259100642399
0.8241614463563556
0.8699487424007629
0.7879558274410106
0.7580884780455596
0.7873517786561265
0.8518092541803061
0.7594712092981989
0.7416882075051252
0.8039867109634552
0.8177429736108132
0.7172367607665362
0.8428769337335489
0.8028301886792453
0.8931894305917379
0.8083832335329342
0.7896713615023474
0.7308805291442745
0.7150785768534206
0.7699130743303175
0.8555623847572219
0.9677466754830651
0.7857386092760336
0.8887902330743618
0.6465116279069767
0.72699734948883
0.8948062654575433
0.7466205595724615
0.7225015713387807
0.7477820025348543
0.7965899403239557
0.9002961500493584
0.9046783021790767
0.9531928084314941
0.838150289017341
0.7736109740451989
0.7866057838660578
0.8613827217301276
0.8540204762452548
0.7506471095772217
0.8086642599277978
0.8993440968718466
0.719327731092437
0.7574524123069556
0.8269030239833159
0.7616840478949402
0.74487895716946
0.6690304438195378
0.6803519061583577
0.7003610108303249
0.8067469879518072
0.7146276221314938
0.7223317375387215
0.7454571066347373
0.7647987371744278
0.6355785837651122
0.6708693739920832
0.6537164638616039
0.6464379947229552
0.6445682451253482
0.661049902786779
0.7212364052661706
0.7293413173652694
0.7530378230361116
0.7721218755701514
0.8743497398959584
0.6533957845433255
0.711317329029655
0.7506674881905936
0.7583397982932506
0.6544054747647562
0.7604938271604939
0.7761806981519507
0.7683302526186075
0.7543781866548437
0.6367472190257001
0.7897080653142009
0.8767772511848341
0.8190762503416233
0.5752293577981651
0.6693711967545639
0.7084019769357496
0.700374531835206
0.6925925925925925
0.7802045894387614
0.7714598141060689
0.8201438848920863
0.9331797235023042
0.9106628242074928
0.8208009219245175
0.8917022574740695
0.897487727403985
0.8439876091241904
0.8071640183140317
0.773955773955774
0.821999458141425
0.8531431590068674
1.0
0.8499861610849709
0.8367346938775511
0.8053271950016442
0.7253694581280788
0.8961605584642234
0.9173772419876507
0.821171041246034
0.6580596640762095
0.7777777777777778
0.6574172892209178
0.6306695464362851
0.7065372537824721
0.6859756097560976
0.7146017699115044
0.7194244604316546
0.7632878303804821
0.6727066817667045
0.7700312174817898
0.5941644562334217
0.7052980132450332
0.7700035880875493
0.7138200782268579
0.6664676022693341
0.6674000733406674
0.6759259259259259
0.7117988394584139
0.6938110749185668
0.8593700286350621
0.7240319606637984
0.7494866529774127
0.8163265306122449
0.8509340449866565
0.7962896896182662
0.7443502824858758
0.85
0.8614579138139348
0.8342007434944237
0.7117934403349616
0.6732824427480916
0.6703296703296703
0.72
0.7225734473782075
0.7049254405784003
0.6457399103139013
0.7541899441340782
0.6595744680851063
0.7238234221087194
0.6573734409391049
0.7144592952612394
0.7432600580671921
0.706346078044935
0.6957872928176796
0.6626098715348209
0.6746166950596252
0.642524202223019
0.6729252722493428
0.6122165664044424
0.5644721464744838
0.7274180655475619
0.7686051240341603
0.8208636169303121
0.7340696686491079
0.7630057803468208
0.642524202223019
0.7867177522349936
0.775206611570248
0.832
0.7320261437908496
0.7701149425287356
0.6983684838838042
0.6336252189141857
0.6577075098814229
0.6842105263157895
0.7296416938110749
0.6816753926701571
0.6578249336870027
0.7531816428846896
0.5614035087719298
0.6515923566878981
0.5851874428527888
0.7541248786800389
0.6188948306595365
0.6693055055775459
0.6996871741397289
0.727427597955707
0.7375934738273283
0.8249090173877881
0.8452655889145496
0.6174334140435835
0.8342989571263036
0.8001474926253688
0.7231920199501247
0.7106963388370423
0.7528418317635596
0.6592160673793327
0.590307043949428
0.7651006711409396
0.6182741116751269
0.6413301662707839
0.6439393939393939
0.7070412258299891
0.639734172787688
0.6363636363636364
0.827430293896006
0.7225042301184433
0.7273986837547627
0.6627906976744186
