1.0
0.926613192864839
0.926613192864839
0.9350084561488282
0.9350084561488282
0.922077922077922
0.922077922077922
0.9426168686618848
0.9426168686618848
0.9060476481368357
0.9060476481368357
0.8842752787389465
0.8842752787389465
0.8410217786982991
0.9344435633095427
0.9043768793852323
0.9043768793852323
0.8448929829314549
0.8448929829314549
0.8475052705551651
0.8475052705551651
0.8148379485044069
0.8164989089885267
0.8131032053539979
0.8131032053539979
0.7304775568764091
0.8320566555860673
0.8292930759181304
0.8292930759181304
0.8334062727935814
0.8334062727935814
0.8334062727935814
0.762575157647749
0.7748989066946234
0.7748989066946234
0.6491531802785095
0.6491531802785095
0.6491531802785095
0.6491531802785095
0.6491531802785095
0.6491531802785095
0.5887850467289719
0.5887850467289719
0.5887850467289719
0.5887850467289719
0.5698271835590846
0.5698271835590846
0.558309816184883
0.558309816184883
0.5967523680649527
0.5967523680649527
0.6067484662576688
0.6067484662576688
0.5976733645565795
0.5976733645565795
0.6738263270942006
0.6738263270942006
0.6738263270942006
0.6738263270942006
0.670380828817828
0.6778108541332722
0.6945504503129293
0.6945504503129293
0.7626064932074603
0.7626064932074603
0.7626064932074603
0.7626064932074603
0.7901166888558226
0.7901166888558226
0.7777422705121035
0.7818021201413428
0.7195453422288115
0.7082860385925085
0.6578046854435378
0.6542455711667685
0.6729500471253534
0.669165885660731
0.7162391456233157
0.712116701399226
0.7375886524822695
0.732940446650124
0.7551933525087887
0.7551933525087887
0.8003271410211473
0.8003271410211473
0.7695058102413485
0.7645267698553666
0.6597701149425287
0.6597701149425287
0.6082388719933647
0.6082388719933647
0.6208550867786087
0.6208550867786087
0.5800376647834274
0.5800376647834274
0.5599165471378276
0.5599165471378276
0.5884729329383248
0.6073871409028728
0.5988074957410562
0.6796840065583545
0.6765634870499052
0.6815144766146993
0.7682926829268293
0.7801857585139319
0.6857331790378575
0.6763110307414105
0.7226418408571931
0.7280127411077686
0.6541070082893745
0.6492146596858639
0.5503916449086161
0.5503916449086161
0.5376
0.5226408572416177
0.5670391061452514
0.5627165627165627
0.5455585207777354
0.5411230856494611
0.5870757976021134
0.5870757976021134
0.5312645823611759
0.5312645823611759
0.6901338621715419
0.6901338621715419
0.7956698240866035
0.7956698240866035
0.7793320011418784
0.7793320011418784
0.8586923772220548
0.8586923772220548
0.7856301531213192
0.7856301531213192
0.9735537190082645
0.9735537190082645
0.91
0.91
0.8175631885936487
0.8175631885936487
0.8852459016393442
0.8852459016393442
0.8388157894736842
0.8388157894736842
0.876958349254872
0.9577520924671183
0.9245863793766833
0.9245863793766833
0.8352229780801209
0.8352229780801209
0.8015267175572519
0.8015267175572519
0.6900768693221523
0.8001488649050986
0.7835545722713865
0.7835545722713865
0.7357922468949943
0.7357922468949943
0.7931034482758621
0.7931034482758621
0.8552631578947368
0.845771144278607
0.7909090909090909
0.8204182041820418
0.7413727720894956
0.8636539204325995
0.8744622604614783
0.8744622604614783
0.846421125781793
0.846421125781793
0.804755525787006
0.804755525787006
0.6989528795811518
0.6989528795811518
0.6579783852511125
0.6579783852511125
0.6381011097410604
0.6381011097410604
0.6669784845650141
0.6669784845650141
0.7145631067961165
0.7145631067961165
0.6706183915411728
0.6706183915411728
0.65625
0.65625
0.6700133868808568
0.6700133868808568
0.6483160621761658
0.6416666666666667
0.6776029460997657
0.6706428098078198
0.7326892109500805
0.7326892109500805
0.7160647571606475
0.7222739981360671
0.7295262001882649
0.7295262001882649
0.6019242333132893
0.6019242333132893
0.6279987853021561
0.623400365630713
0.7250682024856017
0.7250682024856017
0.7526947951955651
0.7526947951955651
0.6238317757009346
0.6238317757009346
0.6433734939759036
0.6433734939759036
0.664179104477612
0.6238317757009346
0.6551126516464472
0.7034178610804851
0.7034178610804851
0.6845781837721655
0.6933788754598004
0.6933788754598004
0.6803299819541119
0.6803299819541119
0.7146556188503366
0.7146556188503366
0.6880831778192482
0.7020773073889035
0.6729437828856273
0.6945975744211687
0.7157057654075547
0.7157057654075547
0.6666666666666666
0.6666666666666666
0.6535031847133758
0.6535031847133758
0.7482090740249403
0.7482090740249403
0.6623995983935743
0.6623995983935743
0.5900962861072903
0.5900962861072903
0.6624807226261291
0.6624807226261291
0.5846283074338513
0.5846283074338513
0.610062893081761
0.610062893081761
0.6509853782581055
0.6509853782581055
0.731350114416476
0.731350114416476
0.8909090909090909
0.8909090909090909
0.7865568662363677
0.7865568662363677
0.7865394274234053
0.7865394274234053
0.6928914748292436
0.6675603217158177
0.5187617260787992
0.5141794514179452
0.4486884491486424
0.4447992700729927
0.38873239436619716
0.38873239436619716
0.35569487983281084
0.35569487983281084
0.33472803347280333
0.33472803347280333
0.3190646803696021
0.3190646803696021
0.3648360178536775
0.3648360178536775
0.3559896352401834
0.3559896352401834
0.3790322580645161
0.3790322580645161
0.3755707762557078
0.3755707762557078
0.3801006148686417
0.3801006148686417
0.3713235294117647
0.3713235294117647
0.36462093862815886
0.36462093862815886
0.32835276967930027
0.32609482446615995
0.33064220183486237
0.32132667617689015
0.32132667617689015
0.32132667617689015
0.301122413188355
0.301122413188355
0.2975206611570248
0.2975206611570248
0.2543390105433901
0.2543390105433901
0.25728387199490527
0.25728387199490527
0.22757697456492637
0.22757697456492637
0.22757697456492637
0.22757697456492637
0.21431787483115713
0.21431787483115713
0.22623096259056633
0.22623096259056633
0.228939099206943
0.22312434220417982
0.2076865109269028
0.2076865109269028
0.20958083832335328
0.20958083832335328
0.19626168224299065
0.19626168224299065
0.2090032154340836
0.2090032154340836
0.19226621475889694
0.19226621475889694
0.1734647460197119
0.1734647460197119
0.15725743041358703
0.15725743041358703
0.18896103896103897
0.18896103896103897
0.15284625728372928
0.15284625728372928
0.12307203052949595
0.12307203052949595
0.09582477754962354
0.1062215477996965
0.10717879906071788
0.11007751937984496
0.13301308596985256
0.13571066418793307
0.12185089974293059
0.13444520081688224
0.09893179950698439
0.11172458590451445
0.10566886140998875
0.10566886140998875
0.13834832379394932
0.13332293778262905
0.14247269273389268
0.14247269273389268
0.14285714285714285
0.14660368138133245
0.15457115928369464
0.15759128763613067
0.11287128712871287
0.10315575161180862
0.10001736412571627
0.10282042127811496
0.09440323668240054
0.09135399673735727
0.1486835312338668
0.1374761326158653
0.20243343325692117
0.13893538667559424
0.13959822948586995
0.1405071967100754
0.13011152416356878
0.12767048367800377
0.12405446293494705
0.1397712833545108
0.19724852599606932
0.19724852599606932
0.14345637583892618
0.13962700115530616
0.12187448253022024
0.11860540892798957
0.13423624207097548
0.12933597621407333
0.10045052561321542
0.09893179950698439
0.10209555741827327
0.10275012653956471
0.11974436596030945
0.11791984100695595
0.1413531239212979
0.13735797863320331
0.09381237524950099
0.10522062388879909
0.10057785413087615
0.09998430387694239
0.10569361434413338
0.11692307692307692
0.1713221601489758
0.18309859154929578
0.12264849651903421
0.12092887395939828
0.11239843514896178
0.12065031374786081
0.10115606936416185
0.11211778029445074
0.12465373961218837
0.12231584669747214
0.10762331838565023
0.11860832894043226
0.16017797552836485
0.15236567762630313
0.06441020459712049
0.0759870871616588
0.0
0.0
0.09357370615648761
0.1022001419446416
0.0506094022054556
0.037126160192506016
0.0
0.0
0.0
0.0
0.0
0.0
0.0
0.0
0.0
0.0
0.0
0.0
0.0
0.0
0.0
0.0
0.0
0.0
0.0
0.0
0.0
0.0
0.0
0.0
0.0
0.0
0.0
0.0
0.0
0.0
0.0
0.0
0.0
0.0
0.0
0.0
0.0
0.0
0.0
0.0
0.0
0.0
0.0
0.0
0.0
0.0
0.0
0.0
0.0
0.0
0.0
0.0
0.0
0.0
0.047127414065346776
0.03510676800579081
0.046933085501858735
0.05812601720530109
0.08114754098360656
0.08200212992545261
0.13367088607594937
0.13298073290517567
0.14860206817311375
0.14860206817311375
0.19654194245576118
0.19654194245576118
0.1990119971771348
0.21239937861883915
0.21243069740297638
0.22446314567614625
0.23110979929161748
0.2409972299168975
0.21587301587301588
0.2315112540192926
0.1951219512195122
0.20572764465225016
0.3084767367750159
0.3292127521145088
0.22461207558764787
0.24100887435777674
0.21785240830755634
0.23366159355416294
0.3400651465798046
0.35696701132447073
0.18269086545672716
0.19832826747720364
0.17457652983366398
0.16425571628558097
0.17905775551729536
0.1917509727626459
0.2914415199581663
0.30282174810736406
0.17120622568093385
0.1831865492393915
0.19384116693679093
0.19658119658119658
0.19252163164400493
0.20032154340836014
0.2731923601637108
0.28851731786384577
0.24124513618677043
0.24124513618677043
0.2779807372965792
0.2937167553191489
0.3140300523383421
0.3140300523383421
0.3140300523383421
0.3140300523383421
0.2389937106918239
0.2389937106918239
0.24054438993511632
0.24054438993511632
0.2423469387755102
0.2845978508629111
0.324269889224572
0.33993953644608665
0.2963639382367591
0.2963639382367591
0.2548520521794464
0.27108047451106126
0.29948845140288327
0.31625
0.25011579434923575
0.2607899954247369
0.3638201111672562
0.37394050191125144
0.24053965120105297
0.25121713729308665
0.3556274721323265
0.22323166774821546
0.2536051715564396
0.26500899721904136
0.2759540076653891
0.2875
0.2862635442153093
0.30227272727272725
0.29672045809474235
0.31501575078753935
0.2752941176470588
0.2930508474576271
0.2646809950922322
0.2826903379993172
0.3070311156953756
0.33327424215564616
0.32547326469611426
0.3474004051316678
0.33707865168539325
0.36
0.3959493670886076
0.42345614945511156
0.3438202247191011
0.3512627090849459
0.3185374421203896
0.3255017131669114
0.2839028916035256
0.29819972303431297
0.3060325178544294
0.32288698955365625
0.31525207402680283
0.33021114462613116
0.3027349889971707
0.2801556420233463
0.38525564803804996
0.30255006483215674
0.3628066172276098
0.30787104269532384
0.313212325875897
0.30549607423269093
0.3526470588235294
0.36476065764586063
0.31062980906241094
0.30873813907378556
0.29703763010408324
0.30270780008082987
0.3384779137839276
0.3534152463997886
0.34704370179948585
0.35944700460829493
0.32212885154061627
0.3097768331562168
0.3332430602572783
0.32844899087641694
0.4102122776821572
0.42420382165605097
0.39952009598080385
0.36297828335056875
0.3606936416184971
0.35866649635968834
0.35556639434215337
0.359822309970385
0.37961335676625657
0.3923573735199139
0.44120065789473684
0.42255453422966116
0.4205075090626618
0.37085082029759636
0.40491958372753073
0.40491958372753073
0.4721683744115204
0.4627493554077894
0.3984589264725088
0.3984589264725088
0.3933546325878594
0.3933546325878594
0.38380505140246224
0.38380505140246224
0.32615200478755235
0.32615200478755235
0.2949393176093428
0.2949393176093428
0.3146722164412071
0.3146722164412071
0.31109107303877365
0.30755395683453235
0.33025721578637346
0.32489040428641014
0.32586683031604785
0.32586683031604785
0.3345689472569371
0.35607652327767336
0.3734164070612669
0.3734164070612669
0.3719776813391196
0.3719776813391196
0.3952650540401441
0.3952650540401441
0.42423637452585344
0.42423637452585344
0.4389995933306222
0.4389995933306222
0.4392292490118577
0.4392292490118577
0.47653958944281527
0.47653958944281527
0.43588135137557127
0.43588135137557127
0.44434675575874805
0.44434675575874805
0.4538245498100116
0.4538245498100116
0.4927046410023906
0.4927046410023906
0.49952030700351774
0.49952030700351774
0.5272613163881698
0.5272613163881698
0.5855676421020377
0.58324431558065
0.5606758832565284
0.5606758832565284
0.5913631473797449
0.5947647194288784
0.549532155057181
0.47637565623177136
0.4343272548053228
0.4312450628911709
0.44627128596594245
0.4526918671248568
0.44669603524229073
0.4473424657534247
0.47680385380668133
0.47149588360171907
0.4899650255582459
0.4889813777279761
0.46132857592612025
0.4691659154780211
0.4689380855183964
0.4689380855183964
0.4863860729260655
0.4834093410913666
0.49307274930200706
0.49307274930200706
0.5298180859477986
0.5298180859477986
0.5181603153745072
0.5181603153745072
0.5163408674404398
0.5134997452878247
0.5357860876558103
0.5357860876558103
0.5034837003509128
0.4996467144443323
0.5325583787676165
0.5347311883489129
0.5310081518935095
0.5310081518935095
0.5253432698688173
0.5316939608410394
0.5459960291197882
0.5459960291197882
0.5866611561708942
0.5866611561708942
0.5832207090134109
0.5832207090134109
0.606799896184791
0.6143255031793579
0.6206084195431733
0.6282011404872991
0.6250319938571794
0.6326752681486087
0.600092203667657
0.6040672338659473
0.5750462647316645
0.5840918084685398
0.5344190891014109
0.539630627164294
0.5164319248826291
0.524103139013453
0.5158941573432783
0.503968426074511
0.4703863346104725
0.47456473884330597
0.445795639922883
0.446736780387702
0.43278829296218113
0.44267824464458716
0.42173824547119887
0.42755344418052255
0.40796957671957673
0.408022357389446
0.3988558205309507
0.405511937189553
0.38028894206015085
0.3845665770311509
0.3779610767017935
0.3860375684070404
0.3503223997757219
0.3575941440062345
0.3113040681781637
0.3120651210273218
0.2891566265060241
0.2950075642965204
0.24730923307109418
0.2534194990403537
0.20730749688207306
0.20776815888153327
0.18255188316679477
0.18548782829468113
0.14109932649957535
0.14206885521212365
0.11516136521941026
0.11516136521941026
0.07810728563756787
0.07810728563756787
0.061233974979666136
0.06472066499130098
0.0
0.0
0.0
0.0
0.0
0.0
0.0
0.0
0.0
0.0
0.0
0.0
0.0
0.0
0.0
0.0
0.0
0.0
0.0
0.0
0.0
0.0
0.0
0.0
0.0
0.0
0.0
0.0
0.0
0.0
0.0
0.0
0.0
0.0
0.0
0.0
0.0
0.0
0.0
0.0
0.0
0.0
0.0
0.0
0.0
0.0
0.0
0.0
0.0
0.0
0.0
0.0
0.0
0.0
0.0
0.0
0.0
0.0
0.0
0.0
0.0
0.0
0.0
0.0
0.0
0.0
0.0
0.0
0.0
0.0
0.0
0.0
0.0
0.0
0.0
0.0
0.0
0.0
0.0
0.0
0.0
0.0
0.0
0.0
0.0
0.0
0.0
0.0
0.0
0.0
0.0
0.0
0.0
0.0
0.0
0.0
0.0
0.0
0.0
0.0
0.0
0.0
0.0
0.0
0.0
0.0
0.0
0.0
0.0
0.0
0.0
0.0
0.0
0.0
0.0
0.0
0.0
0.0
0.0
0.0
0.0
0.0
0.0
0.0
0.0
0.0
0.0
0.0
0.0
0.0
0.0
0.0
0.0
0.0
0.0
0.0
0.0
0.0
0.0
0.0
0.0
0.0
0.0
0.0
0.0
0.0
0.0
0.0
0.0
0.0
0.0
0.0
0.0
0.0
0.0
0.0
0.0
0.0
0.0
0.0
0.0
0.0
0.0
0.0
0.0
0.0
0.0
0.0
0.0
0.0
0.0
0.0
0.0
0.0
0.0
0.0
0.0
0.0
0.0
0.0
0.0
0.0
0.0
0.0
0.0
0.0
0.0
0.0
0.0
0.0
0.0
0.0
0.0
0.0
0.0
0.0
0.0
0.0
0.0
0.0
0.0
0.0
0.0
0.0
0.0
0.0
0.0
0.0
0.0
0.0
0.0
0.0
0.0
0.0
0.0
0.0
0.0
0.0
0.0
0.0
0.0
0.0
0.0
0.0
0.0
0.0
0.0
0.0
0.0
0.0
0.0
0.0
0.0
0.0
0.0
0.0
0.0
0.0
0.0
0.0
0.0
0.0
0.0
0.0
0.0
0.0
0.0
0.0
0.0
0.0
0.0
0.0
0.0
0.0
0.0
0.0
0.0
0.0
0.0
0.0
0.0
0.0
0.0
0.0
0.0
0.0
0.0
0.0
0.0
0.0
0.0
0.0
0.0
0.0
0.0
0.0
0.0
0.0
0.0
0.0
0.0
0.0
0.0
0.0
0.0
0.0
0.0
0.0
0.0
0.0
0.0
0.0
0.0
0.0
0.0
0.0
0.0
0.0
0.0
0.0
0.0
0.0
0.0
0.0
0.0
0.0
0.02776756160353071
0.02776756160353071
0.02846103100556027
0.02846103100556027
0.014030849284519606
0.042534970025692266
0.08297069915868871
0.08297069915868871
0.08356871530145125
0.08356871530145125
0.09311294765840221
0.09311294765840221
0.08440727988194786
0.08440727988194786
0.11572484129461963
0.11572484129461963
0.0901023890784983
0.0901023890784983
0.08386721025043681
0.08386721025043681
0.09822719725777944
0.09822719725777944
0.09860215053763441
0.09860215053763441
0.12637362637362637
0.12637362637362637
0.14280267959261478
0.14280267959261478
0.1461579795808705
0.14498933901918976
0.15454545454545454
0.15392907189824295
0.16472929102523826
0.16472929102523826
0.18104130400379806
0.18104130400379806
0.17805426316064613
0.17805426316064613
0.16233489561141884
0.16233489561141884
0.1280086932898669
0.1280086932898669
0.11635670004768717
0.11635670004768717
0.10490111779879621
0.10490111779879621
0.09137001078748652
0.09137001078748652
0.0626070205479452
0.0626070205479452
0.05688688578652303
0.05688688578652303
0.0
0.0
0.0
0.0
0.0
0.0
0.0
0.0
0.0
0.0
0.0
0.0
0.0
0.0
0.0
0.0
0.0
0.0
0.0
0.0
0.0
0.0
0.0
0.0
0.0
0.0
0.0
0.0
0.0
0.0
0.0
0.0
0.025993444131347403
0.025993444131347403
0.025993444131347403
0.025993444131347403
0.025993444131347403
0.05789660056657224
0.058133333333333335
0.058133333333333335
0.032732213438735176
0.032732213438735176
0.03300535558600075
0.03300535558600075
0.05286567543525226
0.05286567543525226
0.05515047063502585
0.02537056187521544
0.038547486033519554
0.038547486033519554
0.039783783783783784
0.039783783783783784
0.07504829840986774
0.07504829840986774
0.0847509344724998
0.0847509344724998
0.1132368953180899
0.1132368953180899
0.13642052565707133
0.13642052565707133
0.16752246469833118
0.16752246469833118
0.16177079023582955
0.16256444370530518
0.17731711495631317
0.17644050460279578
0.14349887696531072
0.14349887696531072
0.17906574394463667
0.17906574394463667
0.16867792973987664
0.16780791462872388
0.0
0.0
0.0
0.0
0.09198359733054595
0.09198359733054595
0.06557377049180328
0.07330960854092526
0.08642257818459191
0.07942628007402838
0.09096989966555184
0.09180229505737643
0.04563243003765783
0.04604723940093883
0.042393655371304975
0.048933590127683856
0.007140332272887946
0.014195361911454674
0.021506887826820354
0.02863157894736842
0.00713528788413988
0.007043726898667968
0.0
0.0
0.0
0.0
0.0
0.0
0.0
0.0
0.0
0.0
0.0
0.0
0.0
0.0
0.0
0.0
0.0
0.0
0.0
0.0
0.0
0.0
0.0
0.0
0.0
0.0
0.0
0.0
0.0
0.0
0.0
