1,922,209,74,214
2,922,209,74,214
3,922,209,74,214
4,922,209,73,213
5,922,209,73,213
6,922,210,73,212
7,922,210,73,212
8,922,211,73,210
9,922,211,73,210
10,924,211,72,210
11,924,211,72,210
12,925,212,72,208
13,925,212,72,208
14,928,215,72,205
15,928,215,72,205
16,932,216,71,205
17,932,216,71,205
18,936,219,71,203
19,936,219,71,203
20,941,221,70,201
21,941,221,70,201
22,945,222,70,202
23,945,222,70,202
24,949,223,69,201
25,949,223,69,201
26,953,225,68,198
27,953,225,68,198
28,955,225,68,198
29,955,225,68,198
30,956,226,68,196
31,956,226,68,196
32,958,227,67,195
33,958,227,67,195
34,958,228,67,193
35,958,228,67,193
36,958,229,67,192
37,958,229,67,192
38,958,229,66,191
39,958,229,66,191
40,958,229,66,191
41,958,229,66,191
42,958,230,66,190
43,958,230,66,190
44,957,229,66,191
45,957,229,66,191
46,955,229,66,191
47,955,229,66,191
48,954,228,66,192
49,954,228,66,192
50,952,227,67,193
51,952,227,67,193
52,951,226,66,194
53,951,226,66,194
54,949,226,67,193
55,949,226,67,193
56,948,226,67,193
57,948,226,67,193
58,947,225,67,194
59,947,225,67,194
60,946,225,67,194
61,946,225,67,194
62,944,225,67,194
63,944,225,67,194
64,943,225,67,194
65,943,225,67,194
66,942,230,66,192
67,942,230,66,192
68,940,236,67,193
69,940,236,67,193
70,939,245,67,194
71,939,245,67,194
72,938,256,67,193
73,938,256,67,193
74,938,269,63,184
75,938,269,63,184
76,938,278,62,178
77,938,278,62,178
78,939,283,59,172
79,939,283,59,172
80,939,284,59,170
81,939,284,59,170
82,940,286,57,167
83,940,286,57,167
84,940,289,56,161
85,940,289,56,161
86,940,297,52,152
87,940,297,52,152
88,941,301,50,144
89,941,301,50,144
90,941,302,49,141
91,941,302,49,141
92,940,301,49,141
93,940,301,49,141
94,939,291,52,149
95,939,291,52,149
96,941,282,50,146
97,941,282,50,146
98,943,279,49,143
99,943,279,49,143
100,945,280,47,135
101,945,280,47,135
102,947,274,45,129
103,947,274,45,129
104,949,265,43,125
105,949,265,43,125
106,950,254,42,121
107,950,254,42,121
108,952,258,41,117
109,952,258,41,117
110,953,254,40,114
111,953,254,40,114
112,955,232,38,110
113,955,232,38,110
114,956,205,38,112
115,956,205,38,112
116,958,197,39,111
117,958,197,39,111
118,961,204,36,106
119,961,204,36,106
120,961,217,35,102
121,961,217,35,102
122,958,231,34,98
123,958,231,34,98
124,955,243,33,95
125,955,243,33,95
126,955,252,32,93
127,955,252,32,93
128,956,260,31,89
129,956,260,31,89
130,957,265,31,88
131,957,265,31,88
132,959,269,30,87
133,959,269,30,87
134,961,273,29,86
135,961,273,29,86
136,962,275,29,85
137,962,275,29,85
138,963,273,29,84
139,963,273,29,84
140,963,269,29,83
141,963,269,29,83
142,961,266,29,83
143,961,266,29,83
144,961,267,28,83
145,961,267,28,83
146,962,268,29,82
147,962,268,29,82
148,965,266,28,80
149,965,266,28,80
150,968,260,28,81
151,968,260,28,81
152,969,254,29,82
153,969,254,29,82
154,968,253,29,82
155,968,253,29,82
156,967,260,28,81
157,967,260,28,81
158,965,271,28,83
159,965,271,28,83
160,964,283,29,83
161,964,283,29,83
162,963,293,29,84
163,963,293,29,84
164,964,298,29,85
165,964,298,29,85
166,965,296,29,85
167,965,296,29,85
168,966,288,30,87
169,966,288,30,87
170,967,279,31,88
171,967,279,31,88
172,967,272,31,90
173,967,272,31,90
174,966,269,32,91
175,966,269,32,91
176,966,269,32,91
177,966,269,32,91
178,966,271,31,92
179,966,271,31,92
180,966,275,32,92
181,966,274,32,93
182,967,279,32,93
183,967,279,32,93
184,968,285,32,92
185,968,285,32,92
186,968,289,33,94
187,968,289,33,94
188,969,293,32,94
189,969,293,32,94
190,969,296,33,94
191,969,296,33,94
192,970,298,33,94
193,970,298,33,94
194,971,298,32,95
195,971,298,32,95
196,971,299,33,95
197,971,299,33,95
198,971,300,33,95
199,971,300,33,95
200,972,302,33,95
201,972,302,33,95
202,973,304,33,96
203,973,304,33,96
204,973,306,33,96
205,973,306,33,96
206,975,308,33,95
207,975,308,33,95
208,975,308,34,97
209,975,308,34,97
210,976,309,33,96
211,976,309,33,96
212,977,310,33,96
213,977,310,33,96
214,977,311,34,97
215,977,311,34,97
216,978,313,33,97
217,978,313,33,97
218,979,316,33,97
219,979,316,33,97
220,980,320,33,96
221,980,320,33,96
222,980,324,34,96
223,980,324,34,96
224,981,327,34,97
225,981,327,34,97
226,982,328,33,96
227,982,328,33,96
228,981,325,34,98
229,981,325,34,98
230,981,320,34,97
231,981,320,34,97
232,980,312,33,98
233,980,312,33,98
234,979,306,34,98
235,979,306,34,98
236,977,300,35,99
237,977,300,35,99
238,976,297,34,99
239,976,297,34,99
240,974,296,34,100
241,974,296,34,100
242,972,296,35,100
243,972,296,35,100
244,969,297,35,101
245,969,297,35,101
246,967,301,36,103
247,967,301,36,103
248,965,309,35,104
249,965,309,35,104
250,963,318,36,103
251,963,318,36,103
252,961,327,35,103
253,961,327,35,103
254,958,333,37,106
255,958,333,37,106
256,955,339,37,107
257,955,339,37,107
258,953,346,37,106
259,953,346,37,106
260,949,351,36,104
261,949,351,36,104
262,948,347,38,109
263,948,347,38,109
264,945,335,39,114
265,945,335,39,114
266,943,326,40,116
267,943,326,40,116
268,941,320,41,117
269,941,320,41,117
270,942,322,39,113
271,942,322,39,113
272,943,322,39,114
273,943,322,39,114
274,942,318,41,117
275,942,318,41,117
276,943,312,40,117
277,943,312,40,117
278,943,306,40,116
279,943,306,40,116
280,943,299,40,116
281,943,299,40,116
282,942,295,40,116
283,942,295,40,116
284,943,293,39,114
285,943,293,39,114
286,943,293,39,114
287,943,293,39,114
288,944,295,39,114
289,944,295,39,114
290,944,298,39,115
291,944,298,39,115
292,943,300,40,116
293,943,300,40,116
294,943,303,40,116
295,943,303,40,116
296,943,305,40,116
297,943,305,40,116
298,943,306,40,115
299,943,306,40,115
300,944,305,40,115
301,944,305,40,115
302,944,303,39,115
303,944,303,39,115
304,944,302,40,115
305,944,302,40,115
306,944,303,40,114
307,944,303,40,114
308,944,303,40,115
309,944,303,40,115
310,945,305,39,114
311,945,305,39,114
312,946,305,39,114
313,946,305,39,114
314,946,304,40,114
315,946,304,40,114
316,947,304,39,113
317,947,304,39,113
318,948,305,39,113
319,948,305,39,113
320,948,307,38,112
321,948,307,38,112
322,945,310,39,115
323,945,310,39,115
324,937,315,41,117
325,937,315,41,117
326,925,321,40,115
327,925,321,40,115
328,913,323,39,114
329,913,323,39,114
330,905,323,40,114
331,905,323,40,114
332,898,314,40,117
333,898,314,40,117
334,894,307,40,117
335,894,307,40,117
336,890,300,41,117
337,890,300,41,117
338,887,296,41,118
339,887,296,41,118
340,883,296,41,118
341,883,296,41,118
342,875,302,41,118
343,875,302,41,118
344,864,309,41,117
345,864,309,41,117
346,851,314,41,118
347,851,314,41,118
348,836,316,40,118
349,836,316,40,118
350,819,315,41,119
351,819,315,41,119
352,801,311,41,121
353,801,311,41,121
354,782,306,42,122
355,782,306,42,122
356,764,302,42,122
357,764,302,42,122
358,745,296,42,123
359,745,296,42,123
360,725,291,43,125
361,725,291,43,125
362,706,289,43,125
363,706,288,43,126
364,687,287,43,125
365,687,287,43,125
366,668,287,44,126
367,668,287,44,126
368,649,288,44,127
369,649,288,44,127
370,629,288,44,127
371,629,288,44,127
372,610,289,44,128
373,610,289,44,128
374,590,290,44,128
375,590,290,44,128
376,571,291,45,129
377,571,291,45,129
378,552,292,45,130
379,552,292,45,130
380,532,292,45,131
381,532,292,45,131
382,512,294,45,131
383,512,294,45,131
384,492,294,46,133
385,492,294,46,133
386,472,296,46,133
387,472,296,46,133
388,452,297,46,133
389,452,297,46,133
390,432,298,46,135
391,432,298,46,135
392,411,301,47,134
393,411,301,47,134
394,390,303,47,135
395,390,303,47,135
396,369,305,47,135
397,369,305,47,135
398,348,308,47,135
399,348,308,47,135
400,327,310,47,136
401,327,310,47,136
402,303,310,50,143
403,303,310,50,143
404,268,313,49,144
405,268,313,49,144
406,245,313,50,146
407,245,313,50,146
408,221,313,51,146
409,221,313,51,146
410,198,312,51,147
411,198,312,51,147
412,176,313,50,146
413,176,313,50,146
414,154,313,50,145
415,154,313,50,145
416,133,314,49,144
417,133,314,49,144
418,111,314,50,144
419,111,314,50,144
420,90,314,50,144
421,90,314,50,144
422,70,313,49,144
423,70,313,49,144
424,50,312,49,143
425,50,312,49,143
426,29,310,49,143
427,29,310,49,143
428,9,309,49,140
429,9,309,49,140
430,-10,305,48,140
431,-10,305,48,140
432,-29,302,47,141
433,-29,302,47,141
434,-31,302,48,140
435,-31,302,48,140
436,nan,nan,nan,nan
437,261,378,48,140
438,237,377,49,141
439,237,377,49,141
440,213,376,49,141
441,213,376,49,141
442,191,375,48,141
443,191,375,48,141
444,169,374,48,140
445,169,374,48,140
446,147,374,48,137
447,147,374,48,137
448,105,371,49,141
449,105,371,49,141
450,95,376,44,129
451,95,376,44,129
452,85,376,44,127
453,85,376,44,127
454,77,378,44,126
455,77,378,44,126
456,71,378,43,125
457,71,378,43,125
458,64,376,43,124
459,64,376,43,124
460,60,373,43,125
461,60,373,43,125
462,57,369,43,126
463,57,369,43,126
464,54,367,44,126
465,54,367,44,126
466,53,363,44,128
467,53,363,44,128
468,51,361,44,128
469,51,361,44,128
470,47,357,44,128
471,47,357,44,128
472,43,356,44,128
473,43,356,44,128
474,38,359,43,125
475,38,359,43,125
476,33,363,42,122
477,33,363,42,122
478,27,368,42,121
479,27,368,42,121
480,21,370,42,122
481,21,370,42,122
482,15,372,42,122
483,15,372,42,122
484,9,372,42,122
485,9,372,42,122
486,3,372,42,122
487,3,372,42,122
488,-2,373,40,120
489,-2,373,40,120
490,-9,372,41,121
491,-9,372,41,121
492,-16,372,40,120
493,-16,372,40,120
494,-24,373,41,120
495,-24,373,41,120
496,-31,373,41,121
497,-31,373,41,121
498,-40,366,46,136
499,-40,366,46,136
500,nan,nan,nan,nan
501,-19,422,46,136
502,-25,422,45,135
503,-25,422,45,135
504,-30,421,46,134
505,-30,421,46,134
506,-34,422,45,134
507,-34,422,45,134
508,-37,423,46,136
509,-37,423,46,136
510,-39,423,46,134
511,-39,423,46,134
512,-40,419,46,136
513,-40,419,46,136
514,-40,417,46,136
515,-40,417,46,136
516,-41,413,46,136
517,-41,413,46,136
518,-41,412,45,134
519,-41,412,45,134
520,nan,nan,nan,nan
521,nan,nan,nan,nan
522,-29,420,45,134
523,-29,420,45,134
524,-34,421,45,133
525,-34,421,45,133
526,-35,424,45,131
527,-35,424,45,131
528,-41,427,44,131
529,-41,427,44,131
530,124,220,45,131
531,124,220,45,131
532,117,222,45,130
533,117,222,45,130
534,110,223,46,131
535,110,223,46,131
536,104,223,45,131
537,104,223,45,131
538,96,223,45,130
539,96,223,45,130
540,89,220,46,131
541,89,219,46,133
542,81,219,46,132
543,81,219,46,132
544,74,219,45,132
545,74,219,45,132
546,67,220,45,131
547,67,220,45,131
548,59,221,45,128
549,59,221,45,128
550,52,221,44,128
551,52,221,44,128
552,44,219,45,130
553,44,219,45,130
554,37,218,45,130
555,37,218,45,130
556,29,218,45,128
557,29,218,45,128
558,22,218,44,128
559,22,217,44,129
560,14,216,44,129
561,14,216,44,129
562,6,215,45,129
563,6,215,45,129
564,-1,216,42,125
565,-1,216,42,125
566,-8,213,43,129
567,-8,213,43,129
568,-17,213,44,130
569,-17,212,44,131
570,-27,203,50,147
571,-27,203,50,147
572,-37,198,54,158
573,-37,198,54,158
574,-44,198,53,159
575,-44,198,53,159
576,nan,nan,nan,nan
577,nan,nan,nan,nan
578,nan,nan,nan,nan
579,nan,nan,nan,nan
580,nan,nan,nan,nan
581,nan,nan,nan,nan
582,575,126,54,158
583,575,126,54,158
584,570,136,48,140
585,570,136,48,140
586,563,142,42,124
587,563,142,42,124
588,552,122,56,162
589,552,123,56,160
590,543,121,57,163
591,543,121,57,163
592,534,121,56,163
593,534,121,56,163
594,527,121,57,165
595,527,121,57,165
596,519,123,56,161
597,519,123,56,161
598,511,123,55,159
599,511,123,55,159
600,509,122,54,157
601,509,122,54,157
602,505,124,53,153
603,505,124,53,153
604,505,133,48,140
605,505,133,48,140
606,509,147,39,113
607,509,147,39,113
608,nan,nan,nan,nan
609,nan,nan,nan,nan
610,499,98,67,194
611,499,98,67,194
612,497,84,71,205
613,497,84,71,205
614,496,72,71,205
615,496,72,71,205
616,488,36,88,255
617,488,36,88,255
618,487,26,89,255
619,487,26,89,255
620,487,32,81,237
621,486,32,82,237
622,485,34,85,246
623,485,34,85,246
624,479,38,89,259
625,479,38,89,259
626,474,40,93,271
627,474,40,93,271
628,469,43,97,280
629,469,43,97,280
630,467,42,101,294
631,468,45,100,288
632,466,44,103,298
633,466,44,103,298
634,467,42,103,298
635,467,42,103,298
636,466,38,106,305
637,466,38,106,305
638,466,28,108,315
639,466,28,108,315
640,464,19,111,321
641,464,19,111,321
642,462,6,114,330
643,462,6,114,330
644,458,-4,117,337
645,458,-4,117,337
646,453,-12,120,346
647,453,-12,120,346
648,448,-14,124,359
649,448,-14,124,359
650,447,-12,127,367
651,447,-12,127,367
652,441,-14,131,376
653,441,-14,130,376
654,440,-14,131,378
655,440,-14,131,378
656,438,-14,133,383
657,438,-14,133,383
658,433,-19,136,391
659,433,-19,136,391
660,429,-24,139,401
661,429,-24,139,401
662,426,-26,141,406
663,426,-26,141,406
664,423,-27,143,412
665,423,-27,143,412
666,422,-30,144,415
667,422,-30,144,415
668,420,-34,146,422
669,420,-34,146,422
670,419,-32,145,420
671,419,-32,145,420
672,415,-33,146,420
673,415,-33,146,420
674,411,-36,146,421
675,411,-36,146,421
676,408,-37,146,420
677,408,-37,146,420
678,404,-39,145,420
679,404,-39,145,420
680,399,-41,145,420
681,399,-41,145,420
682,393,-42,145,418
683,393,-42,145,418
684,388,-43,145,418
685,388,-43,145,418
686,382,-43,145,417
687,382,-43,145,417
688,376,-44,145,418
689,376,-44,145,418
690,370,-44,145,418
691,370,-44,145,418
692,363,-46,146,422
693,363,-46,146,422
694,358,-44,145,418
695,358,-44,145,418
696,352,-45,145,420
697,352,-45,145,420
698,345,-45,146,422
699,345,-45,146,422
700,339,-42,145,419
701,339,-42,145,419
702,332,-43,146,422
703,332,-43,146,422
704,325,-44,147,426
705,325,-44,147,426
706,318,-45,148,428
707,318,-45,148,428
708,310,-49,150,434
709,310,-49,150,434
710,303,-50,151,435
711,303,-50,151,435
712,296,-51,151,436
713,296,-51,151,436
714,288,-52,153,440
715,288,-52,153,440
716,282,-50,152,437
717,282,-50,152,437
718,274,-52,154,443
719,274,-52,154,443
720,265,-62,160,461
721,264,-63,160,463
722,257,-63,160,463
723,257,-63,160,463
724,250,-62,160,462
725,250,-62,160,462
726,243,-62,160,462
727,243,-62,160,462
728,235,-62,161,463
729,235,-62,161,463
730,229,-61,159,460
731,229,-61,159,460
732,221,-63,161,462
733,221,-63,161,462
734,215,-64,160,463
735,215,-64,160,463
736,208,-65,160,463
737,208,-65,160,463
738,200,-65,161,463
739,200,-65,161,463
740,194,-64,161,464
741,194,-64,161,464
742,187,-62,160,463
743,187,-62,160,463
744,180,-60,161,462
745,180,-60,161,462
746,174,-62,161,466
747,174,-62,161,466
748,167,-61,160,462
749,167,-61,160,462
750,160,-61,160,462
751,160,-61,160,462
752,154,-60,160,459
753,154,-60,160,459
754,148,-60,159,458
755,148,-60,159,458
756,142,-58,159,456
757,142,-58,159,456
758,135,-62,161,466
759,135,-62,161,466
760,129,-63,162,467
761,129,-63,162,467
762,123,-62,162,466
763,123,-62,162,466
764,117,-63,162,469
765,117,-63,162,469
766,110,-64,163,471
767,110,-64,163,471
768,104,-63,163,470
769,104,-63,163,470
770,98,-62,162,468
771,98,-62,162,468
772,91,-63,163,470
773,91,-63,163,470
774,85,-63,162,470
775,85,-63,162,470
776,78,-62,163,469
777,78,-62,163,469
778,72,-62,162,470
779,72,-62,162,470
780,65,-61,163,469
781,65,-61,163,469
782,60,-60,162,469
783,60,-60,162,469
784,54,-59,162,469
785,54,-59,162,469
786,48,-58,163,471
787,48,-58,163,471
788,41,-57,164,473
789,41,-57,164,473
790,35,-56,164,474
791,35,-56,164,474
792,29,-55,164,473
793,29,-55,164,473
794,24,-55,163,472
795,24,-55,163,472
796,19,-56,162,470
797,19,-56,162,470
798,13,-58,162,469
799,13,-58,162,469
800,7,-59,162,467
801,7,-59,162,467
802,1,-60,162,466
803,1,-60,162,466
804,-4,-61,161,467
805,-4,-61,161,467
806,-10,-60,161,467
807,-10,-60,161,467
808,-15,-59,160,465
809,-15,-59,160,465
810,-21,-58,161,466
811,-21,-58,160,466
812,-26,-55,159,462
813,-26,-55,159,462
814,-32,-55,159,463
815,-32,-55,159,463
816,-34,-46,154,447
817,-34,-46,154,447
818,-40,-44,153,445
819,-40,-44,153,445
820,-46,-44,154,447
821,-46,-44,154,447
822,-50,-42,153,443
823,-50,-42,153,443
824,-56,-43,153,446
825,-56,-43,153,446
826,-63,-48,157,456
827,-63,-48,157,456
828,-69,-47,156,453
829,-69,-47,156,453
830,-74,-47,156,453
831,-74,-47,156,453
832,-81,-52,158,460
833,-81,-52,158,460
834,-88,-58,161,467
835,-88,-58,161,467
836,-93,-59,159,462
837,-93,-59,159,462
838,-98,-60,159,462
839,-98,-60,159,462
840,-105,-61,160,462
841,-105,-61,160,462
842,-107,-58,156,453
843,-107,-58,156,453
844,-112,-56,155,449
845,-112,-56,155,449
846,-119,-58,155,450
847,-119,-58,155,450
848,-126,-58,155,450
849,-126,-58,155,450
850,nan,nan,nan,nan
851,nan,nan,nan,nan
852,-136,-53,155,450
853,-136,-53,155,450
854,nan,nan,nan,nan
855,nan,nan,nan,nan
856,-132,-53,155,450
857,-132,-53,155,450
858,-139,-51,155,450
859,-139,-51,155,450
860,-146,-46,155,450
861,-146,-46,155,450
862,nan,nan,nan,nan
863,nan,nan,nan,nan
864,-145,-37,155,450
865,-145,-37,155,450
866,-142,-30,155,450
867,-142,-30,155,450
868,-143,-25,155,450
869,-143,-25,155,450
870,-143,-22,155,450
871,-143,-22,155,450
872,-145,-19,155,450
873,-145,-19,155,450
874,-144,-16,155,450
875,-144,-16,155,450
876,nan,nan,nan,nan
877,nan,nan,nan,nan
878,-146,-15,160,464
879,-146,-15,160,464
880,-146,-11,160,464
881,-146,-11,160,464
882,-146,-5,158,458
883,-146,-5,158,458
884,-149,-6,158,459
885,-149,-6,158,459
886,-149,0,158,459
887,-149,0,158,459
888,nan,nan,nan,nan
889,nan,nan,nan,nan
890,nan,nan,nan,nan
891,nan,nan,nan,nan
892,nan,nan,nan,nan
893,nan,nan,nan,nan
894,nan,nan,nan,nan
895,nan,nan,nan,nan
896,nan,nan,nan,nan
897,nan,nan,nan,nan
898,nan,nan,nan,nan
899,nan,nan,nan,nan
900,nan,nan,nan,nan
901,nan,nan,nan,nan
902,nan,nan,nan,nan
903,nan,nan,nan,nan
904,nan,nan,nan,nan
905,nan,nan,nan,nan
906,nan,nan,nan,nan
907,nan,nan,nan,nan
908,nan,nan,nan,nan
909,nan,nan,nan,nan
910,nan,nan,nan,nan
911,nan,nan,nan,nan
912,nan,nan,nan,nan
913,nan,nan,nan,nan
914,nan,nan,nan,nan
915,nan,nan,nan,nan
916,nan,nan,nan,nan
917,nan,nan,nan,nan
918,nan,nan,nan,nan
919,nan,nan,nan,nan
920,nan,nan,nan,nan
921,nan,nan,nan,nan
922,nan,nan,nan,nan
923,nan,nan,nan,nan
924,nan,nan,nan,nan
925,nan,nan,nan,nan
926,nan,nan,nan,nan
927,nan,nan,nan,nan
928,nan,nan,nan,nan
929,nan,nan,nan,nan
930,nan,nan,nan,nan
931,nan,nan,nan,nan
932,nan,nan,nan,nan
933,nan,nan,nan,nan
934,nan,nan,nan,nan
935,nan,nan,nan,nan
936,nan,nan,nan,nan
937,nan,nan,nan,nan
938,nan,nan,nan,nan
939,nan,nan,nan,nan
940,nan,nan,nan,nan
941,nan,nan,nan,nan
942,nan,nan,nan,nan
943,nan,nan,nan,nan
944,nan,nan,nan,nan
945,nan,nan,nan,nan
946,nan,nan,nan,nan
947,nan,nan,nan,nan
948,nan,nan,nan,nan
949,nan,nan,nan,nan
950,nan,nan,nan,nan
951,nan,nan,nan,nan
952,nan,nan,nan,nan
953,nan,nan,nan,nan
954,nan,nan,nan,nan
955,nan,nan,nan,nan
956,nan,nan,nan,nan
957,nan,nan,nan,nan
958,nan,nan,nan,nan
959,nan,nan,nan,nan
960,nan,nan,nan,nan
961,nan,nan,nan,nan
962,nan,nan,nan,nan
963,nan,nan,nan,nan
964,nan,nan,nan,nan
965,nan,nan,nan,nan
966,nan,nan,nan,nan
967,nan,nan,nan,nan
968,nan,nan,nan,nan
969,nan,nan,nan,nan
970,nan,nan,nan,nan
971,nan,nan,nan,nan
972,nan,nan,nan,nan
973,nan,nan,nan,nan
974,nan,nan,nan,nan
975,nan,nan,nan,nan
976,nan,nan,nan,nan
977,nan,nan,nan,nan
978,nan,nan,nan,nan
979,nan,nan,nan,nan
980,nan,nan,nan,nan
981,nan,nan,nan,nan
982,nan,nan,nan,nan
983,nan,nan,nan,nan
984,nan,nan,nan,nan
985,nan,nan,nan,nan
986,-76,-79,157,458
987,-76,-79,157,458
988,-76,-87,155,453
989,-76,-87,155,453
990,-82,-109,167,485
991,-82,-109,167,486
992,-80,-104,163,473
993,-80,-104,163,473
994,-80,-103,162,469
995,-80,-103,162,469
996,-79,-98,159,460
997,-79,-98,159,460
998,-79,-98,158,460
999,-79,-98,158,460
1000,-79,-95,158,459
1001,-79,-95,158,459
1002,-79,-89,156,454
1003,-79,-89,156,454
1004,-95,-120,185,538
1005,-95,-120,185,538
1006,-95,-113,184,533
1007,-95,-113,184,533
1008,-92,-105,179,522
1009,-92,-105,179,522
1010,-92,-101,179,517
1011,-92,-101,179,517
1012,-91,-100,177,513
1013,-91,-100,177,513
1014,-90,-97,174,504
1015,-90,-97,174,504
1016,-88,-98,171,497
1017,-88,-98,171,497
1018,-87,-99,169,493
1019,-87,-99,169,493
1020,-87,-98,169,488
1021,-87,-98,169,488
1022,-87,-102,169,492
1023,-87,-102,169,492
1024,-85,-102,167,485
1025,-85,-102,167,485
1026,-84,-104,167,484
1027,-84,-104,167,484
1028,-82,-99,164,476
1029,-82,-99,164,476
1030,-81,-100,166,480
1031,-81,-100,166,480
1032,-81,-99,166,481
1033,-81,-99,166,481
1034,-77,-95,162,473
1035,-77,-95,162,473
1036,-75,-91,161,466
1037,-75,-91,161,466
1038,-73,-90,160,464
1039,-73,-90,160,464
1040,-71,-88,158,460
1041,-71,-88,158,460
1042,-71,-92,160,467
1043,-71,-92,160,467
1044,-69,-90,159,461
1045,-69,-90,159,461
1046,-69,-92,158,461
1047,-69,-92,158,461
1048,-68,-93,156,455
1049,-68,-93,156,455
1050,-67,-97,155,451
1051,-67,-97,155,451
1052,-67,-101,156,453
1053,-67,-101,156,453
1054,-64,-102,154,449
1055,-64,-102,154,449
1056,-62,-100,152,442
1057,-62,-100,152,442
1058,-60,-98,151,438
1059,-60,-98,151,438
1060,-58,-94,149,433
1061,-58,-94,149,433
1062,-58,-95,151,438
1063,-58,-95,151,438
1064,-56,-88,149,431
1065,-55,-88,148,431
1066,-54,-87,148,431
1067,-54,-87,148,431
1068,-53,-84,147,427
1069,-53,-84,147,427
1070,-52,-82,146,425
1071,-52,-82,146,425
1072,-51,-79,145,421
1073,-51,-79,145,421
1074,-51,-75,144,418
1075,-51,-75,144,418
1076,-51,-74,144,419
1077,-51,-74,144,419
1078,-52,-71,143,415
1079,-52,-71,143,415
1080,-52,-68,141,409
1081,-52,-66,139,405
1082,-51,-63,134,390
1083,-51,-63,134,390
1084,-54,-66,133,386
1085,-54,-66,133,386
1086,-61,-72,131,383
1087,-61,-72,131,383
1088,-62,-75,133,385
1089,-62,-75,133,385
1090,-62,-73,130,380
1091,-63,-73,131,380
1092,-62,-62,126,367
1093,-62,-62,126,367
1094,-63,-57,125,364
1095,-63,-57,125,364
1096,-57,-33,113,330
1097,-57,-33,113,330
1098,-56,-25,111,321
1099,-56,-25,111,321
1100,-55,-23,111,321
1101,-55,-23,111,321
1102,-52,-21,111,322
1103,-52,-21,111,322
1104,-38,-15,111,321
1105,-38,-15,111,321
1106,-34,-20,120,349
1107,-34,-20,120,349
1108,-36,-23,125,363
1109,-36,-23,125,363
1110,-36,-22,125,364
1111,-36,-22,125,364
1112,-34,-23,124,360
1113,-34,-23,124,360
1114,-33,-24,122,356
1115,-33,-24,122,356
1116,-30,-25,120,350
1117,-30,-25,120,350
1118,-28,-24,118,344
1119,-28,-24,118,344
1120,-27,-22,118,342
1121,-27,-23,118,343
1122,-27,-21,117,341
1123,-28,-21,118,341
1124,-26,-11,112,326
1125,-26,-11,112,326
1126,-25,-4,108,314
1127,-25,-4,108,314
1128,-22,3,105,307
1129,-22,3,105,307
1130,-22,6,104,302
1131,-22,6,104,302
1132,-20,9,101,296
1133,-20,9,101,296
1134,-18,15,97,286
1135,-18,15,97,286
1136,-26,3,107,313
1137,-26,3,107,313
1138,-25,6,105,309
1139,-25,6,105,309
1140,-24,12,104,302
1141,-24,12,104,302
1142,-21,21,97,284
1143,-21,21,97,284
1144,-22,19,99,290
1145,-22,19,99,290
1146,-23,16,101,297
1147,-23,16,101,297
1148,-21,19,102,297
1149,-21,19,102,297
1150,-21,23,100,293
1151,-21,23,100,293
1152,-21,23,102,298
1153,-21,23,102,298
1154,-22,29,101,296
1155,-22,29,101,296
1156,-21,43,95,278
1157,-21,43,95,278
1158,-21,46,96,280
1159,-21,46,96,280
1160,-20,48,94,277
1161,-20,48,94,277
1162,-18,57,87,253
1163,-18,57,87,253
1164,-53,-69,173,501
1165,-53,-69,173,501
1166,-54,-74,170,492
1167,-54,-74,170,492
1168,-54,-80,167,483
1169,-54,-80,167,483
1170,-55,-85,164,476
1171,-54,-84,163,474
1172,-57,-93,162,470
1173,-57,-93,162,470
1174,-60,-96,163,473
1175,-60,-96,163,473
1176,-63,-97,163,472
1177,-63,-97,163,472
1178,-67,-104,165,478
1179,-67,-104,165,478
1180,-68,-101,161,467
1181,-68,-101,161,467
1182,-72,-105,161,470
1183,-72,-105,161,470
1184,-72,-92,152,443
1185,-72,-92,152,443
1186,-77,-94,153,445
1187,-77,-94,153,445
1188,-81,-92,152,444
1189,-81,-92,152,444
1190,-91,-92,156,451
1191,-91,-92,156,451
1192,-99,-94,157,456
1193,-99,-94,157,456
1194,-110,-100,161,467
1195,-110,-100,161,468
1196,-122,-99,162,471
1197,-122,-99,162,471
1198,-134,-98,163,473
1199,-134,-98,163,473
1200,-126,-121,163,473
1201,-126,-121,163,473
1202,nan,nan,nan,nan
1203,nan,nan,nan,nan
1204,nan,nan,nan,nan
1205,nan,nan,nan,nan
1206,nan,nan,nan,nan
1207,nan,nan,nan,nan
1208,258,20,164,474
1209,258,20,164,474
1210,255,14,177,514
1211,255,14,177,514
1212,256,4,188,543
1213,256,4,188,543
1214,263,0,195,563
1215,263,0,195,563
1216,262,-12,210,607
1217,262,-12,210,607
1218,263,-16,220,636
1219,263,-16,220,636
1220,268,-18,225,649
1221,268,-18,225,649
1222,266,-21,230,663
1223,266,-21,230,663
1224,266,-23,231,667
1225,266,-23,231,667
1226,265,-27,234,675
1227,265,-27,234,675
1228,265,-31,236,681
1229,265,-31,236,681
1230,263,-37,239,689
1231,263,-37,239,689
1232,261,-43,240,695
1233,261,-43,240,695
1234,258,-51,243,701
