1,922,209,74,214
2,925,207,75,218
3,925,207,75,218
4,925,208,75,216
5,925,208,75,216
6,926,210,74,214
7,926,210,74,214
8,926,210,74,214
9,926,210,74,214
10,928,210,73,214
11,928,210,73,214
12,929,211,73,212
13,929,211,73,212
14,931,213,73,211
15,931,213,73,211
16,935,215,70,209
17,935,215,70,209
18,939,216,70,209
19,939,216,70,209
20,943,218,70,207
21,943,218,70,207
22,946,220,70,205
23,946,220,70,205
24,949,221,70,204
25,949,221,70,204
26,953,222,68,204
27,953,222,68,204
28,954,223,68,203
29,954,223,68,203
30,955,223,68,202
31,955,223,68,202
32,955,223,68,202
33,955,223,68,202
34,956,224,67,200
35,956,224,67,200
36,956,225,67,198
37,956,225,67,198
38,956,225,67,198
39,956,225,67,198
40,956,225,67,198
41,956,225,67,198
42,956,225,66,198
43,956,225,66,198
44,955,225,66,198
45,955,225,66,198
46,954,225,66,198
47,954,225,66,198
48,952,224,67,199
49,952,224,67,199
50,950,224,68,199
51,950,224,68,199
52,949,224,67,198
53,949,224,67,198
54,947,224,68,198
55,947,224,68,198
56,946,223,67,198
57,946,223,67,198
58,945,223,67,198
59,945,223,67,198
60,944,222,67,199
61,944,222,67,199
62,943,222,67,199
63,943,222,67,199
64,941,223,67,198
65,941,223,67,198
66,940,226,67,198
67,940,226,67,198
68,939,232,66,197
69,939,232,66,197
70,939,240,65,196
71,939,241,65,195
72,938,252,64,193
73,938,252,65,193
74,938,264,62,187
75,938,264,62,188
76,938,271,60,180
77,938,271,60,181
78,939,276,58,176
79,939,276,58,177
80,939,277,57,174
81,939,278,57,173
82,940,280,56,171
83,940,280,56,171
84,941,282,53,165
85,941,282,53,165
86,939,291,51,157
87,939,291,51,158
88,940,296,48,150
89,940,296,48,150
90,940,297,48,147
91,940,297,48,147
92,940,296,47,147
93,940,296,47,147
94,938,284,51,157
95,938,284,51,157
96,940,276,49,155
97,940,276,49,155
98,942,274,49,150
99,942,274,49,150
100,944,274,47,146
101,944,274,47,146
102,945,267,46,141
103,945,267,46,140
104,947,261,45,134
105,948,260,44,135
106,949,249,44,132
107,949,248,44,132
108,951,251,42,129
109,951,252,42,128
110,952,249,40,122
111,952,248,40,123
112,952,228,41,117
113,952,228,41,117
114,952,203,43,117
115,952,202,44,118
116,954,194,44,120
117,954,193,44,121
118,956,199,43,116
119,956,198,43,117
120,956,210,40,114
121,956,210,40,114
122,955,224,37,109
123,955,224,37,109
124,953,236,35,106
125,953,236,35,106
126,953,246,33,100
127,953,246,33,100
128,954,254,32,96
129,954,254,32,96
130,955,260,32,94
131,955,260,32,94
132,957,264,31,94
133,957,264,31,94
134,960,267,30,94
135,960,267,30,94
136,961,270,30,92
137,961,270,30,92
138,962,267,29,91
139,962,267,29,91
140,962,263,29,92
141,962,263,29,92
142,960,261,29,91
143,960,261,29,91
144,960,262,28,90
145,960,262,28,90
146,961,262,29,90
147,961,262,29,90
148,963,260,28,88
149,963,260,28,88
150,967,255,28,88
151,967,255,28,88
152,968,249,29,89
153,968,249,29,89
154,967,248,29,89
155,967,248,29,89
156,965,254,29,90
157,965,254,29,90
158,964,266,29,90
159,964,266,29,90
160,964,277,29,90
161,964,277,29,91
162,962,287,29,91
163,963,287,28,91
164,962,293,30,90
165,962,293,30,90
166,964,291,29,92
167,964,291,29,92
168,965,282,30,94
169,965,282,30,94
170,966,274,31,95
171,966,274,31,95
172,966,267,31,97
173,966,267,31,97
174,966,264,31,98
175,966,264,31,98
176,965,264,32,98
177,965,264,32,98
178,965,266,32,99
179,965,266,32,99
180,965,270,32,98
181,965,270,32,98
182,966,274,32,99
183,966,274,32,99
184,967,279,31,99
185,967,279,31,99
186,968,284,31,100
187,968,284,31,100
188,968,287,32,100
189,968,287,32,101
190,969,290,31,100
191,969,290,31,101
192,970,292,31,100
193,970,292,31,100
194,970,292,32,101
195,970,292,32,102
196,971,293,32,101
197,971,293,32,101
198,970,294,33,101
199,970,294,33,101
200,971,296,33,102
201,971,296,33,101
202,972,298,33,102
203,972,298,33,102
204,972,300,33,102
205,972,300,33,102
206,973,301,34,104
207,973,301,34,104
208,974,302,33,104
209,974,302,33,104
210,975,302,32,104
211,974,302,34,104
212,976,303,34,105
213,976,303,34,105
214,976,304,34,105
215,976,304,34,105
216,976,305,35,107
217,976,305,35,107
218,977,308,34,107
219,977,308,34,107
220,978,312,35,106
221,978,312,35,106
222,979,316,34,106
223,979,316,35,107
224,980,319,34,107
225,980,319,35,107
226,981,320,34,107
227,981,320,34,107
228,980,317,34,108
229,980,317,34,108
230,980,312,34,109
231,980,312,34,109
232,979,305,34,109
233,979,305,34,109
234,978,298,34,110
235,978,298,34,110
236,976,293,34,111
237,976,293,34,111
238,974,289,35,112
239,974,289,35,112
240,972,288,35,112
241,972,288,35,112
242,969,289,36,112
243,969,289,36,112
244,966,290,37,113
245,966,290,37,113
246,964,294,37,114
247,964,294,37,114
248,962,301,37,114
249,962,301,37,114
250,960,309,37,115
251,960,309,37,115
252,959,317,36,114
253,959,317,36,114
254,957,324,36,113
255,956,324,37,114
256,953,329,38,115
257,953,329,38,116
258,951,336,38,113
259,951,336,38,114
260,948,342,37,110
261,948,342,37,110
262,945,338,38,115
263,945,338,38,115
264,943,329,38,116
265,943,329,38,116
266,942,320,38,118
267,942,320,38,118
268,940,314,38,119
269,940,314,38,119
270,941,318,37,116
271,941,318,37,116
272,940,318,37,117
273,940,318,37,117
274,939,314,39,121
275,939,314,39,121
276,939,309,39,120
277,939,309,39,120
278,939,302,38,120
279,939,302,38,120
280,939,296,38,120
281,939,296,38,120
282,939,291,38,120
283,939,290,38,121
284,939,289,38,119
285,939,288,39,120
286,939,288,39,120
287,939,288,39,120
288,939,290,39,121
289,939,290,39,121
290,938,293,40,122
291,938,293,40,122
292,937,295,40,123
293,937,295,40,123
294,937,297,39,123
295,937,297,39,123
296,937,299,40,123
297,937,299,40,123
298,937,299,40,123
299,937,299,40,123
300,938,299,39,122
301,938,299,39,122
302,937,296,40,124
303,937,296,40,124
304,937,297,40,122
305,937,297,40,122
306,938,297,39,122
307,938,297,39,122
308,938,298,39,122
309,938,298,39,122
310,939,301,38,120
311,939,301,38,120
312,939,301,39,119
313,939,301,39,119
314,940,301,38,118
315,940,301,38,118
316,941,301,38,118
317,941,301,38,118
318,942,302,37,117
319,942,302,37,117
320,942,305,37,115
321,942,305,37,115
322,937,309,39,120
323,937,309,39,120
324,928,314,38,121
325,928,314,38,121
326,916,319,37,119
327,915,318,38,120
328,902,320,39,119
329,902,320,38,118
330,895,319,39,120
331,895,319,38,120
332,888,312,37,120
333,887,312,38,120
334,884,304,37,121
335,883,304,38,122
336,879,299,38,120
337,879,299,38,120
338,877,294,38,122
339,876,294,38,122
340,873,295,38,122
341,873,295,38,122
342,865,300,39,123
343,865,301,38,122
344,854,307,39,122
345,854,307,38,122
346,841,312,39,121
347,842,312,37,121
348,826,314,38,120
349,826,315,37,119
350,809,314,38,120
351,809,313,39,122
352,791,310,39,122
353,792,310,38,122
354,773,304,39,125
355,773,305,39,124
356,755,301,38,125
357,755,301,38,124
358,736,296,38,124
359,736,296,38,124
360,717,292,37,126
361,716,292,39,126
362,698,289,37,127
363,698,289,37,127
364,679,287,37,128
365,679,287,38,127
366,660,287,37,129
367,660,287,38,128
368,640,287,37,130
369,640,287,39,129
370,621,287,37,130
371,621,287,38,129
372,601,288,38,130
373,601,289,38,129
374,582,289,37,130
375,582,289,38,129
376,563,290,37,132
377,563,290,38,131
378,544,292,38,131
379,543,291,40,131
380,524,292,39,133
381,524,292,39,132
382,505,293,38,135
383,504,293,40,134
384,485,294,38,135
385,484,294,39,134
386,464,295,39,136
387,464,296,40,135
388,445,296,39,137
389,444,295,40,136
390,425,297,38,138
391,424,297,40,137
392,403,299,40,138
393,403,299,41,138
394,383,301,39,139
395,382,301,40,138
396,361,303,40,139
397,361,302,42,139
398,341,304,40,140
399,340,305,42,139
400,320,307,40,141
401,320,307,41,140
402,285,305,40,148
403,284,305,43,147
404,261,307,41,147
405,262,306,41,147
406,240,307,41,148
407,240,307,42,147
408,216,307,41,147
409,216,307,42,146
410,194,306,41,147
411,194,307,42,146
412,171,307,42,146
413,171,307,42,145
414,150,308,41,144
415,149,308,43,144
416,128,308,43,145
417,128,308,43,145
418,108,309,42,145
419,107,309,43,144
420,87,308,42,145
421,87,308,43,145
422,67,308,42,144
423,67,308,42,144
424,48,306,41,145
425,47,306,43,144
426,27,304,41,143
427,26,304,42,142
428,7,303,41,142
429,6,302,43,141
430,-12,299,40,141
431,-13,300,42,140
432,-31,297,40,141
433,-32,297,41,139
434,-51,294,39,141
435,-52,295,40,139
436,-72,294,40,139
437,-72,293,40,140
438,-91,291,40,139
439,-91,291,40,139
440,-110,291,39,138
441,1169,290,40,139
442,1150,291,39,137
443,1149,290,41,137
444,1131,290,39,137
445,1130,290,40,137
446,1111,290,39,136
447,1111,290,40,136
448,1075,290,36,136
449,1073,289,39,136
450,1057,290,38,136
451,1056,290,38,135
452,1047,294,37,131
453,1046,293,38,132
454,1038,296,38,129
455,1038,295,38,129
456,1032,292,39,132
457,1031,292,41,131
458,1026,287,41,132
459,1027,287,40,132
460,1022,282,41,133
461,1023,283,41,132
462,1021,279,41,132
463,1020,279,42,131
464,1018,278,43,131
465,1018,277,42,132
466,1017,278,41,130
467,1017,277,41,131
468,1016,278,41,131
469,1016,278,41,131
470,1013,280,41,130
471,1013,280,41,130
472,1009,281,40,131
473,1008,282,41,130
474,1004,285,40,129
475,1003,285,41,129
476,998,288,40,129
477,997,287,41,130
478,992,290,40,128
479,991,290,40,128
480,986,292,39,127
481,985,292,40,128
482,979,294,40,127
483,978,295,40,126
484,972,296,41,126
485,971,296,41,126
486,966,298,40,125
487,965,298,40,125
488,959,300,40,124
489,958,299,40,125
490,953,300,39,125
491,952,300,39,125
492,945,300,40,125
493,946,299,38,126
494,939,299,39,124
495,938,299,40,124
496,933,299,38,124
497,932,298,39,125
498,926,299,39,125
499,925,298,40,126
500,919,300,40,125
501,919,299,39,126
502,913,300,41,126
503,913,300,39,126
504,909,301,39,126
505,908,301,40,125
506,905,300,40,127
507,905,300,40,127
508,903,299,40,128
509,902,299,41,127
510,901,299,41,127
511,901,299,41,127
512,901,299,41,127
513,901,299,41,127
514,900,298,41,128
515,900,298,41,128
516,900,298,41,127
517,900,298,41,127
518,900,297,40,129
519,900,297,40,129
520,898,298,40,129
521,897,299,41,128
522,893,299,40,128
523,893,299,40,128
524,888,299,41,128
525,887,298,41,129
526,883,298,41,129
527,882,297,41,130
528,878,298,40,129
529,877,297,41,130
530,872,298,40,129
531,871,297,41,130
532,866,298,40,129
533,865,297,41,130
534,860,298,40,129
535,859,297,41,130
536,854,298,40,129
537,853,297,41,130
538,848,298,40,130
539,847,297,41,131
540,842,299,40,130
541,841,300,41,129
542,835,300,41,128
543,834,300,41,129
544,829,300,41,128
545,828,299,41,129
546,823,298,41,129
547,822,297,41,130
548,816,296,41,131
549,815,297,41,129
550,809,295,42,130
551,808,295,42,130
552,803,294,42,131
553,802,294,42,131
554,797,293,42,132
555,796,294,42,131
556,790,293,42,132
557,790,293,41,132
558,783,291,43,134
559,783,291,42,134
560,776,291,42,134
561,775,291,43,134
562,769,290,42,135
563,768,290,43,135
564,762,290,42,135
565,761,290,43,135
566,755,290,43,136
567,755,290,43,136
568,748,289,43,137
569,748,289,43,137
570,741,289,44,137
571,741,289,43,138
572,733,289,45,137
573,734,288,43,139
574,726,289,43,138
575,725,288,44,139
576,718,289,43,138
577,718,288,43,139
578,710,289,45,138
579,710,288,44,140
580,703,289,44,139
581,702,289,45,140
582,695,289,44,140
583,694,289,45,140
584,687,289,45,140
585,688,288,44,142
586,679,288,46,140
587,680,288,44,141
588,673,288,44,140
589,672,287,45,142
590,665,287,44,141
591,664,286,45,142
592,657,288,44,141
593,657,287,44,142
594,649,289,46,142
595,649,288,45,143
596,641,289,45,143
597,640,289,46,143
598,633,288,46,146
599,634,287,45,146
600,629,287,46,146
601,628,286,47,147
602,627,287,45,145
603,627,287,45,145
604,624,288,46,147
605,623,288,47,147
606,622,289,46,148
607,622,289,46,148
608,622,289,47,149
609,622,289,47,149
610,622,287,47,149
611,622,287,47,149
612,622,280,48,148
613,622,280,48,148
614,624,270,48,149
615,624,270,48,149
616,625,260,50,149
617,625,260,50,149
618,627,251,50,151
619,627,250,50,151
620,628,246,50,152
621,628,244,50,153
622,628,250,51,153
623,628,250,51,153
624,628,253,50,154
625,628,253,50,154
626,628,254,52,158
627,628,254,52,158
628,629,257,52,159
629,629,257,52,159
630,630,262,53,161
631,630,262,53,161
632,633,266,54,164
633,633,266,54,164
634,634,268,54,168
635,634,268,54,168
636,637,270,55,169
637,637,270,55,169
638,640,269,55,171
639,640,269,55,171
640,643,264,57,173
641,643,264,57,173
642,647,258,57,176
643,647,258,57,176
644,649,251,59,178
645,649,251,59,178
646,651,249,60,180
647,651,249,60,180
648,652,251,62,186
649,652,251,62,186
650,656,255,63,190
651,656,255,63,190
652,659,255,63,194
653,659,255,63,194
654,661,256,64,195
655,661,256,64,195
656,663,258,65,197
657,663,258,65,198
658,665,258,67,201
659,665,259,67,201
660,667,259,67,204
661,667,259,68,205
662,668,258,68,208
663,668,258,68,208
664,668,258,71,212
665,668,257,71,214
666,669,257,71,215
667,669,257,72,215
668,670,262,70,214
669,670,263,71,214
670,667,267,73,215
671,668,267,72,216
672,663,271,74,218
673,663,271,74,218
674,660,275,74,219
675,660,275,75,220
676,658,277,75,219
677,658,277,75,219
678,654,277,75,218
679,654,277,75,218
680,650,275,75,220
681,650,275,75,220
682,644,270,77,225
683,644,270,77,224
684,639,267,78,226
685,639,267,78,226
686,634,263,78,230
687,633,264,79,229
688,628,262,79,232
689,629,263,79,231
690,623,262,79,232
691,623,262,79,232
692,618,263,80,234
693,618,263,79,234
694,612,263,80,234
695,612,263,80,234
696,607,265,80,234
697,607,265,80,234
698,602,266,80,235
699,601,266,80,235
700,596,267,80,236
701,596,267,79,236
702,589,267,81,236
703,589,267,80,236
704,583,267,81,236
705,583,267,80,236
706,577,267,81,237
707,577,267,80,236
708,570,266,81,238
709,570,267,80,237
710,564,267,81,238
711,564,268,80,236
712,558,267,81,238
713,558,268,80,237
714,551,268,82,238
715,551,268,81,239
716,545,267,82,241
717,545,268,82,241
718,538,267,82,242
719,537,267,84,242
720,532,266,83,245
721,531,268,84,244
722,524,267,84,245
723,523,268,85,244
724,515,265,85,248
725,515,266,86,248
726,509,265,85,249
727,508,265,87,249
728,497,263,87,252
729,496,263,88,252
730,487,262,88,255
731,486,261,88,255
732,479,259,89,260
733,479,259,89,260
734,472,260,91,260
735,472,259,91,261
736,466,260,91,261
737,466,260,91,261
738,460,261,91,262
739,460,261,91,261
740,454,259,93,266
741,455,260,92,266
742,448,258,94,271
743,447,259,96,270
744,442,258,96,271
745,441,257,96,271
746,435,255,95,273
747,434,254,96,273
748,430,253,96,275
749,430,252,95,275
750,423,251,96,276
751,423,250,97,277
752,417,250,96,277
753,417,249,97,277
754,411,249,97,277
755,411,249,97,276
756,406,249,96,277
757,405,248,97,277
758,400,247,96,278
759,399,248,97,277
760,395,247,95,277
761,394,246,96,278
762,389,246,97,278
763,388,245,97,279
764,382,244,98,279
765,382,243,98,279
766,377,242,97,281
767,376,242,98,279
768,371,242,97,281
769,370,241,99,280
770,365,240,98,282
771,363,240,99,282
772,357,239,100,284
773,357,239,100,283
774,351,238,100,285
775,351,239,99,283
776,344,238,100,285
777,344,238,100,285
778,338,237,100,287
779,338,237,100,285
780,332,238,100,288
781,331,238,101,287
782,325,239,101,290
783,325,239,102,289
784,320,241,101,290
785,319,241,102,289
786,313,242,104,291
787,313,241,103,292
788,308,242,105,293
789,308,242,105,293
790,303,243,105,295
791,303,243,105,294
792,297,243,105,294
793,298,243,104,294
794,292,242,106,296
795,292,242,106,295
796,287,239,105,298
797,286,239,106,297
798,279,238,105,298
799,278,237,106,299
800,273,237,105,299
801,271,236,107,299
802,265,235,106,300
803,264,235,107,300
804,259,235,106,300
805,258,234,105,300
806,252,235,107,300
807,252,234,105,300
808,246,234,107,301
809,246,234,105,300
810,240,235,107,300
811,239,235,108,301
812,234,234,108,302
813,234,234,108,302
814,229,232,107,304
815,228,232,107,302
816,222,231,108,304
817,222,231,109,304
818,216,231,108,304
819,216,231,109,304
820,210,231,108,305
821,209,231,108,304
822,204,232,108,304
823,203,231,108,304
824,198,232,107,303
825,197,231,108,304
826,192,232,107,302
827,191,231,107,303
828,185,232,106,301
829,185,232,106,300
830,178,231,104,298
831,178,232,104,297
832,172,232,103,295
833,172,232,103,295
834,166,231,101,292
835,165,230,102,293
836,159,229,101,290
837,159,229,101,290
838,153,228,99,288
839,153,229,99,287
840,147,228,99,286
841,147,229,99,284
842,141,230,98,282
843,139,231,99,281
844,134,231,97,280
845,133,230,98,281
846,128,232,96,277
847,127,232,96,277
848,120,232,96,275
849,120,232,95,275
850,113,233,94,274
851,114,233,94,273
852,107,233,94,273
853,107,232,93,273
854,100,234,94,271
855,100,234,93,271
856,94,234,93,270
857,93,234,93,270
858,87,236,93,270
859,86,235,93,270
860,81,237,93,269
861,80,237,93,268
862,75,239,91,268
863,74,238,92,269
864,67,239,93,269
865,67,240,93,268
866,61,241,92,268
867,61,240,91,269
868,54,243,92,267
869,54,242,92,267
870,48,244,91,266
871,47,244,92,266
872,42,246,91,264
873,41,244,91,266
874,36,245,91,264
875,35,243,91,266
876,30,244,89,263
877,29,243,91,264
878,24,244,89,263
879,24,243,90,263
880,20,245,90,262
881,19,244,90,262
882,17,245,89,262
883,17,246,89,261
884,14,245,90,261
885,15,246,89,260
886,11,244,91,261
887,11,245,91,261
888,10,244,89,261
889,10,245,89,261
890,8,245,89,261
891,7,245,90,261
892,5,244,89,260
893,5,244,91,260
894,4,244,89,259
895,4,244,89,260
896,3,242,90,260
897,3,243,90,260
898,2,242,89,261
899,2,243,89,260
900,2,243,89,260
901,2,243,89,260
902,2,244,88,259
903,2,245,88,258
904,2,247,87,257
905,2,246,88,258
906,2,247,87,258
907,1,247,89,257
908,0,248,89,257
909,1,247,89,257
910,0,247,88,257
911,0,247,88,257
912,0,247,89,257
913,1,247,87,257
914,0,248,88,257
915,0,248,88,256
916,0,248,88,257
917,1,248,87,257
918,1,249,88,256
919,1,248,87,257
920,2,248,87,257
921,1,248,89,256
922,2,247,87,257
923,1,247,89,257
924,2,246,89,257
925,2,245,89,258
926,3,245,88,257
927,3,244,88,258
928,2,244,89,258
929,2,244,89,258
930,3,244,88,258
931,2,244,89,258
932,3,245,88,257
933,3,244,88,258
934,3,245,88,257
935,3,244,88,258
936,4,244,88,256
937,4,243,88,257
938,4,243,88,257
939,4,242,88,257
940,4,242,88,258
941,4,242,88,257
942,4,242,88,257
943,4,242,88,256
944,4,242,88,257
945,4,241,88,257
946,4,241,88,256
947,4,241,88,256
948,5,241,88,255
949,5,241,88,255
950,6,240,87,254
951,6,240,87,254
952,6,240,87,253
953,6,240,87,254
954,7,238,87,255
955,7,239,87,254
956,7,237,87,254
957,7,237,87,254
958,7,236,87,254
959,7,235,87,255
960,7,234,87,255
961,7,235,88,254
962,8,233,87,255
963,8,232,88,256
964,9,230,88,256
965,9,231,89,255
966,10,230,88,256
967,10,231,89,255
968,11,234,88,255
969,11,235,88,254
970,13,238,86,253
971,12,238,87,253
972,15,241,86,251
973,14,240,86,251
974,14,243,87,250
975,14,243,87,250
976,17,247,84,249
977,17,247,84,249
978,18,253,84,247
979,18,253,84,247
980,19,259,84,246
981,19,259,84,246
982,18,266,84,242
983,18,266,84,242
984,14,258,87,252
985,14,258,87,252
986,14,243,87,253
987,13,243,87,253
988,12,236,86,252
989,11,236,88,251
990,10,231,87,254
991,9,229,89,255
992,8,227,89,257
993,8,226,89,256
994,7,226,88,255
995,8,226,87,255
996,7,226,87,254
997,7,226,87,254
998,7,227,86,252
999,7,227,86,252
1000,7,230,86,249
1001,7,229,86,251
1002,8,234,85,247
1003,8,234,85,247
1004,9,243,82,243
1005,9,243,82,243
1006,9,247,82,241
1007,9,247,82,241
1008,10,250,80,237
1009,10,250,80,237
1010,11,251,79,236
1011,11,251,79,236
1012,11,252,79,234
1013,11,252,79,234
1014,10,249,80,237
1015,10,249,80,237
1016,10,246,79,235
1017,10,246,79,235
1018,10,243,80,236
1019,10,243,80,236
1020,11,241,79,235
1021,11,241,79,235
1022,12,240,78,233
1023,12,240,78,233
1024,14,238,77,232
1025,14,238,77,232
1026,15,237,78,230
1027,15,237,78,230
1028,16,238,78,227
1029,16,238,78,227
1030,18,238,77,229
1031,18,238,77,229
1032,19,240,76,226
1033,19,240,76,226
1034,20,241,76,225
1035,20,241,76,225
1036,22,242,75,223
1037,22,242,75,223
1038,23,242,75,222
1039,23,242,75,222
1040,24,242,76,221
1041,24,242,76,221
1042,25,241,75,221
1043,25,241,75,221
1044,27,241,74,218
1045,26,240,75,219
1046,28,238,73,218
1047,28,237,73,218
1048,29,234,73,217
1049,29,233,73,217
1050,30,229,73,215
1051,30,229,73,215
1052,31,226,72,213
1053,31,225,72,214
1054,32,223,72,213
1055,32,223,72,213
1056,33,222,71,212
1057,33,222,71,212
1058,33,222,72,211
1059,33,222,72,211
1060,34,223,72,211
1061,34,223,72,211
1062,35,225,71,210
1063,35,225,71,210
1064,35,228,71,209
1065,35,228,71,209
1066,35,229,71,209
1067,35,229,71,209
1068,35,230,71,209
1069,35,230,71,209
1070,35,231,72,209
1071,35,231,72,209
1072,36,231,71,209
1073,36,231,71,209
1074,36,232,71,210
1075,36,232,71,210
1076,36,234,71,208
1077,36,234,71,208
1078,36,235,70,207
1079,36,235,70,207
1080,35,233,69,206
1081,35,233,69,206
1082,34,230,69,204
1083,34,230,69,204
1084,33,224,69,203
1085,33,223,69,204
1086,31,218,69,201
1087,31,217,69,202
1088,30,214,68,201
1089,29,213,70,202
1090,29,210,69,203
1091,29,210,69,203
1092,28,212,68,203
1093,28,212,68,203
1094,27,214,68,202
1095,27,214,68,202
1096,27,218,68,203
1097,27,218,68,203
1098,27,220,68,203
1099,27,220,68,203
1100,28,222,68,203
1101,28,222,68,203
1102,28,224,69,207
1103,28,224,69,207
1104,30,230,70,208
1105,30,230,70,208
1106,30,239,71,210
1107,30,239,71,210
1108,29,244,72,213
1109,29,245,72,212
1110,29,248,70,212
1111,29,248,71,212
1112,30,246,71,211
1113,30,246,71,211
1114,29,244,71,212
1115,29,244,71,212
1116,29,241,72,212
1117,29,241,72,212
1118,29,240,71,211
1119,29,240,71,211
1120,30,240,70,210
1121,30,240,70,210
1122,31,240,70,209
1123,31,240,70,209
1124,32,241,69,208
1125,32,241,69,208
1126,32,242,69,207
1127,32,242,69,207
1128,33,243,69,206
1129,33,243,69,206
1130,34,243,69,205
1131,34,243,69,205
1132,35,242,69,205
1133,35,242,69,205
1134,36,243,68,204
1135,36,243,68,204
1136,36,244,68,203
1137,36,244,68,203
1138,36,245,68,203
1139,36,245,68,203
1140,37,246,67,202
1141,37,246,67,202
1142,38,247,66,201
1143,38,247,66,201
1144,38,248,66,200
1145,38,248,66,200
1146,38,248,66,199
1147,38,248,66,199
1148,38,250,65,197
1149,38,250,65,197
1150,38,251,64,196
1151,38,251,64,196
1152,38,254,64,194
1153,38,254,64,194
1154,37,257,64,193
1155,37,257,64,193
1156,37,261,62,192
1157,37,262,63,191
1158,36,265,62,188
1159,36,265,62,188
1160,34,265,62,188
1161,34,265,62,188
1162,33,263,61,185
1163,33,263,61,185
1164,32,256,61,184
1165,32,256,61,184
1166,31,249,59,181
1167,31,249,59,181
1168,29,241,59,179
1169,29,241,59,179
1170,27,236,59,175
1171,27,235,59,176
1172,25,228,57,171
1173,24,227,58,173
1174,23,226,57,171
1175,23,225,57,172
1176,21,224,56,171
1177,21,223,56,172
1178,17,222,58,172
1179,17,222,58,172
1180,14,219,58,173
1181,15,219,57,172
1182,12,218,57,171
1183,11,217,58,171
1184,7,217,57,172
1185,6,217,58,172
1186,2,216,57,173
1187,2,216,57,173
1188,-3,218,57,172
1189,-3,217,57,172
1190,-9,220,58,173
1191,-9,219,59,174
1192,-14,220,56,174
1193,-15,221,57,173
1194,-21,221,57,174
1195,-21,221,57,173
1196,-28,223,57,174
1197,-29,223,58,174
1198,-38,226,56,173
1199,-39,227,57,173
1200,-48,230,56,172
1201,-48,230,57,171
1202,-57,231,55,168
1203,-57,232,55,168
1204,-63,228,55,169
1205,-64,229,56,168
1206,1210,230,54,165
1207,1210,230,54,165
1208,1203,231,53,163
1209,1203,231,53,162
1210,1196,235,53,160
1211,1197,235,52,160
1212,1188,239,52,156
1213,1189,239,51,156
1214,1182,243,50,154
1215,1182,244,50,154
1216,1178,245,50,151
1217,1178,245,50,151
1218,1175,245,47,148
1219,1174,245,49,148
1220,1172,245,47,144
1221,1171,245,48,144
1222,1170,242,47,144
1223,1170,242,47,144
1224,1168,238,46,144
1225,1168,238,46,144
1226,1166,234,47,143
1227,1166,234,47,143
1228,1165,232,46,142
1229,1165,232,46,142
1230,1162,231,46,140
1231,1162,231,46,140
1232,1161,227,46,138
1233,1161,227,46,139
1234,1157,225,45,137
