1.0
0.9859943977591037
0.9951608311984059
0.9883056839815066
0.9913595933926302
0.9288075821027111
1.0
0.9409663470577176
0.9241117626767851
0.8971789733312779
0.8905109489051095
0.804953560371517
0.7504342790966995
0.7840416305290546
0.7476829960279932
0.6496272630457934
0.6170130572510237
0.7007065336149756
0.7050290135396519
0.6003229938185666
0.6386081193040597
0.6479438314944834
0.0
0.0
0.5963736696886086
0.5929107135375205
0.6654008438818565
0.7203886748199029
0.7307709106791876
0.7760996290408055
0.6979516157513685
0.7694870086608927
0.8324793062672448
0.8139128647759967
0.8114399225793307
0.8431526430853747
0.577066196631414
0.577008574150524
0.5475374852586061
0.5591331269349845
0.5772291369108346
0.6057304879868677
0.5709598031173093
0.5070682730923695
0.519950782211285
0.5354032563422946
0.5242718446601942
0.5237989816249723
0.5220807969009408
0.4789037143887486
0.46038437693738377
0.41005625071748364
0.4069119286510591
0.406466815028145
0.3886417168280555
0.3268853744608548
0.34935046794245006
0.3077753779697624
0.3285902889834238
0.32574031890660593
0.2828451882845188
0.299893762331158
0.2843040473840079
0.2851534618129907
0.2609751865347909
0.26595394736842104
0.25677603423680456
0.24448972031857752
0.2542862646888846
0.2318154937906564
0.23266475644699142
0.24263431542461006
0.22422997946611908
0.21133689839572192
0.21481481481481482
0.23331158947597302
0.19620526088831391
0.1890378075615123
0.17063081695966908
0.17905102954341987
0.16551724137931034
0.17379117028731605
0.15363068304244776
0.17379117028731605
0.17066666666666666
0.14832535885167464
0.16241610738255033
0.15256175663311985
0.13551401869158877
0.12700901607212858
0.12221041445270989
0.10282462914041861
0.11226876461832873
0.09410849698619483
0.08298407376362113
0.07662538699690402
0.07971014492753623
0.07228915662650602
0.0513193434448369
0.05715513536742587
0.03744539213646765
0.04258980425898043
0.024541142503608993
0.028985507246376812
0.01927368634611483
0.016916895749629943
0.013101330603889457
0.007509386733416771
0.0036348949919224557
0.007509386733416771
0.0
0.0
0.0
0.0
0.0
0.0
0.0
0.0
0.0
0.0
0.0
0.0
0.0
0.0
0.0
0.0
0.0
0.0
0.0
0.0
0.0
0.0
0.0
0.0
0.0
