1.0
0.9788776796973518
0.9209778283115406
0.95
0.9846194643330681
0.9088619189374857
0.9532955041466609
0.9061463414634147
0.8312051775406681
0.8260800759613863
0.6875
0.7315068493150685
0.5917808219178082
0.5817385289370532
0.5420779982406412
0.5339553243025029
0.39745526838966205
0.38928210313447925
0.3699421965317919
0.30990415335463256
0.33026573104796964
0.2761998041136141
0.0
0.0
0.0
0.0
0.0
0.20307927217203206
0.19376011902157267
0.19853781128626913
0.19599383667180278
0.18954718143546564
0.1829201703614721
0.20118343195266272
0.1901169370049038
0.19950940310711365
0.20782432736266207
0.20858472677124634
0.2609989768393638
0.3065644785071643
0.35576114381833474
0.43517214898246515
0.5336780514355695
0.7353906762967827
0.8132780082987552
0.8383838383838383
0.8466453674121406
0.8867235079171741
0.9494561740243123
0.8195374972984655
0.9201982651796778
0.9387647831800263
0.9361641493302936
0.949250993579945
0.9627228525121556
0.852129471890971
0.8650985818056036
0.8133918770581778
0.7991218441273326
0.7234198027036902
0.7786321327397815
0.8024003429061295
0.712166172106825
0.5843045843045843
0.5547415547415547
0.5804356132976691
0.49828178694158076
0.50414855788226
0.4536082474226804
0.4159886805801203
0.3699836867862969
0.4098989194841408
0.344429347826087
0.3829787234042553
0.36097560975609755
0.3424793388429752
0.2890792291220557
0.27884331661257006
0.24051017309444275
0.2570694087403599
0.2711864406779661
0.22992583037729764
0.2516766678432757
0.24161073825503357
0.2396694214876033
0.20367333551984257
0.19350473612990526
0.16568434839554683
0.15848068107400132
0.15226586102719034
0.12690684842583577
0.11462064474112667
0.13082259663032705
0.10404966006503104
0.10241489671224906
0.0885997521685254
0.07761385503527903
0.06761107533805538
0.04903225806451613
0.04903225806451613
0.029537249753856253
0.029135642602784072
0.010876519513755598
0.010876519513755598
0.011027278003482298
0.0
0.004715590922487474
0.0
0.0
0.0
0.0
0.0
0.0
0.0
0.0
0.0
0.0
0.0
0.0
0.0
0.0
0.0
0.0
0.0
0.0
0.0
0.0
0.0
0.0
0.0
0.0
0.0
0.0
0.0
0.0
