1.0
0.9933993399339934
0.9667774086378738
0.9646088010524604
0.9678169272580986
0.9426009565275242
0.9394862575932277
0.9426009565275242
0.9519516104775494
0.9550941396416952
0.961854630156081
0.961854630156081
0.961854630156081
0.9617699595435723
0.9649446901840717
0.952361495187993
0.9587499816991933
0.9577091027550942
0.9512539315733912
0.9705120549239996
0.9759242706211626
0.9426262071755163
0.9606907355459215
0.9671406118644688
0.9146432480843865
0.9521412216772963
0.9045127097021675
0.9386574524805019
0.8855515539009389
0.9134181955086134
0.9116787658497056
0.9095239044221687
0.8607116040900639
0.8447470999859109
0.8676338313322489
0.8483496270054842
0.7994658678744789
0.785622638819588
0.7983575142080701
0.7539171034917361
0.745059862101612
0.7590566551661522
0.7103579782929236
0.711253287065904
0.7064751399930136
0.6985577477789315
0.6692898190776695
0.672916307373919
0.6656142489047978
0.6841652426993133
0.6566343728637767
0.6737022816478013
0.6435148164753844
0.658578212258072
0.6502327840607072
0.6551095620629409
0.639790468139901
0.6645253089393176
0.6381797156241221
0.6504188486192231
0.6358692641098529
0.6373517786561265
0.6420126329428278
0.6373086137755146
0.63544592753664
0.6459758879113718
0.6557548727030247
0.6452261793148376
0.6545881387711605
0.6651728397517065
0.6807486191587695
0.6735351826868651
0.666766121923103
0.6055435976279376
0.5547431210313643
0.4998749630572669
0.45316123342719994
0.393451637663394
0.3819517293876608
0.3491553169681373
0.3123308865991363
0.28804039061411313
0.26801749255794455
0.23579372554086356
0.2105299075874191
0.20877187781039067
0.18067340336302273
0.15206722814758036
0.13528496194111
0.12510573184727064
0.11936868166496448
0.08646301243116596
0.06450744688009222
0.04516936346356185
0.015386255570481247
0.0
0.0
0.0
0.0
0.0
0.0
0.0
0.0
0.0
0.0
0.0
0.0
0.0
0.0
0.0
0.0
0.0
0.0
0.0
0.0
0.0
0.0
0.0
0.0
0.0
0.0
0.0
0.0
0.0
0.0
0.0
0.0
0.0
0.0
0.0
0.0
0.0
0.0
0.0
0.0
0.0
0.0
0.0
0.0
0.0
0.0
0.0
0.0
0.0
0.0
0.0
0.0
0.0
0.0
0.0
0.0
0.0
0.0
0.0
0.0
0.0
0.0
0.0
0.0
0.0
0.0
0.0
0.0
0.0
0.0
0.0
0.0
0.0
0.0
0.0
0.0
0.0
0.0
0.0
0.0
0.0
0.0
0.0
0.0
0.0
0.0
0.0
0.0
0.0
0.0
0.0
0.0
0.0
0.0
0.0
0.0
0.0
0.0
0.0
0.0
0.0
0.0
0.0
0.0
0.0
0.0
0.0
0.0
0.0
0.0
0.0
0.0
0.0
0.0
0.0
0.0
0.0
0.0
0.0
0.0
0.0
0.0
0.0
0.0
0.0
0.0
0.0
0.0
0.0
0.0
0.0
0.0
0.0
0.0
0.0
0.0
0.0
0.0
0.0
0.0
0.0
0.0
0.0
0.0
0.0
0.0
0.0
0.0
0.0
0.0
0.0
0.0
0.0
0.0
0.0
0.0
0.0
0.0
0.0
0.0
0.0
0.0
0.0
0.0
0.0
0.0
0.0
0.0
0.0
0.0
0.0
0.0
0.0
0.0
0.0
0.0
0.0
0.0
0.0
0.0
0.0
0.0
0.0
0.0
0.0
0.0
0.0
0.0
0.0
0.0
0.0
0.0
0.0
0.0
0.0
0.0
0.0
0.0
0.0
0.0
0.0
0.0
0.0
0.0
0.0
0.0
0.0
0.0
0.0
0.0
0.0
0.0
0.0
0.0
0.0
0.0
0.0
0.0
0.0
0.0
0.0
0.0
0.0
0.0
0.0
0.0
0.0
0.0
0.0
0.0
0.0
0.0
0.0
0.0
0.0
0.0
0.0
0.0
0.0
0.0
0.0
0.0
0.0
0.0
0.0
0.0
0.0
0.0
0.0
0.0
0.0
0.0
0.0
0.0
0.0
0.0
0.0
0.0
0.0
0.0
0.0
0.0
0.0
0.0
0.0
0.0
0.0
0.0
0.0
0.0
0.0
0.0
0.0
0.0
0.0
0.0
0.0
0.0
0.0
0.0
0.0
0.0
0.0
0.0
0.0
0.0
0.0
0.0
0.0
0.0
0.0
0.0
0.0
0.0
0.0
0.0
0.0
0.0
0.0
0.0
0.0
0.0
0.0
0.0
0.0
0.0
0.0
0.0
0.0
0.0
0.0
0.0
0.0
0.0
0.0
0.0
0.0
0.0
0.0
0.0
0.0
0.0
0.0
0.0
0.0
0.0
0.0
0.0
0.0
0.0
0.0
0.0
0.0
0.0
0.0
0.0
0.0
0.0
0.0
0.0
0.0
0.0
0.0
0.0
0.0
0.0
0.0
0.0
0.0
0.0
0.0
0.0
0.0
0.0
0.0
0.0
0.0
0.0
0.0
0.0
0.0
0.0
0.0
0.0
0.0
0.0
0.0
0.0
0.0
0.0
0.0
0.0
0.0
0.0
0.0
0.0
0.0
0.0
0.0
0.0
0.0
0.0
0.0
0.0
0.0
0.0
0.0
0.0
0.0
0.0
0.0
0.0
0.0
0.0
0.0
0.0
0.0
0.0
0.0
0.0
0.0
0.0
0.0
0.0
0.0
0.0
0.0
0.0
0.0
0.0
0.0
0.0
0.0
0.0
0.0
0.0
0.0
0.0
0.0
0.0
0.0
0.0
0.0
0.0
0.0
0.0
0.0
0.0
0.0
0.0
0.0
0.0
0.0027025604127546812
0.0054197680761582994
0.029092279324671223
0.06989546572064306
0.09113963447317913
0.12188225939957813
0.1496251965155048
0.17773318522234566
0.20996965003449955
0.2602328176261928
0.31011917704677
0.3544527520203412
0.41780373937165927
0.4821711270260083
0.5273392437857544
0.5308410572111499
0.526559624566205
0.0
0.0
0.0
0.0
0.0
0.0
0.34549423594880563
0.34361736672205984
0.0
0.0
0.0
0.0
0.0
0.0
0.0
0.0
0.0
0.0
0.0
0.0
0.0
0.0
0.0
0.0
0.0
0.0
0.0
0.0
0.0
0.0
0.0
0.0
0.0
0.0
0.0
0.0
0.0
0.0
0.0
0.0
0.0
0.0
0.0
0.0
0.0
0.0
0.0
0.0
0.0
0.0
0.0
0.0
0.0
0.0
0.0
0.0
0.0
0.0
0.0
0.0
0.0
0.0
0.0
0.38752408623324536
0.39543114248872874
0.37433230465601625
0.37528001054157334
0.3811036125446606
0.39466483428837873
0.3709484515016197
0.3765909296641622
0.3807572291665409
0.3855773238849521
0.3913771452490582
0.38111249531319924
0.3885870471995462
0.39438211488608566
0.3673802639660829
0.37227478403948994
0.37794299876084264
0.369243052484425
0.3741749530775477
0.37950378205797664
0.3773662769789474
0.38434222576737864
0.37665315576143604
0.38182193065755965
0.388700683360691
0.3700092624189538
0.3763866877971474
0.36448440478399485
0.3705559640291839
0.37562187643591766
0.36327831326653126
0.3699642967585955
0.375377494284666
0.35069119691826917
0.3556409185803758
0.362619505003574
0.36901669758812616
0.35815333425759044
0.3634612493945653
0.36811746198217093
0.37514688930422035
0.3524981945079965
0.3577002257935981
0.36294242809762167
0.36914935330383736
0.3550844167109564
0.3603062931070229
0.36556857064362247
0.37087172001103197
0.3656947733780371
0.35029731256020996
0.35557346524747796
0.3525591780564506
0.3578197474422424
0.36312139694210044
0.3486829742784821
0.3526107944518707
0.35823934005970515
0.349280975741731
0.35286775433671913
0.3571377002749007
0.36208538725039685
0.3530747445167079
0.3583161338273529
0.36325772795920913
0.36857479072950483
0.36606755543275543
0.3713799119612341
0.37673374712144375
0.3601057485668431
0.36533623182008784
0.3706070995364088
0.3696182903896275
0.37555782896010176
0.38084955202007303
0.3775652793380278
0.3827861999163898
0.3868377746739867
0.39214352544650416
0.38198571049062513
0.38643944703885424
0.3887417442463314
0.3944824774491651
0.3998965427073978
0.39994851456019553
0.4143404986515243
0.419906165258189
0.42311965049415473
0.42463923035809725
0.4266880332625926
0.4294988630248746
0.4391077782320855
0.4447468857441463
0.4475830445587875
0.44714480539916773
0.4473642960812772
0.45181862494777403
0.4560385571957979
0.46676994036526276
0.47277384043225035
0.4925129345860787
0.49884943875417753
0.49055566009060775
0.4974551041966772
0.486081997622425
0.4919119955980514
0.4786727828571592
0.45472701016990813
0.46207004692942666
0.4544923991885057
0.46223045155029574
0.44435763746114243
0.42503584895639707
0.43077292238782094
0.42720216192866795
0.43603268176647014
0.4194890791250761
0.4301680533014885
0.43072546888369834
0.43898959512474994
0.4185007909059911
0.4251657330798088
0.4329837281238542
0.4170775095298602
0.42283770948864857
0.42938782222587674
0.41294800528239306
0.41964246778798425
0.4034263247054322
0.40868838003703956
0.4155893526485325
0.42093346867026377
0.40220824904584906
0.40742555936746716
0.4126818396297449
0.40376310140169214
0.4089584019873761
0.4141923008421749
0.3954402595171445
0.40059235817383276
0.4088436673671087
0.4140756662932801
0.4193466700430489
0.3967404621762591
0.40191437993464807
0.4071267714908988
0.4127328768163253
0.39596662871421806
0.40117619692954953
0.4064247936736745
0.41065630002286757
0.40211902318692594
0.4073835412787246
0.41268774160033
0.39120950757195866
0.3954072155114418
0.40165408671577396
0.40693540780258736
0.39659103464207873
0.4018358983148248
0.4071203044041451
0.4124447017832564
0.39217981141580627
0.39774452618179773
0.40265779368261306
0.3854660347551343
0.3788379878113434
0.38395305111974903
0.3891062063492871
0.3942978805965577
0.3902187692095792
0.3950845922841196
0.40121505811481584
0.39735462635621116
0.40261249961760837
0.40791009027820424
0.4040472396805236
0.40962626803276403
0.41489516098231677
0.39730593917953605
0.4021174716680775
0.40730924815176456
0.39655034175870435
0.4016496504551627
0.4071377688409714
0.3864404260589547
0.3914658340004276
0.3968664625588724
0.40197100635614463
0.3854487932029369
0.390505099926609
0.39559844863353477
0.3899540484867691
0.3950381679389313
0.40015961691939345
0.40497211314808795
0.4101637220791349
0.39470273652221843
0.3998185904879617
0.40497211314808795
0.3839085214513651
0.388915248205919
0.39395833333333335
0.3990381743234363
0.4034657169365217
0.4101486578767663
0.3817091491501434
0.38511400748468816
0.3911574563079159
0.3955925180892905
0.4007232183215308
0.38070029344119277
0.3857006407450153
0.39073733823294454
0.3964922672261905
0.38009697792600045
0.3848068933987954
0.38987641021037195
0.39498318048936765
0.4096640696825567
0.4149096592685214
0.41983296967872996
0.4144340952872719
0.4170795280447283
0.4213315271524762
0.4232147004036781
0.4285650520009324
0.43249277483534065
0.41994422188056835
0.4252883433475552
0.42797551742785506
0.43338037830075554
0.43609818080238505
0.4419409798282345
0.42319227169900303
0.41590491324728635
0.43058422621973197
0.43058422621973197
0.447813813309304
0.4501421366814987
0.4539443731104302
0.4736434268710997
0.5034042407714702
0.5031699458750729
0.5213272062697043
0.533951879400095
0.5303660749856137
0.5305711340663238
0.5572575783979591
0.5610097523638787
0.5528052268405004
0.5681234164405331
0.5594029546184293
0.5548146820538836
0.5379950934254988
0.5407350199898887
0.5425554021990292
0.5525773833451869
0.5336394589697935
0.5327529760508813
0.5204535740326353
0.5165464171541931
0.5192083596610159
0.4968045606627015
0.4692944457443512
0.44847189462301673
0.4480086923288303
0.443477656015834
0.42066658657342126
0.42066658657342126
0.42066658657342126
0.4138551435349563
0.4175792049318377
0.4175792049318377
0.4175792049318377
0.4175792049318377
0.4214493909443922
0.42318374506651074
0.4218859890893193
0.42813333586775393
0.4276902725163855
0.4276902725163855
0.4333931207441152
0.43161735182626676
0.43161735182626676
0.43161735182626676
0.42912062724269295
0.42956471653089773
0.42956471653089773
0.4385241625697529
0.43897799777192625
0.4385241625697529
0.42792974776763704
0.42969581008174124
0.42969581008174124
0.42969581008174124
0.4305898319841491
0.4325524225944503
0.4325524225944503
0.4325524225944503
0.4325524225944503
0.43300287098510676
0.43389126309604464
0.4349162100676087
0.4344637741465679
0.4353695892739724
0.4468514749119576
0.44546833681728726
0.44546833681728726
0.4499483040174703
0.4513453610245939
0.45181687339295246
0.4473182895787986
0.44546833681728726
0.4416140326014487
0.4393344184973469
0.4503604214946929
0.4503604214946929
0.4555825499102144
0.4551091016064668
0.44809779306904735
0.4695614079967256
0.4748181433239166
0.46695024507301136
0.4748021988497347
0.46465602954405566
0.45173915093598227
0.4632124417858351
0.46416928306884175
0.4625352609308886
0.44368104172935013
0.4481374893599773
0.45302421998414055
0.43212705657871353
0.42469080376990254
0.4164346604907855
0.42484038394050033
0.4353853755861979
0.4456535638873554
0.423581439269987
0.4248764430606484
0.422158246366154
0.4243239162845119
0.4230266314215027
0.3914244373091277
0.4032310208129969
0.40281631846786253
0.40281631846786253
0.40281631846786253
0.4065487549011231
0.3907448806504106
0.3911471427360809
0.3943653503539456
0.39625376506024096
0.4022283701262281
0.40658298219682765
0.38319847009649105
0.3882632038956174
0.39414685525127896
0.39914369071826417
0.40514212509037406
0.37931836760359683
0.38518906767031247
0.39110995548001676
0.3750778150171979
0.38093042934635035
0.36153175146064875
0.36612488769657026
0.37186516173399536
0.37300889156092776
0.36715079362578423
0.37000874702774733
0.36924618618296867
0.36886608323364606
0.37114675586301266
0.3696270733046062
0.3867225367634289
0.38962740289534054
0.3900297435215189
0.3717165344395199
0.36201181367295565
0.36767024551392746
0.3733758890201302
0.378738651296612
0.3759838824721885
0.38172428092132543
0.3875127761864503
0.37095683359496673
0.3762794678285225
0.3820256321311045
0.38781997972716403
0.3940692135398593
0.3940692135398593
0.38566058274055137
0.38566058274055137
0.3832918733115917
0.0
0.0
0.0
0.0
0.0
0.0
0.0
0.0
0.0
0.0
0.0
0.0
0.0
0.0
0.0
0.0
0.0
0.0
0.0
0.0
0.0
0.0
0.0
0.0
0.0
0.0
0.0
0.0
0.0
0.0
0.0
0.0
0.0
0.0
0.0
0.0
0.0
0.0
0.0
0.0
0.0
0.0
0.0
0.0
0.0
0.0
0.0
0.0
0.0
0.0
0.0
0.0
0.0
0.0
0.0
0.0
0.0
0.0
0.0
0.0
0.0
0.0
0.0
0.0
0.0
0.0
0.0
0.0
0.0
0.0
0.0
0.0
0.0
0.0
0.0
0.0
0.0
0.0
0.0
0.0
0.0
0.0
0.0
0.0
0.0
0.0
0.0
0.0
0.0
0.0
0.0
0.0
0.0
0.0
0.0
0.0
0.0
0.0
0.0
0.0
0.0
0.0
0.0
0.0
0.0
0.0
0.0
0.0
0.0
0.0
0.0
0.0
0.0
0.0
0.0
0.0
0.0
0.0
0.0
0.0
0.0
0.0
0.0
0.0
0.0
0.0
0.0
0.0
0.0
0.0
0.0
0.0
0.0
0.0
0.0
0.0
0.0
0.0
0.0
0.0
0.0
0.0
0.0
0.0
0.0
0.0
0.0
0.0
0.0
0.0
0.0
0.0
0.0
0.0
0.0
0.0
0.0
0.0
0.0
0.0
0.0
0.0
0.0
0.0
0.0
0.0
