1.0
0.7910735294117647
0.820035500663773
0.0
0.8799262381454163
0.8938371874412484
0.8948317512163587
0.9335192336860773
0.8400742607081289
0.947227813357731
0.8667939491849024
0.890637359855716
0.8825878876564941
0.8940362917901523
0.9110878698298525
0.8857471710672288
0.9021381074168798
0.9024650843318324
0.8914169266483891
0.8414734310399201
0.8935833846657812
0.8949644973346453
0.8724040101081835
0.8566479656915867
0.872453132112952
0.9160863724094976
0.8392310975803351
0.8552297521714652
0.8696206160609053
0.8840393049845617
0.9094406199190508
0.8812480717136066
0.8662065658554964
0.8204168893639765
0.8346723701112754
0.8272544093453892
0.7482207822433455
0.7742534301856335
0.7754829409535171
0.7751644767438255
0.7905533441388187
0.7988214181481734
0.7299925033158411
0.7501683698866798
0.7552354874681083
0.7627733159622522
0.6982885342293154
0.7330805279107122
0.7227366101997678
0.7679674568056172
0.7466870401687883
0.7178348300167248
0.6918019688820337
0.7566371681415929
0.7162399686369808
0.704713879543556
0.7191861304601106
0.7277491999880372
0.7340354021958324
0.7109783799867914
0.7306024614876513
0.7583273349267776
0.7478155049275825
0.7381199815684467
0.7553397156551004
0.7389642875374663
0.7835860518332581
0.7642323888550737
0.74109147111858
0.7530396431373773
0.8136095270719568
0.8304267552353526
0.7807354434291264
0.7695600787281186
0.8004503236701379
0.7177800143205499
0.697393164431746
0.6748199421265313
0.6926441996111471
0.6365663038471424
0.6415465371767778
0.6375222948870393
0.61900525677315
0.6464973456329102
0.6115611835381509
0.6694732208664319
0.6507406936413302
0.627604596658723
0.6368890274165879
0.677824729550432
0.7018519576028582
0.654476505335829
0.6598342528009332
0.7155216991980983
0.6880273030200055
0.6715569188685603
0.6986103238171738
0.7376037990790907
0.6669059583632448
0.771169006604761
0.7158242510529161
0.6966654681024205
0.7162486613888305
0.7530766166852972
0.6999530007577429
0.6902801683913647
0.7318091025823941
0.7171788598339673
0.7125217772108035
0.7234120165493938
0.7562971876539073
0.7573327951156748
0.7581606078983982
0.7673456692577626
0.7746888184730659
0.7706427667888859
0.7514305486312124
0.7236730258927185
0.672350973599331
0.7244159818758136
0.7547997476189046
0.7273540847252409
0.725759943421884
0.7541248632970377
0.7192119933986184
0.723741086786449
0.7647849281750138
0.0
0.7835004332898216
0.7641226826434122
0.7848193144469606
0.782462342583117
0.8309249627468556
0.8263946307500185
0.8437235405057604
0.8456982230699729
0.8958580981278617
0.8976315711467332
0.8299137656100505
0.7965623774029031
0.7869566379804593
0.7560773306326314
0.7683941425115369
0.67272337943723
0.6309839565273645
0.6308317653964092
0.5613906343163785
0.6023690628266171
0.6473235827324401
0.6241529031385353
0.722443979475232
0.0
0.7288138778732122
0.7796907365480032
0.821108161574489
0.857431638006312
0.8478080282005533
0.0
0.0
0.0
0.8813272726588008
0.8776173285198556
0.8698796205708452
0.9423443383942559
0.9232597025433424
0.8593904793888003
0.9532446375237578
0.871471260170386
0.8564313555651797
0.9015658701924424
0.9355239482477937
0.9459236866073678
0.8579643583303432
0.8353400553082355
0.844918755861999
0.9206496519721578
0.8658788328617154
0.9070725789736774
0.929277566539924
0.907449292280753
0.9277904750138983
0.9570076910308195
0.9533511091082069
0.8564590979404896
0.8355639241168399
0.8586472006263988
0.8508794943288936
0.8762398242338807
0.902532405478915
0.8982651766543042
0.9287448263622592
0.8630570941206689
0.8595848899442418
0.9256329216611395
0.9113520282070715
0.855249595052275
0.8411871808910223
0.8268371826684482
0.7469247478762763
0.7726025360680414
0.8001475023376486
0.7871040950505623
0.8375446443472746
0.7899347345956275
0.8060103271908573
0.7979164849406223
0.758009014685213
0.8100591905295152
0.8386393778447476
0.8751080254969172
0.8863465821789726
0.9020325606790093
0.876892602909316
0.8906229267892006
0.8198131487035186
0.8536394205243597
0.8765323829604612
0.859626070672029
0.8820697954271961
0.8319146722801177
0.8219961819437271
0.8653748852200963
0.9370824722069484
0.9202461553639918
0.7979013127910983
0.819922051379548
0.8544825351265017
0.8284674551319163
0.84884869717008
0.8454285679836988
0.8657103057259464
0.7835552813962771
0.8001954833067545
0.7956426177922437
0.795102655867395
0.7402685684300911
0.7729012565999188
0.8740466412437665
0.8684561819179982
0.8640047371354264
0.8732693838125497
0.8421821724305893
0.8051423269178963
0.8691423408046987
0.9050173499395608
0.8470075642965205
0.8523836353392341
0.7764243798658031
0.7780665220367298
0.8005797271183464
0.793310438371187
0.7580168864118454
0.7779566772134124
0.8118918368515843
0.752039362941862
0.7923174152973457
0.8507578972705564
0.8343570554457309
0.8054395731848759
0.7907822441159034
0.7562733788213813
0.7922095171397867
0.8327621658670322
0.8467710067178388
0.8318109693407579
0.7621942827050932
0.7745459914365864
0.823168025000444
0.8075440253971234
0.831559853430076
0.8740379403794037
0.8483169584595307
0.7950528317707606
0.8422302286499974
0.8402866995740077
0.7531450359432679
0.8117523454924152
0.8374810647046094
0.8246670453828189
0.7782949270059859
0.7854833970026447
0.7964439215309627
0.8383008347888786
0.8414450225054071
0.7987065817056731
0.7782468813912045
0.824049775149387
0.8742556781814302
0.7687720071733704
0.794141811255074
0.8169731547042942
0.8354446846601292
0.8009531103735852
0.8547370223382722
0.9008710078805475
0.87568197858173
0.7665484703193658
0.7994045034427145
0.8162786646592591
0.8324881199425337
0.8098934513361845
0.8626685507628195
0.8955174177281431
0.8953525759936682
0.8609204421186603
0.8749092698529864
0.8641240302464892
0.9135139178020718
0.8521813044727516
0.8716485016831054
0.9193763382490425
0.8954343586249031
0.8858925569171567
0.8344922833828877
0.8403806071590394
0.8175093752469169
0.7815784626536663
0.7956118230911834
0.8014808236931791
0.7747212664640907
0.7676919566323993
0.7923761948668868
0.8502528954914533
0.8614408138948719
0.8179831335272142
0.7880470223303195
0.8082774260606633
0.7971241123077647
0.7961954934644722
0.8671838634600465
0.8295441350642112
0.7607305831627343
0.8003482464530984
0.8254782187459385
0.8548409501319628
0.8568693543427687
0.8441603064184527
0.8211607823504647
0.7887410348789221
0.7956229536446665
0.8340479134645388
0.8455328433624254
0.8366366613554718
0.7453140974667727
0.816387278709071
0.8144594687982308
0.8129321842043328
0.8259678067512056
0.7255794113465093
0.7520857629855566
0.7592331595659778
0.761798283068902
0.7365360544675883
0.7608042764874361
0.7454701598368297
0.7728027107392297
0.8076145824913104
0.7985412518148274
0.7371387332898037
0.7110931704634538
0.7442454637931443
0.7367990903276241
0.7799828575196149
0.7727130814861067
0.7717092665057032
0.7719774142848828
0.7981422489505493
0.8410673752316042
0.7561280654736174
0.8134243659180589
0.8114471328820552
0.8421328203005138
0.8167999440468142
0.843674980672987
0.8574992204552542
0.8500706103875726
0.8377493624640538
0.7758846657929227
0.8286893765451311
0.8492518916496128
0.8907526906702136
0.8493947014445289
0.7841603916973163
0.8424392952821496
0.7884781904397256
0.7804225173356717
0.8537170263788969
0.876093586256432
0.8307301846962526
0.8374659329292742
0.8814150830644197
0.8427164382595613
0.8560441691615859
0.7599555274623564
0.7555339972037549
0.8032897351279438
0.8426584483759868
0.8308459750464001
0.7538881965362498
0.8266433070167657
0.7977650888646021
0.7718635948223853
0.7710926218799422
0.7886855241264559
0.786850667564232
0.7946015022811775
0.8506421631498498
0.8553859733877268
0.8189497142446354
0.8324660297690085
0.8077240835049385
0.8678467792331537
0.8391074823981095
0.826440009106777
0.7789486940245111
0.7704825244092259
0.7623562076186973
0.7642844244581268
0.7617922857075371
0.7712074469033651
0.7681068779208144
0.7928052758971481
0.7606107174698512
0.7909249398119048
0.7583824709535606
0.7824662123207448
0.7307370944890471
0.7353987075572341
0.7349440292997017
0.7492699874854998
0.7564623497881905
0.7435086755535816
0.755552452272476
0.735236682447428
0.7279295871925195
0.7258727797707586
0.7842511306198457
0.8035711102528299
0.8455182689377264
0.8078565328778822
0.8344841514604019
0.8380174263774336
0.8326106876481338
0.8376625317590793
0.9005425520271433
0.9190640026529597
0.8545140175373596
0.9193030165684645
0.8331302357365753
0.8874086184506657
0.9143769012117887
0.8948311268405645
0.8720646096500311
0.8662766798418973
0.8552446493107403
0.8181686437695381
0.8617640383520112
0.933146156698628
0.9560430068419976
0.9175421840178287
0.9448513553335697
0.9094075949367089
0.9456015875717708
0.9643107038906301
0.9511298247882589
0.9419084180947481
0.9396643229395286
0.9296554292869257
0.9159679961691175
0.933586510019896
0.9251213439233484
0.9074115178897473
0.8847415529434683
0.8623777082011338
0.915827464171835
0.8705659159327304
0.8252875425238944
0.789826827524522
0.7427226208432597
0.8277789112327357
0.8560129742028793
0.8431824026506067
0.8309260003444514
0.8581448433284914
0.9731930351997996
0.9853845819703081
0.9377515023071145
0.8089645585080756
0.9176175354349004
0.8687584097859328
0.8769987487097871
0.844264642703709
0.8451029093887196
0.8232905807700751
0.8308178217309136
0.940273587562829
0.8976777833624349
0.9212387791175795
0.9030138633877335
0.0
0.0
0.8366181333059054
0.7503291814219002
0.8533172216085921
0.9290538104736956
0.7905793038001985
0.9016699803566844
0.8795780837972458
0.8749640213224035
0.9159542722898857
0.8579596182533037
0.8345317811888328
0.8337767158904962
0.7883307636911983
0.797091992970957
0.7693433196470316
0.7890137570238326
0.8040592731365572
0.7776080152837258
0.751878124206265
0.7382479994334679
0.7856186632781731
0.9365942600274643
0.8799438089294713
0.8979516049969549
0.9430702991397533
0.8330833969292512
0.8429378183328974
0.8230406501599624
0.7416111602948393
0.8466692289314317
0.7682055787826585
0.8159827088078829
0.823006845178176
0.8465558498537936
0.7927589537458902
0.8235570249602504
0.8289768909508354
0.78662429603463
0.7476875133423273
0.7942905121746432
0.7426736145819299
0.7770569042747332
0.7729631234514405
0.8195209899813559
0.8212629774093209
0.8749147172080437
0.9215579588023998
0.877867174088399
0.9130931705121468
0.8360469385915344
0.8356719013420769
0.8106858211158122
0.7800790180687984
0.785977408261312
0.7900732749623738
0.8380807475578476
0.8632272733745674
0.8653047860709316
0.844199372905179
0.893675941820829
0.8932711635247608
0.8631621823448213
0.9223138397716193
0.9635159171440176
0.9483614697120158
0.944288264040555
0.8968261301425239
0.8900753488122656
0.9168756209490467
0.8870635642463747
0.8315360922023276
0.9044712626241435
0.8290436303471476
0.908713061989964
0.9134711891198143
0.889984043733051
0.7728895392731645
0.8340635118391599
0.9076368944094868
0.8359060942273677
0.8485043779723543
0.8819057457257111
0.8129729446661754
0.8612987980550129
0.8664869067509222
0.8564847429115486
0.8110243579178101
0.8161483531120296
0.8025745871728466
0.8249285737289345
0.8468275566078225
0.8214870436762843
0.7719466729482539
0.8868903565610672
0.8019003414054774
0.7912232659710908
0.8455721550338576
0.8047673098751419
0.8121502300708867
0.8157771462477749
0.8509803921568627
0.8759687281770026
0.9028950578019502
0.8366483623565557
0.8941677993327567
0.8597526300824566
0.8450993084618885
0.8441210264266564
0.737570516121776
0.7363553342601371
0.7838077135020339
0.8773138385116453
0.8543105312019127
0.8584842086347095
0.8476913952578646
0.830062965372203
0.8092664234470263
0.867928083638183
0.8744280131188751
0.8843625240828649
0.7521220189331876
0.838816311251261
0.7647035006131279
0.801760405788453
0.7731958762886598
0.8260521042084168
0.8241865267950388
0.8756163085687928
0.9032145787236159
0.8955942131134592
0.9314947293915418
0.8959570892013082
0.834364564086047
0.8609728688393
0.8163627125606737
0.7994542829235147
0.8389548060258633
0.824047652630551
0.8633018594088822
0.7929244638710559
0.7892166387463699
0.7958198079886466
0.8134006152517675
0.8763805995746724
0.7929298660037342
0.8609445088453203
0.8445657906302189
0.8075334579755152
0.8099289127141359
0.773585764807666
0.8146573930963421
0.8159236690186017
0.8852102507002557
0.7873268858800774
0.7620833062901591
0.7143429937753959
0.7773899554004267
0.8115919730971273
0.7417989417989418
0.7626111402005988
0.7692197250552505
0.8105725911138746
0.7776539353123708
0.7685687984195447
0.7564214966708918
0.7750718685831622
0.7560881562013311
0.7890792403131566
0.7407394897973955
0.7658985347455386
0.7679367318456713
0.7698236394361677
0.7742480299946014
0.8725865062043328
0.8268783191926031
0.8176272777039181
0.7888779898890818
0.7713248638838476
0.7957479383416264
0.779550335276329
0.8440658662743795
0.8305707913929239
0.8144970224755075
0.8911787531258084
0.9101007117259214
0.8438547979055128
0.8390254725711225
0.8024429398329848
0.8399468730528318
0.8144125935075421
0.7933916298280146
0.830426523916422
0.8317783633644328
0.8107580486836445
0.8303456076541121
0.8895312212553169
0.8813534949061425
0.8324548212095239
0.8557055654917354
0.7713485390351544
0.7517113526290177
0.7406106877200352
0.7327918103927896
0.7899850774198811
0.829293816824792
0.822928351351219
0.8301385144557033
0.7804779988550402
0.8383050044803075
0.8146838001732601
0.8125826369937719
0.843042616772358
0.8214303251063526
0.8510832508021122
0.8421470957486203
0.8375276290911028
0.7969827003649141
0.8850915722094428
0.8678083294572256
0.9014028454880112
0.8856681090662635
0.9141073758693518
0.8618658760935453
0.8996881792378978
0.8672697685285763
0.9284065555236753
0.8385765533753106
0.8870126624458514
0.8757605713019617
0.838456679218659
0.8909056418304261
0.8993015972850086
0.8632328850622881
0.8565814733532896
0.7782192389319382
0.8052274546117328
0.8405890920860981
0.873308377699691
0.8507577703570511
0.8199036783107951
0.8502192898497088
0.8466891606916913
0.8457172385627725
0.8361970217640321
0.7902768557602783
0.8001573833310525
0.7876582643199368
0.8777596752871356
0.8585125746660855
0.8209921153705614
0.8351750765543869
0.853473720548891
0.7998205009885146
0.8164395867644857
0.8513201743142784
0.8720530957419652
0.8481635129303899
0.8761266331490699
0.8072137941491109
0.8846144234053365
0.7889656939101836
0.7849004521040851
0.8103646293802209
0.8756015954641351
0.8495160197878889
0.8315490486469114
0.8602450925615525
0.8821988232672899
0.7920774618317405
0.7961220130823655
0.8434603758816231
0.8129218156403022
0.7925484095404123
0.8353893810119015
0.8079470198675497
0.8291231759546586
0.826595460160724
0.8139688645789506
0.7949205237115208
0.8326572542408598
0.8269946910497746
0.8597970383542325
0.8440954253569605
0.893179594094371
0.8855759171138334
0.8403635131495495
0.8279474470249562
0.8465140795102074
0.7902801231747293
0.8029627643529845
0.8655802902742626
0.8183755362967257
0.805600972796214
0.8765070730857891
0.8852309716155364
0.8546494634431501
0.8821412202987886
0.8489016830500989
0.8370736049185327
0.8265558490502549
0.8894050933438092
0.8590329574836959
0.858340433955606
0.8698528306299383
0.822319640194529
0.857024767112835
0.8121301775147929
0.8092438213472657
0.7976697548767755
0.8417728920594083
0.8784267479424979
0.8815650334860768
0.8387474490649359
0.8136639264709542
0.8330769896871508
0.8143359692113413
0.8222856943815529
0.8005728607232366
0.7596037529566797
0.8425165182418846
0.8268995776438266
0.8084607004389759
0.8032502951288658
0.8308919188335276
0.7987075016405426
0.8202763431484338
0.8170801494597233
0.8871393219702228
0.835969133147786
0.861724215031782
0.8227025593422623
0.8090504668632978
0.830730962466752
0.8696332866692622
0.8263902801183167
0.8693054370833728
0.8824102926093044
0.8964211801524405
0.8787376389578601
0.8794945299245305
0.878191231000699
0.8115158366705627
0.8498573042961941
0.846304088257846
0.8540691311485378
0.8625619336738806
0.874375949423194
0.915764745364544
0.9170290987807242
0.9239529742518909
0.981412427645618
0.9432068851718688
0.9143923990418819
0.9365770483816948
0.9111305424370058
0.8340134263525075
0.8397551627680354
0.9502156641310999
0.8734348021647974
0.9035750276882552
0.866004789463181
0.8787906276847223
0.8512814310803563
0.9061666405146712
0.8492143132224277
0.909475353508656
0.9180699665475988
0.9327548806941431
0.9389488797822381
0.9184603191442889
0.9062994735098119
0.8840944011211901
0.8302505268087099
0.8554602213965603
0.8773250868713776
0.8489696937746704
0.8724416817057683
0.8371877890841813
0.8311085316308764
0.8546078315390986
0.820447414738668
0.8799170411337712
0.8297893782122342
0.827254069212168
0.8660545286134268
0.8330551824262901
0.8452915098509302
0.8379837983798379
0.8029110662302389
0.8167301841473179
0.8609509405425844
0.8787820941109096
0.8403911209348087
0.8262079579338869
0.8511289185535873
0.7851796693015618
0.859584214235377
0.8492020692272355
0.7475850399051337
0.7317917296895429
0.8104812720519345
0.7678779408339157
0.8322141010079688
0.710617203178178
0.7060095168283865
0.7152336750394155
0.7802682703008766
0.7706213899461788
0.8164771819585708
0.8010205437584713
0.7872589091004061
0.8178665216583995
0.837989789098726
0.8364485981308412
0.9009838839535487
0.8619731482673787
0.8883589007687074
0.9114266215257798
0.8704944432294877
0.9070418453310148
0.8577820141225904
0.8900551036473366
0.8599491479842555
0.8764813823686827
0.8169356972744112
0.8876201285945032
0.8353346213803772
0.8711354042117079
0.8684558524345585
0.8920186073770191
0.8551369739080086
0.8392156862745098
0.8125465810872443
0.7260257657264227
0.7018496074195079
0.8480392156862745
0.7893881535194045
0.7302156667212407
0.7388816096627961
0.722594657280625
0.7453063227926779
0.7256983914613659
0.775806165411108
0.7494701518897916
0.7299832529712063
0.7761736975255412
0.716295909816756
0.7201146572293304
0.7708911536986913
0.7312468494056557
0.7209487856907486
0.716299323672575
0.7548164207780305
0.8083115739138642
0.7675152195862184
0.7333961294742251
0.748706826633664
0.7553137973877996
0.74550892830437
0.7555578981891442
0.7739795061313623
0.7468795590857513
0.6706454813158433
0.722990561126327
0.7337023935314926
0.6966108348599843
0.7122056724937567
0.65596630342869
0.6389155084978425
0.640770949140215
0.6114680968372512
0.6695829719968824
0.6439246618742762
0.6400056463741048
0.6925232491878205
0.6265053837732119
0.63736251781421
0.6240028118309919
0.6026477123107308
0.6611931202600216
0.6385504087193461
0.6459355464658604
0.7059794854741333
0.6518265988364399
0.6678418206570377
0.6750729004944057
0.667129241580674
0.6622583702528158
0.6372529785733602
0.6708568238905944
0.668749931949087
0.6926651028509563
0.7446653734238603
0.6916109314789387
0.7362378291722659
0.6996292272019535
0.6810454808143148
0.7463731746373174
0.7312298776561494
0.7366544170978192
0.6933158882757836
0.7549757484529186
0.0
0.0
0.0
0.0
0.0
0.0
0.0
0.0
0.0
0.0
0.0
0.0
0.0
0.0
0.0
0.0
0.0
0.0
0.0
0.0
0.0
0.0
0.0
0.0
0.0
0.837343802156655
0.8171866565907373
0.8357538542704731
0.8350332525807397
0.8599084471223444
0.8712557648410689
0.8437054631828979
0.836919983663724
0.853049542212875
0.8046421070382805
0.8966711073175012
0.8850934863420755
0.8959050630440722
0.8706830669230212
0.8677785634072287
0.8010664776434389
0.8317711304914825
0.8491324445635425
0.8289710589490531
0.8111512166121704
0.8767347077692785
0.8752705397160824
0.9125745103604882
0.9615074393780783
0.8862163582228968
0.8283100805340852
0.8948114521014927
0.8721270336489958
0.8875915463486085
0.8501394230359259
0.8534553164107936
0.8648630896178005
0.8835978835978836
0.9142162818955043
0.858161268924286
0.8537682789651294
0.8446197249921632
0.8636069922459529
0.8342077649527807
0.8390272447205824
0.8217830074117499
0.8946525339967963
0.8671114270298972
0.7834584405008587
0.8117256354579129
0.885781978404084
0.9385987841176421
0.917144807016657
0.8670167725822592
0.8126967015005825
0.8750600672753484
0.8635026749635629
0.8417100546819811
0.8132004444942156
0.8236811695466394
0.819378087660197
0.7531429263607812
0.8452516014172761
0.89694479247895
0.8294410413476263
0.805982856045873
0.8316787340449354
0.8551513375476201
0.7855260490573688
0.861142897176619
0.8702365487682506
0.8319944169964393
0.8147811577058967
0.8379449111154522
0.8699470098410296
0.916030534351145
0.8160055256424344
0.8784904561159346
0.9101972232594453
0.8929389421862137
0.9076384114199653
0.9329608938547486
0.9074263116012508
0.8380263014211503
0.9158866552096239
0.8656831991403219
0.8554272214201338
0.9010238907849829
0.8969580573232857
0.8231020085672014
0.8995348078021709
0.9004092769440655
0.8855210898251981
0.8762958045478089
0.8604888374197606
0.8160111274244649
0.8634894216304452
0.8630993859598783
0.8771817216777347
0.9162664265225802
0.8536383571767088
0.8954148595058677
0.8854174154028001
0.8479616841167298
0.8582102146330987
0.9254275530558189
0.917596135140393
0.9190432382704692
0.8480629965548759
0.9143532191376255
0.869686326753058
0.8956167420678911
0.859112593279397
0.8626063389294587
0.8811328068588627
0.8812122128174124
0.9010356818301302
0.9585455483205467
0.9459218730118336
0.8876417910447761
0.9357372826786864
0.8594669644743593
0.8950462060727982
0.9151591370803909
0.8385161986083822
0.8750414318859795
0.9293915709833853
0.8819801450153911
0.9191447530105677
0.9443566047467258
0.8799712526010546
0.9132776520177972
0.8607710680024909
0.9443589255755228
0.9325124036104967
0.8802206331643354
0.896483865813353
0.9079958845327021
0.9502840784739427
0.9234054136822226
0.9150091025554582
0.9624640742407978
0.9721821374550133
0.9432115644330327
0.921591405290953
0.9260669367566424
