1,1718,760,302,896
2,1716,733,301,906
3,1724,739,298,921
4,1721,742,313,901
5,1720,730,312,915
6,1723,723,325,926
7,1726,731,315,911
8,1734,724,297,911
9,1738,734,310,910
10,1740,742,300,903
11,1739,747,306,899
12,1746,742,296,886
13,1740,746,305,902
14,1752,752,300,899
15,1750,739,301,904
16,1755,740,307,910
17,1754,739,320,904
18,1755,739,307,915
19,1766,720,302,909
20,1766,730,312,913
21,1755,737,334,912
22,1772,733,309,912
23,1782,741,302,907
24,1777,737,305,901
25,1780,723,316,901
26,1785,733,329,928
27,1794,737,307,898
28,1792,722,326,915
29,1812,743,304,915
30,1812,718,314,922
31,1807,735,318,927
32,1821,713,323,912
33,1826,708,311,944
34,1833,714,308,924
35,1829,705,324,936
36,1838,702,321,959
37,1847,698,320,947
38,1849,705,335,939
39,1852,691,339,954
40,1854,679,345,968
41,1864,692,332,955
42,1850,678,376,961
43,1865,685,348,928
44,1875,687,344,958
45,1879,674,348,977
46,1887,680,345,956
47,1876,679,369,962
48,1893,674,359,968
49,1885,662,381,968
50,1892,665,372,959
51,1897,651,376,982
52,1911,671,363,967
53,1909,656,388,976
54,1913,670,380,969
55,1918,687,387,947
56,1927,666,377,965
57,1934,656,379,993
58,1942,669,371,961
59,1940,660,393,978
60,1956,671,377,970
61,1964,663,386,989
62,1971,638,401,1004
63,1988,675,406,965
64,1999,664,406,964
65,1999,682,458,959
66,2000,673,477,947
67,2011,663,491,968
68,2036,673,470,985
69,2049,653,457,949
70,2076,687,430,965
71,2088,697,444,941
72,2113,682,439,955
73,2129,692,422,950
74,2162,687,398,932
75,2169,689,405,937
76,2199,686,392,932
77,2217,678,387,939
78,2248,691,362,909
79,2250,691,365,914
80,2277,697,355,887
81,2291,691,346,911
82,2304,679,347,942
83,2316,667,349,960
84,2288,677,399,970
85,2336,688,360,946
86,2347,673,364,974
87,2345,668,382,982
88,2371,672,375,962
89,2385,678,370,974
90,2402,670,369,965
91,2408,667,377,984
92,2428,667,362,962
93,2441,654,369,981
94,2460,681,371,955
95,2450,639,414,982
96,2519,659,336,957
97,2523,649,368,997
98,2557,632,344,972
99,2578,639,354,1001
100,2588,623,376,997
101,2609,637,378,992
102,2635,610,371,1019
103,2670,600,371,1045
104,2675,602,400,1032
105,2704,602,393,1018
106,2735,621,377,1010
107,2756,581,364,1043
108,2775,593,365,1062
109,2789,586,367,1050
110,2806,587,373,1041
111,2838,573,350,1048
112,2861,577,349,1052
113,2872,584,352,1035
114,2882,583,371,1051
115,2904,576,395,1061
116,2933,559,353,1108
117,2964,571,359,1079
118,2979,581,376,1071
119,2999,582,387,1059
120,3021,582,395,1055
121,3059,579,361,1035
122,3085,588,356,1043
123,3126,588,350,1030
124,3166,591,335,1048
125,3182,586,348,1022
126,3199,577,357,1022
127,3198,577,430,1011
128,3220,590,424,1039
129,3245,577,410,1035
130,3269,572,413,1056
131,3294,582,403,1037
132,3306,564,420,1028
133,3326,601,414,1001
134,3370,574,390,999
135,3392,605,360,1013
136,3414,599,366,985
137,3434,590,341,990
138,3460,569,334,998
139,3468,595,341,975
140,3473,596,347,964
141,3490,579,347,963
142,3525,598,316,961
143,3527,604,318,944
144,3543,599,309,945
145,3561,607,298,970
146,3592,602,261,954
147,3616,600,245,934
148,3623,597,242,952
149,3652,606,210,938
150,3663,618,197,919
151,3684,623,184,898
152,3710,644,159,878
153,3703,625,192,842
154,3718,673,180,781
155,3726,614,193,737
156,3776,624,239,743
157,3776,624,239,743
158,3776,624,239,743
159,3776,624,239,743
160,3776,624,239,743
161,3776,624,239,743
162,3776,624,239,743
163,3776,624,239,743
164,3776,624,239,743
165,3776,624,239,743
166,3776,624,239,743
167,3776,624,239,743
168,3776,624,239,743
169,3776,624,239,743
170,3776,624,239,743
171,3776,624,239,743
172,3776,624,239,743
173,3776,624,239,743
174,3776,624,239,743
175,3776,624,239,743
176,3776,624,239,743
177,3776,624,239,743
178,3776,624,239,743
179,3776,624,239,743
180,3776,624,239,743
181,3776,624,239,743
182,3776,624,239,743
183,3776,624,239,743
184,3776,624,239,743
185,3776,624,239,743
186,3776,624,239,743
187,3776,624,239,743
188,3776,624,239,743
189,3776,624,239,743
190,3776,624,239,743
191,3776,624,239,743
192,3776,624,239,743
193,3776,624,239,743
194,3776,624,239,743
195,3776,624,239,743
196,3776,624,239,743
197,3776,624,239,743
198,3776,624,239,743
199,3776,624,239,743
200,3776,624,239,743
201,3776,624,239,743
202,3776,624,239,743
203,3776,624,239,743
204,3776,624,239,743
205,3776,624,239,743
206,3776,624,239,743
207,3776,624,239,743
208,3776,624,239,743
209,3776,624,239,743
210,3776,624,239,743
211,3776,624,239,743
212,3776,624,239,743
213,3776,624,239,743
214,3776,624,239,743
215,3776,624,239,743
216,3776,624,239,743
217,3776,624,239,743
218,3776,624,239,743
219,3776,624,239,743
220,3776,624,239,743
221,3776,624,239,743
222,3776,624,239,743
223,3776,624,239,743
224,3776,624,239,743
225,3776,624,239,743
226,3776,624,239,743
227,3776,624,239,743
228,3776,624,239,743
229,3776,624,239,743
230,3776,624,239,743
231,3776,624,239,743
232,3776,624,239,743
233,3776,624,239,743
234,3776,624,239,743
235,3776,624,239,743
236,3776,624,239,743
237,3776,624,239,743
238,3776,624,239,743
239,3776,624,239,743
240,3776,624,239,743
241,3776,624,239,743
242,3776,624,239,743
243,3776,624,239,743
244,3776,624,239,743
245,3776,624,239,743
246,3776,624,239,743
247,3776,624,239,743
248,3776,624,239,743
249,3776,624,239,743
250,3776,624,239,743
251,3776,624,239,743
252,3776,624,239,743
253,3776,624,239,743
254,3776,624,239,743
255,3776,624,239,743
256,3776,624,239,743
257,3776,624,239,743
258,3776,624,239,743
259,3776,624,239,743
260,3776,624,239,743
261,3776,624,239,743
262,3776,624,239,743
263,3776,624,239,743
264,3776,624,239,743
265,3776,624,239,743
266,3776,624,239,743
267,3776,624,239,743
268,3776,624,239,743
269,3776,624,239,743
270,3776,624,239,743
271,3776,624,239,743
272,3776,624,239,743
273,3776,624,239,743
274,3776,624,239,743
275,3776,624,239,743
276,3776,624,239,743
277,3776,624,239,743
278,3776,624,239,743
279,3776,624,239,743
280,3776,624,239,743
281,3776,624,239,743
282,3776,624,239,743
283,3776,624,239,743
284,3776,624,239,743
285,3776,624,239,743
286,3776,624,239,743
287,3776,624,239,743
288,3776,624,239,743
289,3776,624,239,743
290,3776,624,239,743
291,3776,624,239,743
292,3776,624,239,743
293,3776,624,239,743
294,3776,624,239,743
295,3776,624,239,743
296,3776,624,239,743
297,3776,624,239,743
298,3776,624,239,743
299,3776,624,239,743
300,3776,624,239,743
301,3776,624,239,743
302,3776,624,239,743
303,3776,624,239,743
304,3776,624,239,743
305,3776,624,239,743
306,3776,624,239,743
307,3776,624,239,743
308,3776,624,239,743
309,3776,624,239,743
310,3776,624,239,743
311,3776,624,239,743
312,3776,624,239,743
313,3776,624,239,743
314,3776,624,239,743
315,3776,624,239,743
316,3776,624,239,743
317,3776,624,239,743
318,3776,624,239,743
319,3776,624,239,743
320,3776,624,239,743
321,3776,624,239,743
322,3776,624,239,743
323,3776,624,239,743
324,3776,624,239,743
325,3776,624,239,743
326,3776,624,239,743
327,3776,624,239,743
328,3776,624,239,743
329,3776,624,239,743
330,3776,624,239,743
331,3776,624,239,743
332,3776,624,239,743
333,3776,624,239,743
334,3776,624,239,743
335,3776,624,239,743
336,3776,624,239,743
337,3776,624,239,743
338,3776,624,239,743
339,3776,624,239,743
340,3776,624,239,743
341,3776,624,239,743
342,3776,624,239,743
343,3776,624,239,743
344,3776,624,239,743
345,3776,624,239,743
346,3776,624,239,743
347,3776,624,239,743
348,3776,624,239,743
349,3776,624,239,743
350,3776,624,239,743
351,3776,624,239,743
352,3776,624,239,743
353,3776,624,239,743
354,3776,624,239,743
355,3776,624,239,743
356,3776,624,239,743
357,3776,624,239,743
358,3776,624,239,743
359,3776,624,239,743
360,3776,624,239,743
361,3776,624,239,743
362,3776,624,239,743
363,3776,624,239,743
364,3776,624,239,743
365,3776,624,239,743
366,3776,624,239,743
367,3776,624,239,743
368,3776,624,239,743
369,3776,624,239,743
370,3776,624,239,743
371,3776,624,239,743
372,3776,624,239,743
373,3776,624,239,743
374,3776,624,239,743
375,3776,624,239,743
376,3776,624,239,743
377,3776,624,239,743
378,3776,624,239,743
379,3776,624,239,743
380,3776,624,239,743
381,3776,624,239,743
382,3776,624,239,743
383,3776,624,239,743
384,3776,624,239,743
385,3776,624,239,743
386,3776,624,239,743
387,3776,624,239,743
388,3776,624,239,743
389,3776,624,239,743
390,3776,624,239,743
391,3776,624,239,743
392,3776,624,239,743
393,3776,624,239,743
394,3776,624,239,743
395,3776,624,239,743
396,3776,624,239,743
397,3776,624,239,743
398,3776,624,239,743
399,3776,624,239,743
400,3776,624,239,743
401,3776,624,239,743
402,3776,624,239,743
403,3776,624,239,743
404,3776,624,239,743
405,3776,624,239,743
406,3776,624,239,743
407,3776,624,239,743
408,3776,624,239,743
409,3776,624,239,743
410,3776,624,239,743
411,3776,624,239,743
412,3776,624,239,743
413,3776,624,239,743
414,3776,624,239,743
415,3776,624,239,743
416,3776,624,239,743
417,3776,624,239,743
418,3776,624,239,743
419,3776,624,239,743
420,3776,624,239,743
421,3776,624,239,743
422,3776,624,239,743
423,3776,624,239,743
424,3776,624,239,743
425,3776,624,239,743
426,3776,624,239,743
427,3776,624,239,743
428,3776,624,239,743
429,3776,624,239,743
430,3776,624,239,743
431,3776,624,239,743
432,3776,624,239,743
433,3776,624,239,743
434,3776,624,239,743
435,3776,624,239,743
436,3776,624,239,743
437,3776,624,239,743
438,3776,624,239,743
439,3776,624,239,743
440,3776,624,239,743
441,3776,624,239,743
442,3776,624,239,743
443,3776,624,239,743
444,3776,624,239,743
445,3776,624,239,743
446,3776,624,239,743
447,3776,624,239,743
448,3776,624,239,743
449,3776,624,239,743
450,3776,624,239,743
451,3776,624,239,743
452,3776,624,239,743
453,3776,624,239,743
454,3776,624,239,743
455,3776,624,239,743
456,3776,624,239,743
457,3776,624,239,743
458,3776,624,239,743
459,3776,624,239,743
460,3776,624,239,743
461,3776,624,239,743
462,3776,624,239,743
463,3776,624,239,743
464,3776,624,239,743
465,3776,624,239,743
466,3776,624,239,743
467,3776,624,239,743
468,3776,624,239,743
469,3776,624,239,743
470,3776,624,239,743
471,3776,624,239,743
472,3776,624,239,743
473,3776,624,239,743
474,3776,624,239,743
475,3776,624,239,743
476,3776,624,239,743
477,3776,624,239,743
478,3037,813,295,706
479,3037,813,295,706
480,3037,813,295,706
481,3037,813,295,706
482,3037,813,295,706
483,3037,813,295,706
484,3037,813,295,706
485,3037,813,295,706
486,3037,813,295,706
487,3037,813,295,706
488,3037,813,295,706
489,3037,813,295,706
490,3037,813,295,706
491,3037,813,295,706
492,3037,813,295,706
493,3037,813,295,706
494,3037,813,295,706
495,3037,813,295,706
496,3037,813,295,706
497,3037,813,295,706
498,3037,813,295,706
499,3037,813,295,706
500,3037,813,295,706
501,3037,813,295,706
502,3037,813,295,706
503,3037,813,295,706
504,3037,813,295,706
505,3037,813,295,706
506,3037,813,295,706
507,3037,813,295,706
508,3662,655,188,735
509,3703,661,234,681
510,3685,656,226,691
511,3674,656,165,738
512,3649,671,202,714
513,3644,662,215,713
514,3640,667,207,712
515,3627,671,213,734
516,3609,667,229,707
517,3592,740,253,831
518,3570,673,260,957
519,3561,656,266,984
520,3522,652,317,987
521,3517,653,297,984
522,3511,644,313,1012
523,3482,645,331,1005
524,3469,644,325,1006
525,3451,635,340,1011
526,3456,640,324,1013
527,3439,642,320,1005
528,3420,653,323,1001
529,3399,627,340,981
530,3385,643,326,992
531,3358,638,361,1011
532,3316,640,372,995
533,3258,633,439,1008
534,3247,659,431,995
535,3193,658,477,977
536,3204,643,447,1001
537,3181,663,453,1012
538,3166,658,451,977
539,3155,683,443,982
540,3142,661,436,968
541,3139,682,412,955
542,3103,698,429,953
543,3092,669,440,965
544,3076,675,445,990
545,3054,677,450,990
546,3060,673,443,994
547,3045,681,435,991
548,3028,674,444,1007
549,3012,682,452,981
550,2997,691,470,987
551,2966,655,493,1037
552,2947,684,512,972
553,2918,699,545,950
554,2922,675,517,999
555,2942,674,485,964
556,2909,693,528,975
557,2899,672,516,980
558,2894,691,509,948
559,2895,703,477,933
560,2881,725,471,924
561,2886,700,457,930
562,2890,716,432,906
563,2875,701,435,912
564,2890,726,406,876
565,2865,677,450,929
566,2853,710,448,883
567,2870,700,417,910
568,2862,712,441,878
569,2868,704,409,888
570,2870,719,452,873
571,2869,706,412,862
572,2882,720,416,861
573,2894,732,396,850
574,2904,730,346,860
575,2910,727,342,844
576,2910,732,367,846
577,2906,739,402,857
578,2908,728,418,849
579,2922,753,360,837
580,2923,765,410,822
581,2932,753,393,796
582,2937,762,359,795
583,2953,751,345,808
584,2950,766,398,792
585,2948,767,372,778
586,2960,756,403,789
587,2968,753,352,773
588,2978,755,350,764
589,2986,766,323,766
590,2978,781,377,732
591,2986,765,333,741
592,3004,763,302,734
593,3003,786,290,735
594,3003,759,335,756
595,3013,765,308,758
596,3011,788,308,723
597,3015,797,295,724
598,3023,760,281,737
599,3022,794,286,731
600,3035,788,272,720
601,3043,789,269,706
602,3045,787,252,733
603,3050,764,248,709
604,3038,790,287,708
605,3046,778,252,715
606,3056,792,236,709
607,3057,784,242,719
608,3053,793,274,723
609,3063,777,235,711
610,3058,793,253,731
611,3062,779,244,722
612,3060,779,245,718
613,3075,783,218,708
614,3073,803,234,701
615,3076,794,226,700
616,3074,782,243,697
617,3079,792,223,693
618,3077,803,235,700
619,3083,793,236,705
620,3083,788,244,698
621,3090,791,212,703
622,3094,791,226,704
623,3088,793,256,698
624,3096,777,236,704
625,3095,775,243,708
626,3099,776,247,716
627,3106,777,230,727
628,3098,784,271,709
629,3104,779,235,714
630,3112,785,248,713
631,3111,773,243,720
632,3115,771,239,719
633,3120,764,253,721
634,3109,768,254,721
635,3127,770,241,726
636,3121,774,241,724
637,3126,773,253,725
638,3126,779,249,727
639,3126,773,257,729
640,3126,773,251,710
641,3133,781,253,721
642,3130,788,251,703
643,3137,780,260,729
644,3138,776,245,722
645,3138,771,250,733
646,3148,773,246,707
647,3142,780,265,724
648,3139,764,267,722
649,3148,779,253,720
650,3149,752,254,711
651,3160,771,243,733
652,3157,781,238,728
653,3160,772,269,730
654,3161,758,242,754
655,3150,778,293,717
656,3165,774,247,731
657,3158,770,278,729
658,3166,762,242,726
659,3165,774,275,727
660,3165,763,262,719
661,3166,769,286,732
662,3171,771,256,719
663,3174,772,277,733
664,3183,756,247,734
665,3179,778,295,749
666,3171,771,270,733
667,3186,768,250,720
668,3190,781,258,737
669,3190,775,253,711
670,3184,775,275,721
671,3194,759,249,720
672,3190,769,292,721
673,3189,778,261,730
674,3194,785,268,713
675,3202,773,241,712
676,3197,778,264,731
677,3196,771,263,727
678,3203,772,274,730
679,3208,767,250,705
680,3209,780,250,701
681,3205,789,264,712
682,3201,781,278,702
683,3206,783,267,707
684,3209,782,264,706
685,3212,784,248,700
686,3207,780,255,706
687,3211,785,249,708
688,3209,772,244,712
689,3207,797,234,720
690,3208,780,240,707
691,3202,789,253,711
692,3202,781,256,714
693,3203,789,246,708
694,3204,783,257,708
695,3201,791,255,714
696,3204,786,234,706
697,3202,777,242,709
698,3200,795,257,712
699,3196,798,283,702
700,3190,778,293,726
701,3194,773,282,732
702,3189,797,301,726
703,3195,815,280,714
704,3195,789,285,725
705,3203,776,268,716
706,3199,798,278,730
707,3201,789,278,719
708,3201,789,301,730
709,3207,785,272,737
710,3210,781,265,754
711,3217,781,250,760
712,3218,764,270,753
713,3229,769,243,767
714,3226,778,255,762
715,3229,759,270,767
716,3234,759,258,768
717,3226,782,291,752
718,3235,764,295,755
719,3231,774,304,769
720,3240,761,283,772
721,3241,767,300,771
722,3243,780,297,745
723,3250,779,303,762
724,3255,757,290,762
725,3254,779,308,777
726,3258,772,305,762
727,3256,781,305,760
728,3257,783,312,741
729,3261,776,296,756
730,3275,770,292,755
731,3264,762,320,759
732,3271,777,307,762
733,3277,763,300,750
734,3269,776,322,781
735,3281,761,297,767
736,3277,780,311,759
737,3292,746,296,754
738,3279,779,311,763
739,3289,773,296,750
740,3293,771,302,766
741,3290,765,297,770
742,3285,764,301,759
743,3294,776,295,766
744,3300,773,284,770
745,3302,774,296,754
746,3299,758,301,769
747,3305,774,298,757
748,3304,774,297,753
749,3307,780,296,756
750,3302,765,300,758
751,3312,768,297,761
752,3314,777,288,765
753,3324,766,283,757
754,3324,766,290,770
755,3318,769,296,762
756,3326,772,289,759
757,3319,771,302,760
758,3320,770,302,760
759,3326,764,296,748
760,3320,771,325,758
761,3327,783,307,756
762,3341,775,287,772
763,3342,774,289,772
764,3337,773,293,760
765,3338,778,302,762
766,3343,757,300,764
767,3330,776,332,775
768,3339,769,308,761
769,3343,766,293,763
770,3355,766,296,768
771,3352,761,286,757
772,3361,774,280,763
773,3362,779,289,753
774,3354,770,305,753
775,3361,783,299,752
776,3354,769,310,752
777,3359,774,299,757
778,3364,766,301,765
779,3369,771,292,761
780,3373,772,292,763
781,3361,770,312,766
782,3369,780,308,759
783,3374,767,298,764
784,3372,776,311,757
785,3370,775,314,758
786,3367,774,332,768
787,3379,775,313,756
788,3383,780,307,760
789,3398,769,295,753
790,3397,778,295,764
791,3397,785,303,752
792,3384,780,319,767
793,3386,774,323,757
794,3397,770,317,769
795,3402,780,300,759
796,3412,781,299,760
797,3409,772,312,761
798,3408,774,311,760
799,3399,785,325,756
800,3414,773,307,745
801,3416,770,293,760
802,3421,772,302,764
803,3421,771,303,766
804,3422,772,291,767
805,3416,773,315,762
806,3424,774,300,756
807,3418,775,316,765
808,3437,771,289,754
809,3425,760,305,766
810,3431,766,308,770
811,3435,767,294,762
812,3437,771,302,760
813,3443,765,301,768
814,3437,773,309,767
815,3440,769,292,767
816,3450,782,288,750
817,3447,774,294,759
818,3450,775,304,757
819,3452,775,302,762
820,3453,760,291,773
821,3456,773,291,772
822,3457,770,293,763
823,3456,768,297,768
824,3462,778,294,763
825,3464,761,294,771
826,3469,760,284,766
827,3466,765,294,772
828,3468,757,286,772
829,3467,758,300,787
830,3463,732,322,785
831,3461,762,315,773
832,3470,751,300,784
833,3473,736,297,777
834,3468,761,311,781
835,3476,741,311,781
836,3479,750,309,790
837,3474,751,320,781
838,3471,748,334,776
839,3475,755,314,780
840,3478,745,312,787
841,3475,738,327,789
842,3466,741,331,790
843,3479,744,317,779
844,3478,747,325,796
845,3481,747,309,785
846,3475,757,311,756
847,3479,751,315,786
848,3486,743,295,786
849,3486,754,299,783
850,3485,734,298,781
851,3480,739,306,793
852,3484,730,291,792
853,3474,725,294,797
854,3470,740,318,797
855,3481,748,260,791
856,3470,746,284,787
857,3479,745,255,799
858,3472,757,266,784
859,3476,758,242,764
860,3468,759,240,772
861,3462,770,244,766
862,3448,768,254,769
863,3450,777,245,754
864,3452,777,246,745
865,3446,780,245,747
866,3442,776,245,747
867,3447,772,236,745
868,3448,777,228,740
869,3435,788,233,747
870,3437,777,244,736
871,3434,777,232,750
872,3449,785,222,710
873,3435,782,234,717
874,3444,786,217,729
875,3434,776,243,730
876,3447,780,207,705
877,3447,797,208,699
878,3433,805,236,684
879,3445,796,220,696
880,3451,798,209,693
881,3450,794,213,689
882,3453,797,212,701
883,3469,794,197,699
884,3450,795,217,702
885,3467,799,206,690
886,3457,790,223,694
887,3462,796,219,702
888,3461,784,229,687
889,3475,792,208,695
890,3482,796,195,688
891,3479,784,201,696
892,3483,799,206,689
893,3484,790,198,697
894,3489,783,210,704
895,3494,797,195,706
896,3496,770,195,699
897,3488,803,211,702
898,3503,793,190,689
899,3492,793,209,706
900,3506,791,200,692
901,3501,776,219,707
902,3502,786,206,697
903,3515,787,189,695
904,3514,801,191,704
905,3510,785,203,703
906,3516,796,208,689
907,3513,787,212,700
908,3517,772,213,691
909,3527,793,191,702
910,3522,788,200,694
911,3536,792,186,694
912,3529,782,200,687
913,3531,792,203,697
914,3531,788,215,690
915,3531,779,225,694
916,3536,792,216,698
917,3540,797,213,675
918,3541,799,220,693
919,3543,792,235,686
920,3547,763,238,693
921,3546,787,242,692
922,3546,769,250,696
923,3552,794,251,698
924,3576,776,223,685
925,3562,790,256,681
926,3577,774,241,708
927,3580,784,241,710
928,3588,784,224,690
929,3593,779,242,695
930,3595,766,226,702
931,3601,783,235,694
932,3607,780,229,705
933,3605,783,240,680
934,3610,761,236,688
935,3626,783,222,691
936,3631,768,215,688
937,3632,791,217,691
938,3633,777,213,701
939,3645,784,204,692
940,3647,793,201,681
941,3644,803,207,663
942,3643,804,207,669
943,3649,797,207,680
944,3655,786,193,664
945,3668,798,181,666
946,3673,807,182,676
947,3663,783,195,678
948,3672,798,181,688
949,3671,785,189,685
950,3685,799,168,676
951,3686,791,165,665
952,3684,792,172,677
953,3697,799,153,691
954,3692,793,159,669
955,3699,810,153,661
956,3704,813,147,659
957,3709,811,143,663
958,3713,811,138,661
959,3715,818,135,650
960,3715,808,135,658
961,3713,815,140,652
962,3717,820,133,640
963,3721,811,133,664
964,3721,811,129,657
965,3727,817,118,655
966,3730,819,115,650
967,3731,823,116,643
968,3730,825,118,642
969,3728,831,123,626
970,3729,829,120,628
971,3734,823,115,642
972,3734,820,112,650
973,3737,827,113,643
974,3738,830,113,644
975,3743,838,105,624
976,3742,814,114,676
977,3741,833,121,639
978,3748,852,107,619
979,3751,861,105,602
980,3753,856,106,613
981,3752,830,109,645
982,3751,849,113,626
983,3759,856,108,612
984,3761,862,110,597
985,3762,862,116,605
986,3762,864,123,602
987,3763,864,124,602
988,3767,865,119,605
989,3766,866,111,597
990,3772,880,112,583
991,3772,866,106,563
992,3775,881,109,558
993,3772,867,117,544
994,3775,875,104,553
995,3776,870,95,548
996,3777,865,100,546
997,3782,893,101,528
998,3779,874,91,535
999,3777,846,109,546
1000,3775,889,102,523
1001,3768,856,120,532
1002,3781,874,111,560
1003,3783,881,102,550
1004,3785,889,110,536
1005,3786,878,118,554
1006,3788,885,113,535
1007,3793,890,98,518
1008,3801,848,99,515
1009,3801,848,99,515
1010,3801,848,99,515
1011,3801,848,99,515
1012,3801,848,99,515
1013,3801,848,99,515
1014,3801,848,99,515
1015,3801,848,99,515
1016,3801,848,99,515
1017,3801,848,99,515
1018,3801,848,99,515
1019,3801,848,99,515
1020,3801,848,99,515
1021,3801,848,99,515
1022,3801,848,99,515
1023,3801,848,99,515
1024,3801,848,99,515
1025,3801,848,99,515
1026,3801,848,99,515
1027,3801,848,99,515
1028,3801,848,99,515
1029,3801,848,99,515
1030,3801,848,99,515
1031,3801,848,99,515
1032,3801,848,99,515
1033,3801,848,99,515
1034,3801,848,99,515
1035,3801,848,99,515
1036,3801,848,99,515
1037,3801,848,99,515
1038,3801,848,99,515
1039,3801,848,99,515
1040,3801,848,99,515
1041,3801,848,99,515
1042,3801,848,99,515
1043,3801,848,99,515
1044,3801,848,99,515
1045,3801,848,99,515
1046,3801,848,99,515
1047,3801,848,99,515
1048,3801,848,99,515
1049,3801,848,99,515
1050,3801,848,99,515
1051,3801,848,99,515
1052,3801,848,99,515
1053,3801,848,99,515
1054,3801,848,99,515
1055,3801,848,99,515
1056,3801,848,99,515
1057,3801,848,99,515
1058,3801,848,99,515
1059,3801,848,99,515
1060,3801,848,99,515
1061,3801,848,99,515
1062,3801,848,99,515
1063,3801,848,99,515
1064,3801,848,99,515
1065,3801,848,99,515
1066,3801,848,99,515
1067,3801,848,99,515
1068,3801,848,99,515
1069,3801,848,99,515
1070,3801,848,99,515
1071,3801,848,99,515
1072,3801,848,99,515
1073,3801,848,99,515
1074,3801,848,99,515
1075,3801,848,99,515
1076,3801,848,99,515
1077,3801,848,99,515
1078,3801,848,99,515
1079,3801,848,99,515
1080,3801,848,99,515
1081,3801,848,99,515
1082,3801,848,99,515
1083,3801,848,99,515
1084,3801,848,99,515
1085,3801,848,99,515
1086,3801,848,99,515
1087,3801,848,99,515
1088,3801,848,99,515
1089,3801,848,99,515
1090,3801,848,99,515
1091,3801,848,99,515
1092,3801,848,99,515
1093,3801,848,99,515
1094,3801,848,99,515
1095,3801,848,99,515
1096,3801,848,99,515
1097,3801,848,99,515
1098,3801,848,99,515
1099,3801,848,99,515
1100,3801,848,99,515
1101,3801,848,99,515
1102,3801,848,99,515
1103,3801,848,99,515
1104,3801,848,99,515
1105,3801,848,99,515
1106,3801,848,99,515
1107,3801,848,99,515
1108,3801,848,99,515
1109,3801,848,99,515
1110,3801,848,99,515
1111,3801,848,99,515
1112,3801,848,99,515
1113,3801,848,99,515
1114,3801,848,99,515
1115,3801,848,99,515
1116,3801,848,99,515
1117,3801,848,99,515
1118,3801,848,99,515
1119,3801,848,99,515
1120,3801,848,99,515
1121,3801,848,99,515
1122,3801,848,99,515
1123,3801,848,99,515
1124,3801,848,99,515
1125,3801,848,99,515
1126,3801,848,99,515
1127,3801,848,99,515
1128,3801,848,99,515
1129,3801,848,99,515
1130,3801,848,99,515
1131,3801,848,99,515
1132,3801,848,99,515
1133,3801,848,99,515
1134,3801,848,99,515
1135,3801,848,99,515
1136,3801,848,99,515
1137,3801,848,99,515
1138,3801,848,99,515
1139,3801,848,99,515
1140,3801,848,99,515
1141,3801,848,99,515
1142,3801,848,99,515
1143,3801,848,99,515
1144,3801,848,99,515
1145,3801,848,99,515
1146,3801,848,99,515
1147,3801,848,99,515
1148,3801,848,99,515
1149,3801,848,99,515
1150,3801,848,99,515
1151,3801,848,99,515
1152,3801,848,99,515
1153,3801,848,99,515
1154,3801,848,99,515
1155,3801,848,99,515
1156,3801,848,99,515
1157,3801,848,99,515
1158,3801,848,99,515
1159,3801,848,99,515
1160,3801,848,99,515
1161,3801,848,99,515
1162,3801,848,99,515
1163,3801,848,99,515
1164,3801,848,99,515
1165,3801,848,99,515
1166,3801,848,99,515
1167,3801,848,99,515
1168,3801,848,99,515
1169,3801,848,99,515
