1.0
0.7090618762475049
0.6684744164112237
0.7213740458015268
0.7749714844386508
0.7211205539817438
0.7389877778689197
0.8678433060697374
0.8678433060697374
0.851557727550397
0.6964705882352941
0.4354731965585705
0.4412063707217892
0.5524821662541854
0.5690376569037657
0.5700955019319093
0.559094719195306
0.6123986918811318
0.6157306529837633
0.5872581857953381
0.5737704918032787
0.5151760420882234
0.5014815302561402
0.5064110866468075
0.5143798302293171
0.40064620355411956
0.38830006882312457
0.4825676526117055
0.5814983888292159
0.45390070921985815
0.5319589004536963
0.5154843241172339
0.5231889612878498
0.5390625
0.510435931307794
0.5363300062818455
0.5037031957207516
0.5070868308793175
0.5211111111111111
0.5024469820554649
0.5157651535743408
0.4618068535825545
0.4507920973759863
0.513051305130513
0.5247730220492867
0.5085721764166994
0.5133254562163582
0.5107202465014764
0.5239567233384853
0.4952572397763679
0.47554152919236836
0.4427050720100188
0.0
0.0
0.0
0.0
0.0
0.0
0.0
0.0
0.0
0.0
0.0
0.0
0.0
0.0
0.0
0.0
0.0
0.0
0.0
0.0
0.0
0.0
0.0
0.0
0.0
0.0
0.0
0.0
0.0
0.0
0.0
0.0
0.0
0.0
0.0
0.0
0.0
0.0
0.0
0.0
0.0
0.0
0.0
0.0
0.0
0.0
0.0
0.0
0.0
0.0
0.0
0.0
0.0
0.0
0.0
0.0
0.0
0.0
0.0
0.0
0.0
0.0
0.0
0.0
0.0
0.0
0.0
0.0
0.0
0.0
0.0
0.0
0.0
0.0
0.0
0.0
0.0
0.0
0.0
0.0
0.0
0.0
0.0
0.0
0.0
0.0
0.0
0.0
0.0
0.0
0.0
0.0
0.0
0.0
0.0
0.0
0.0
0.0
0.0
0.0
0.0
0.0
0.0
0.0
0.0
0.0
0.0
0.0
0.0
0.0
0.0
0.0
0.0
0.0
0.0
0.0
0.0
0.0
0.0
0.0
0.0
0.0
0.0
0.0
0.0
0.0
0.0
0.0
0.0
0.0
0.0
0.0
0.0
0.0
0.0
0.0
0.0
0.0
0.0
0.0
0.0
0.0
0.0
0.0
0.0
0.0
0.0
0.0
0.0
0.0
0.0
0.0
0.0
0.0
0.0
0.0
0.0
0.0
0.0
0.0
0.0
0.0
0.0
0.0
0.0
0.0
0.0
0.0
0.0
0.0
0.0
0.0
0.0
0.0
0.0
0.0
0.0
0.0
0.0
0.0
0.0
0.0
0.0
0.0
0.0
0.0
0.4761550479875009
0.4653799019607843
0.45765345765345766
0.4559956843403206
0.0
0.0
0.0
0.0
0.0
0.0
0.39206655771802107
0.43776956253850896
0.45016701623553174
0.6922211507553842
0.6709044956728192
0.5665606162089752
0.5665606162089752
0.5276352864677407
0.5455189514700673
0.5449826989619377
0.5852517451358978
0.5839432581302346
0.5304753572470108
0.5410044500953591
0.5279350233817376
0.5199523525908278
0.4683688404618637
0.4683688404618637
0.21319287684976174
0.5523615457390292
0.52
0.5504300234558248
0.5612926199590492
0.5724401378924812
0.5413049315313703
0.5397590361445783
0.559262510974539
0.5344580345845634
0.5401905692645981
0.6454104148278905
0.5964138529390499
0.5768500948766604
0.4901512988866686
0.5044580663137365
0.4559075049599781
0.5106189320388349
0.5108359133126935
0.49670886075949366
0.5086479902557857
0.49879792483866886
0.4984399375975039
0.4984399375975039
0.5076923076923077
0.5036693219594807
0.6148871766648322
0.6067415730337079
0.5834242093784079
0.5426209513484211
0.5633303808680248
0.5312416053296083
0.0
0.0
0.48285220824080927
0.0
0.0
0.0
0.0
0.49627613864222286
0.4211935128326248
0.42573574494175354
0.42315005545872286
0.43417584121569236
0.4345053017619389
0.406933097814087
0.0
0.0
0.0
0.0
0.0
0.0
0.0
0.0
0.0
0.0
0.0
0.0
0.0
0.0
0.0
0.0557443915703603
0.05388912359761536
0.050060538325416785
0.06349475110057569
0.0
0.0
0.0
0.0
0.0
0.0
0.0
0.0
0.0
0.0
0.0
0.0
0.0
0.0
0.0
0.0
0.0
0.0
0.0
0.0
0.0
0.0
0.0
0.0
0.0
0.0
0.0
0.0
0.0
0.0
0.0
0.0
0.0
0.0
0.0
0.0
0.0
0.0
0.0
0.0
0.0
0.0
0.0
0.0
0.0
0.0
0.0
0.0
0.0
0.0
0.0
0.0
0.0
0.0
0.0
0.0
0.0
0.0
0.0
0.6495769039323046
0.5892152564664621
0.595381101429659
0.6086919616331381
0.5402499476366683
0.5324630234011527
0.7394245659792974
0.7797335486475575
0.7727166184858192
0.7524502055011065
0.5105292324743697
0.5032386990077178
0.5009915885933119
0.5107193901858028
0.524120845089808
0.5518406419370733
0.5382201939532231
0.5823976819992757
0.5875063410392057
0.6109979633401222
0.12601980198019802
0.11817116060961314
0.12371134020618557
0.13076800255468626
0.11757208857734587
0.11954384585135666
0.4333087693441415
0.4164756446991404
0.4101040118870728
0.0
0.3811136989201779
0.42159572507831217
0.4128978224455611
0.35238349579383094
0.3631847661101145
0.35301403798513625
0.0
0.3224871134020619
0.305429178040643
0.29080890793602204
0.2885814201003497
0.2934572756524848
0.3
0.29492742780188536
0.30202790162519777
0.30446725459014023
0.0
0.0
0.0
0.0
0.0
0.0
0.0
0.0
0.0
0.0
0.0
0.0
0.0
0.0
