1.0
0.7090618762475049
0.6684744164112237
0.7213740458015268
0.7749714844386508
0.7211205539817438
0.7389877778689197
0.8678433060697374
0.8678433060697374
0.851557727550397
0.6964705882352941
0.4354731965585705
0.4412063707217892
0.5524821662541854
0.5690376569037657
0.5700955019319093
0.559094719195306
0.6123986918811318
0.6157306529837633
0.5872581857953381
0.5737704918032787
0.5151760420882234
0.5014815302561402
0.5064110866468075
0.5143798302293171
0.40064620355411956
0.38830006882312457
0.4825676526117055
0.5814983888292159
0.45390070921985815
0.5319589004536963
0.5154843241172339
0.5231889612878498
0.5390625
0.510435931307794
0.5363300062818455
0.5037031957207516
0.5070868308793175
0.5211111111111111
0.5024469820554649
0.5157651535743408
0.4618068535825545
0.4507920973759863
0.513051305130513
0.5247730220492867
0.5085721764166994
0.5133254562163582
0.5107202465014764
0.5239567233384853
0.4952572397763679
0.47554152919236836
0.4427050720100188
0.0
0.0
0.0
0.0
0.0
0.0
0.0
0.0
0.0
0.0
0.0
0.0
0.0
0.0
0.0
0.0
0.0
0.0
0.0
0.0
0.0
0.0
0.0
0.0
0.0
0.0
0.0
0.0
0.0
0.0
0.0
0.0
0.0
0.0
0.0
0.0
0.0
0.0
0.0
0.0
0.0
0.0
0.0
0.0
0.0
0.0
0.0
0.0
0.0
0.0
0.0
0.0
0.0
0.0
0.0
0.0
0.0
0.0
0.0
0.0
0.0
0.0
0.0
0.0
0.0
0.0
0.0
0.0
0.0
0.0
0.0
0.0
0.0
0.0
0.0
0.0
0.0
0.0
0.0
0.0
0.0
0.0
0.0
0.0
0.0
0.0
0.0
0.0
0.0
0.0
0.0
0.0
0.0
0.0
0.0
0.0
0.0
0.0
0.0
0.0
0.0
0.0
0.0
0.0
0.0
0.0
0.0
0.0
0.0
0.0
0.0
0.0
0.0
0.0
0.0
0.0
0.0
0.0
0.0
0.0
0.0
0.0
0.0
0.0
0.0
0.0
0.0
0.0
0.0
0.0
0.0
0.0
0.0
0.0
0.0
0.0
0.0
0.0
0.0
0.0
0.0
0.0
0.0
0.0
0.0
0.0
0.0
0.0
0.0
0.0
0.0
0.0
0.0
0.0
0.0
0.0
0.0
0.0
0.0
0.0
0.0
0.0
0.0
0.0
0.0
0.0
0.0
0.0
0.0
0.0
0.0
0.0
0.0
0.0
0.0
0.0
0.0
0.0
0.0
0.0
0.0
0.0
0.0
0.0
0.0
0.0
0.4761550479875009
0.4653799019607843
0.45765345765345766
0.4559956843403206
0.0
0.0
0.0
0.0
0.0
0.0
0.39206655771802107
0.43776956253850896
0.5632101765168298
0.6922211507553842
0.6709044956728192
0.6536750038361209
0.5665606162089752
0.5276352864677407
0.5455189514700673
0.5449826989619377
0.5852517451358978
0.4551375997394561
0.5528215706497717
0.4592833876221498
0.51
0.49357979398899393
0.49119842275735814
0.4822228443449048
0.5018658029993663
0.5208785702355103
0.5531201650335225
0.5552537025676978
0.5606972773834127
0.5580939947780679
0.6132127408572552
0.6082706183567383
0.6476623977781206
0.54702300405954
0.46778401454660445
0.6454104148278905
0.5964138529390499
0.5052312357846853
0.5675603574763238
0.7116872379377547
0.48878544223444775
0.7144990294161565
0.5108359133126935
0.49670886075949366
0.5086479902557857
0.49879792483866886
0.4984399375975039
0.4984399375975039
0.5076923076923077
0.5036693219594807
0.6148871766648322
0.6067415730337079
0.5834242093784079
0.5426209513484211
0.4892920401481402
0.5012165450121655
0.4617744409461532
0.4447922031615229
0.44618177317546104
0.48285220824080927
0.49133818729600803
0.48490408673894914
0.46984607620489527
0.4777949966792119
0.46195195699647235
0.47899728997289975
0.4469370146678171
0.0
0.4384919689242648
0.41450690937343915
0.0
0.0
0.0
0.0
0.0
0.0
0.0
0.0
0.0
0.0
0.0
0.0
0.0
0.0
0.0
0.09546925566343042
0.09813796608603244
0.08771529078532596
0.09080972000336332
0.0
0.0
0.0
0.0
0.0
0.0
0.0
0.0
0.0
0.0
0.0
0.0
0.0
0.0
0.0
0.0
0.0
0.0
0.0
0.0
0.0
0.0
0.0
0.0
0.0
0.0
0.0
0.0
0.0
0.0
0.0
0.0
0.0
0.0
0.0
0.0
0.0
0.0
0.0
0.0
0.0
0.0
0.0
0.0
0.0
0.0
0.0
0.0
0.0
0.0
0.0
0.0
0.0
0.0
0.0
0.0
0.0
0.0
0.0
0.6495769039323046
0.6056091814243368
0.628321211221612
0.6524668713034364
0.7231239708303928
0.5128346294129792
0.7093311974369243
0.7565382786495483
0.7569304630633421
0.42643278391047934
0.42230347349177333
0.4222541386348174
0.4189291101055807
0.42619244970235853
0.43587219866747423
0.6024653312788906
0.5493348509639325
0.5614954329816612
0.5665433735780585
0.5989836968028796
0.5900728913571677
0.5163265306122449
0.4784471565827058
0.4704510108864697
0.4949983654789147
0.4989991605862982
0.49441981348417674
0.41374856486796785
0.39108765757842273
0.463609756097561
0.48917073170731706
0.45239137230384496
0.44947994056463597
0.3536487570168404
0.35591116016002206
0.34803112473473236
0.37435008665511266
0.3500563697857948
0.40470782572785463
0.28633224557941866
0.40288401253918493
0.0
0.0
0.0
0.0
0.0
0.0
0.0
0.0
0.0
0.0
0.0
0.0
0.0
0.0
0.0
0.0
0.0
0.0
0.0
