1,1012,369,16,69
2,1266,464,16,86
3,1262,464,19,86
4,1258,464,20,86
5,1252,464,20,86
6,1248,464,20,86
7,1238,456,20,86
8,1238,464,20,86
9,1234,464,20,86
10,1230,464,20,86
11,1228,464,20,86
12,1232,456,20,86
13,1226,464,20,86
14,1226,464,20,86
15,1232,448,20,86
16,1230,464,20,86
17,1230,464,20,86
18,1224,464,20,86
19,1222,464,20,86
20,1226,448,20,86
21,1224,448,20,86
22,1222,448,20,86
23,1222,448,20,86
24,1220,448,20,86
25,1218,448,20,86
26,1216,448,20,86
27,1218,464,20,86
28,1214,464,20,86
29,1214,464,20,86
30,1212,464,20,86
31,1212,464,20,86
32,1205,451,24,103
33,1200,460,24,104
34,1200,460,24,104
35,1198,460,24,104
36,1200,448,20,86
37,1196,460,24,104
38,1198,448,20,86
39,1198,448,20,86
40,1196,451,24,103
41,1196,451,24,103
42,1196,448,20,86
43,1196,456,20,86
44,1196,456,20,86
45,1196,456,20,86
46,1196,456,20,86
47,1192,464,20,86
48,1192,464,20,86
49,1190,464,20,86
50,1190,464,20,86
51,1190,464,20,86
52,1190,464,20,86
53,1190,464,20,86
54,1190,464,20,86
55,1190,464,20,86
56,1190,464,20,86
57,1190,464,20,86
58,1190,464,20,86
59,1190,464,20,86
60,1190,464,20,86
61,1190,464,20,86
62,1190,464,20,86
63,1190,464,20,86
64,1190,464,20,86
65,1190,464,20,86
66,1190,464,20,86
67,1190,464,20,86
68,1190,464,20,86
69,1190,464,20,86
70,1190,464,20,86
71,1190,464,20,86
72,1190,464,20,86
73,1190,464,20,86
74,1190,464,20,86
75,1190,464,20,86
76,1190,464,20,86
77,1076,512,20,86
78,1074,512,20,86
79,1076,528,20,86
80,1068,512,20,86
81,1190,464,20,86
82,1190,464,20,86
83,1190,464,20,86
84,1190,464,20,86
85,1190,464,20,86
86,1190,464,20,86
87,1190,464,20,86
88,1190,464,20,86
89,1190,464,20,86
90,1190,464,20,86
91,1190,464,20,86
92,1190,464,20,86
93,1190,464,20,86
94,1190,464,20,86
95,1190,464,20,86
96,1190,464,20,86
97,1190,464,20,86
98,1190,464,20,86
99,1190,464,20,86
100,982,414,35,149
101,983,414,29,124
102,983,414,29,124
103,983,414,29,124
104,978,414,28,124
105,1190,464,20,86
106,968,428,35,149
107,972,428,34,149
108,972,428,34,149
109,975,398,41,178
110,975,398,41,178
111,975,428,35,149
112,1190,464,20,86
113,979,398,41,178
114,986,414,34,149
115,1190,464,20,86
116,1190,464,20,86
117,1190,464,20,86
118,1190,464,20,86
119,1190,464,20,86
120,1018,470,24,103
121,1190,464,20,86
122,1190,464,20,86
123,1190,464,20,86
124,1190,464,20,86
125,1190,464,20,86
126,1190,464,20,86
127,1190,464,20,86
128,1190,464,20,86
129,1190,464,20,86
130,1190,464,20,86
131,1190,464,20,86
132,1190,464,20,86
133,1190,464,20,86
134,1186,451,24,103
135,1117,428,35,149
136,1125,382,60,257
137,462,464,20,86
138,356,276,35,149
139,357,265,42,178
140,1194,464,20,86
141,1194,464,20,86
142,1194,464,20,86
143,1194,464,20,86
144,1194,464,20,86
145,1194,464,20,86
146,1194,464,20,86
147,1194,464,20,86
148,1194,464,20,86
149,1194,464,20,86
150,1194,464,20,86
151,1194,464,20,86
152,1194,464,20,86
153,1194,464,20,86
154,1194,464,20,86
155,1194,464,20,86
156,1194,464,20,86
157,1194,464,20,86
158,1194,464,20,86
159,1194,464,20,86
160,1194,464,20,86
161,1194,464,20,86
162,542,416,20,86
163,1194,464,20,86
164,540,416,20,86
165,540,416,20,86
166,1194,464,20,86
167,1194,464,20,86
168,1194,464,20,86
169,1194,464,20,86
170,1194,464,20,86
171,1194,464,20,86
172,1194,464,20,86
173,1194,464,20,86
174,1194,464,20,86
175,1194,464,20,86
176,1196,464,20,86
177,1194,464,20,86
178,1194,464,20,86
179,1196,464,20,86
180,1196,464,20,86
181,1194,464,20,86
182,1194,464,20,86
183,1194,464,20,86
184,442,376,20,86
185,428,331,42,179
186,1196,464,20,86
187,1196,464,20,86
188,1194,464,20,86
189,1194,464,20,86
190,1194,464,20,86
191,406,345,34,149
192,1196,464,20,86
193,1194,464,20,86
194,1194,464,20,86
195,1194,464,20,86
196,1194,464,20,86
197,1194,464,20,86
198,1194,464,20,86
199,1194,464,20,86
200,1194,464,20,86
201,1194,464,20,86
202,1194,464,20,86
203,1194,464,20,86
204,1194,464,20,86
205,1194,464,20,86
206,1194,464,20,86
207,1194,464,20,86
208,1194,464,20,86
209,1194,464,20,86
210,1194,464,20,86
211,1194,464,20,86
212,1194,464,20,86
213,295,398,42,178
214,296,381,41,178
215,301,414,35,149
216,1206,464,20,86
217,1206,464,20,86
218,1204,464,20,86
219,1204,464,20,86
220,1202,464,20,86
221,1202,464,20,86
222,1200,464,20,86
223,1200,464,20,86
224,1200,464,20,86
225,1198,464,20,86
226,1196,464,20,86
227,1196,464,20,86
228,1194,464,20,86
229,1194,464,20,86
230,1194,464,20,86
231,1194,464,20,86
232,1194,464,20,86
233,1194,464,20,86
234,1194,464,20,86
235,1194,464,20,86
236,1194,464,20,86
237,1194,464,20,86
238,1194,464,20,86
239,1194,464,20,86
240,1194,464,20,86
241,1194,464,20,86
242,1194,464,20,86
243,1194,464,20,86
244,1194,464,20,86
245,1194,464,20,86
246,1194,464,20,86
247,1194,464,20,86
248,1194,464,20,86
249,1194,464,20,86
250,1194,464,20,86
251,1194,464,20,86
252,1194,464,20,86
253,1194,464,20,86
254,1194,464,20,86
255,1194,464,20,86
256,1194,464,20,86
257,1194,464,20,86
258,1194,464,20,86
259,1194,464,20,86
260,1194,464,20,86
261,1194,464,20,86
262,1194,464,20,86
263,1194,464,20,86
264,1196,464,20,86
265,1196,464,20,86
266,1196,464,20,86
267,1196,464,20,86
268,1192,448,20,86
269,1194,464,20,86
270,1192,448,20,86
271,1194,456,20,86
272,1192,448,20,86
273,1194,464,20,86
274,1194,464,20,86
275,1194,464,20,86
276,1194,464,20,86
277,1194,464,20,86
278,1194,464,20,86
279,1194,464,20,86
280,1194,464,20,86
281,1194,464,20,86
282,1194,464,20,86
283,1194,464,20,86
284,1194,464,20,86
285,1194,464,20,86
286,1196,464,20,86
287,1196,464,20,86
288,1196,464,20,86
289,1194,464,20,86
290,1194,464,20,86
291,1194,464,20,86
292,1194,464,20,86
293,1194,464,20,86
294,1194,464,20,86
295,1194,464,20,86
296,1194,464,20,86
297,1194,464,20,86
298,1194,464,20,86
299,1194,464,20,86
300,1194,464,20,86
301,1194,464,20,86
302,1194,464,20,86
303,1194,464,20,86
304,1194,464,20,86
305,1194,464,20,86
306,1194,464,20,86
307,1194,464,20,86
308,1194,464,20,86
309,1194,464,20,86
310,1194,464,20,86
311,1194,464,20,86
312,1194,464,20,86
313,1194,464,20,86
314,1194,464,20,86
315,190,422,0,103
316,206,422,0,103
317,222,422,0,103
318,238,422,0,103
319,254,422,0,103
320,270,422,0,103
321,286,422,0,103
322,302,422,0,103
323,315,422,3,103
324,315,384,19,103
325,307,422,24,103
326,305,424,20,86
327,301,424,20,86
328,297,384,24,103
329,291,384,24,103
330,288,384,24,103
331,285,384,24,103
332,279,384,24,103
333,276,422,24,103
334,271,424,20,86
335,272,422,24,103
336,277,384,20,86
337,273,384,24,103
338,273,432,20,86
339,273,384,20,86
340,271,432,20,86
341,269,432,20,86
342,269,432,20,86
343,266,384,24,103
344,265,384,24,103
345,265,432,20,86
346,263,384,24,103
347,263,384,24,103
348,262,384,24,103
349,261,384,24,103
350,260,384,24,103
351,257,440,20,86
352,257,440,20,86
353,259,384,24,103
354,259,384,24,103
355,259,384,24,103
356,259,384,24,103
357,259,384,24,103
358,259,416,20,86
359,251,416,20,86
360,251,416,20,86
361,251,416,20,86
362,249,416,20,86
363,259,416,20,86
364,258,380,29,123
365,256,380,29,123
366,256,380,29,123
367,256,380,29,123
368,254,412,24,104
369,256,380,29,123
370,256,380,29,123
371,256,380,29,123
372,256,380,29,123
373,254,412,24,104
374,254,412,24,104
375,254,412,24,104
376,254,412,24,104
377,250,391,29,124
378,254,412,24,104
