1,1012,369,16,69
2,1010,367,18,74
3,1086,394,22,94
4,1084,400,19,81
5,1082,396,20,82
6,1081,407,20,82
7,1078,395,20,84
8,1074,406,21,84
9,1076,401,21,85
10,1072,407,25,101
11,1068,373,25,103
12,1074,399,21,86
13,1071,399,21,86
14,1071,399,21,86
15,1074,399,21,86
16,1074,399,21,86
17,1074,399,21,86
18,1069,399,21,87
19,1074,391,25,103
20,1067,407,22,86
21,1072,394,25,103
22,1072,394,25,103
23,1068,394,26,104
24,1066,394,26,104
25,1066,394,26,104
26,1072,394,25,103
27,1066,394,26,104
28,1068,394,26,104
29,1066,394,26,104
30,1063,395,26,103
31,1063,395,21,86
32,1063,395,26,103
33,1063,395,26,103
34,1057,389,30,123
35,1057,381,29,123
36,1057,381,29,123
37,1053,381,31,123
38,1053,381,31,123
39,1053,381,31,123
40,1047,392,31,123
41,1036,381,37,147
42,1036,384,37,147
43,1036,387,37,147
44,1028,378,37,147
45,1028,378,37,147
46,1032,366,37,147
47,1099,408,21,84
48,1094,391,25,101
49,1096,372,28,120
50,1096,372,29,121
51,1096,391,25,103
52,1097,394,21,86
53,1097,394,21,86
54,1097,394,21,86
55,1097,394,21,86
56,1097,394,21,86
57,1097,394,21,86
58,1097,394,21,86
59,1097,394,21,86
60,1097,394,21,86
61,1097,394,21,86
62,1097,394,21,86
63,1097,394,21,86
64,1097,394,21,86
65,1097,394,21,86
66,1097,394,21,86
67,1097,394,21,86
68,1097,394,21,86
69,1097,394,21,86
70,1097,394,21,86
71,1097,394,21,86
72,1097,394,21,86
73,1097,394,21,86
74,1097,394,21,86
75,1097,394,21,86
76,1097,394,21,86
77,1097,394,21,86
78,1097,394,21,86
79,1097,394,21,86
80,1097,394,21,86
81,1097,394,21,86
82,1097,394,21,86
83,1097,394,21,86
84,1097,394,21,86
85,1097,394,21,86
86,1097,394,21,86
87,1097,394,21,86
88,1097,394,21,86
89,1097,394,21,86
90,1097,394,21,86
91,1097,394,21,86
92,1097,394,21,86
93,1097,394,21,86
94,1097,394,21,86
95,1097,394,21,86
96,1097,394,21,86
97,1097,394,21,86
98,1097,394,21,86
99,1097,394,21,86
100,1097,394,21,86
101,1097,394,21,86
102,1097,394,21,86
103,1097,394,21,86
104,1097,394,21,86
105,1097,394,21,86
106,1097,394,21,86
107,1097,394,21,86
108,1097,394,21,86
109,1097,394,21,86
110,1097,394,21,86
111,1097,394,21,86
112,1097,394,21,86
113,1097,394,21,86
114,1097,394,21,86
115,1097,394,21,86
116,1097,394,21,86
117,1097,394,21,86
118,1097,394,21,86
119,1097,394,21,86
120,1097,394,21,86
121,1097,394,21,86
122,1097,394,21,86
123,1097,394,21,86
124,1097,394,21,86
125,1097,394,21,86
126,1097,394,21,86
127,1097,394,21,86
128,1097,394,21,86
129,1097,394,21,86
130,1097,394,21,86
131,1097,394,21,86
132,1097,394,21,86
133,1097,394,21,86
134,1097,394,21,86
135,1097,394,21,86
136,1097,394,21,86
137,1097,386,21,86
138,1097,386,21,86
139,1097,386,21,86
140,1097,386,21,86
141,1092,374,24,102
142,1097,391,21,86
143,1085,388,25,103
144,1097,391,21,86
145,1097,391,21,86
146,1097,391,21,86
147,1097,391,21,86
148,1097,391,21,86
149,1097,391,21,86
150,1097,391,21,86
151,1097,391,21,86
152,1097,391,21,86
153,1097,391,21,86
154,1097,391,21,86
155,1097,391,21,86
156,1097,391,21,86
157,1097,391,21,86
158,1097,391,21,86
159,1097,391,21,86
160,1097,391,21,86
161,1097,391,21,86
162,1097,391,21,86
163,1097,391,21,86
164,1097,391,21,86
165,1097,391,21,86
166,1097,391,21,86
167,1097,391,21,86
168,1097,391,21,86
169,1097,391,21,86
170,1097,391,21,86
171,1097,391,21,86
172,1097,391,21,86
173,1097,391,21,86
174,1089,406,22,87
175,1089,406,22,87
176,1089,406,22,87
177,1097,391,21,86
178,1097,391,21,86
179,1097,391,21,86
180,1097,391,21,86
181,1097,391,21,86
182,1097,391,21,86
183,1097,391,21,86
184,1097,391,21,86
185,1097,391,21,86
186,1097,391,21,86
187,1097,391,21,86
188,1097,391,21,86
189,1097,391,21,86
190,1097,391,21,86
191,1097,391,21,86
192,1097,391,21,86
193,1097,391,21,86
194,1097,391,21,86
195,1097,391,21,86
196,1097,391,21,86
197,1097,391,21,86
198,1097,391,21,86
199,1097,391,21,86
200,1097,391,21,86
201,1089,406,22,87
202,1097,391,21,86
203,1097,391,21,86
204,1097,391,21,86
205,1097,391,21,86
206,1097,391,21,86
207,1097,391,21,86
208,1097,391,21,86
209,1097,391,21,86
210,1097,391,21,86
211,1097,391,21,86
212,1097,391,21,86
213,1097,391,21,86
214,1097,391,21,86
215,1097,391,21,86
216,1097,391,21,86
217,1097,391,21,86
218,1097,391,21,86
219,1097,391,21,86
220,1097,391,21,86
221,1097,391,21,86
222,1097,391,21,86
223,1097,391,21,86
224,1097,391,21,86
225,1097,391,21,86
226,1097,391,21,86
227,1097,391,21,86
228,1097,391,21,86
229,1097,391,21,86
230,1097,391,21,86
231,1097,391,21,86
232,1097,391,21,86
233,1097,391,21,86
234,1097,391,21,86
235,1097,391,21,86
236,1097,391,21,86
237,1097,391,21,86
238,1097,391,21,86
239,1097,391,21,86
240,1097,391,21,86
241,1097,391,21,86
242,1097,391,21,86
243,1097,391,21,86
244,1097,391,21,86
245,1097,391,21,86
246,1097,391,21,86
247,1097,391,21,86
248,1097,391,21,86
249,1097,391,21,86
250,1097,391,21,86
251,1097,391,21,86
252,1097,391,21,86
253,1097,391,21,86
254,1097,391,21,86
255,1097,391,21,86
256,1097,391,21,86
257,1097,391,21,86
258,1097,391,21,86
259,1097,391,21,86
260,1097,391,21,86
261,1097,391,21,86
262,1089,406,22,87
263,1089,406,22,87
264,1089,406,22,87
265,1097,391,21,86
266,1097,391,21,86
267,1097,391,21,86
268,1097,391,21,86
269,1097,391,21,86
270,1097,391,21,86
271,1097,391,21,86
272,1097,391,21,86
273,1097,391,21,86
274,1097,391,21,86
275,1097,391,21,86
276,1097,391,21,86
277,1097,391,21,86
278,1097,391,21,86
279,1097,391,21,86
280,1097,391,21,86
281,1097,391,21,86
282,1097,391,21,86
283,1097,391,21,86
284,1097,391,21,86
285,1097,391,21,86
286,1097,391,21,86
287,1097,391,21,86
288,1097,391,21,86
289,1097,391,21,86
290,1097,391,21,86
291,1097,391,21,86
292,1097,391,21,86
293,1097,391,21,86
294,1097,391,21,86
295,1097,391,21,86
296,1097,391,21,86
297,1097,391,21,86
298,1097,391,21,86
299,1097,391,21,86
300,1097,391,21,86
301,1097,391,21,86
302,1097,391,21,86
303,1097,391,21,86
304,1097,391,21,86
305,1097,391,21,86
306,1097,391,21,86
307,1097,391,21,86
308,1097,391,21,86
309,1097,391,21,86
310,1097,391,21,86
311,1097,391,21,86
312,1097,391,21,86
313,1097,391,21,86
314,1097,391,21,86
315,1097,391,21,86
316,1097,391,21,86
317,1097,391,21,86
318,1097,391,21,86
319,1097,391,21,86
320,1097,391,21,86
321,1097,391,21,86
322,1097,391,21,86
323,1097,391,21,86
324,1097,391,21,86
325,1098,399,21,86
326,1097,391,21,86
327,1097,391,21,86
328,1098,399,21,86
329,1098,399,21,86
330,1098,399,21,86
331,1098,399,21,86
332,1097,391,21,86
333,1097,391,21,86
334,1097,391,21,86
335,1097,391,21,86
336,1097,391,21,86
337,1097,391,21,86
338,1097,391,21,86
339,1097,391,21,86
340,1097,391,21,86
341,1097,391,21,86
342,1097,391,21,86
343,1097,391,21,86
344,1098,399,21,86
345,1098,399,21,86
346,1098,399,21,86
347,1098,399,21,86
348,1098,399,21,86
349,1098,399,21,86
350,1097,391,21,86
351,1097,391,21,86
352,1097,391,21,86
353,1097,391,21,86
354,1097,391,21,86
355,1097,391,21,86
356,1097,391,21,86
357,1097,391,21,86
358,1097,391,21,86
359,1097,391,21,86
360,1098,399,21,86
361,1098,399,21,86
362,1098,399,21,86
363,1098,399,21,86
364,1098,399,21,86
365,1098,399,21,86
366,1097,391,21,86
367,1097,391,21,86
368,1097,391,21,86
369,1097,391,21,86
370,1097,391,21,86
371,1097,391,21,86
372,1097,391,21,86
373,1097,391,21,86
374,1097,391,21,86
375,1097,391,21,86
376,1097,391,21,86
377,1097,391,21,86
378,1097,391,21,86
