1,3268,1068,135,278
2,3248,1076,161,263
3,3246,1082,180,267
4,3245,1083,198,281
5,3245,1084,202,291
6,3238,1083,217,299
7,3244,1084,211,304
8,3240,1083,226,321
9,3246,1088,211,281
10,3253,1086,202,289
11,3261,1081,181,280
12,3259,1081,203,294
13,3255,1085,219,297
14,3256,1085,218,292
15,3259,1083,215,295
16,3262,1083,205,290
17,3265,1084,210,308
18,3262,1085,217,307
19,3264,1084,218,311
20,3267,1082,209,299
21,3270,1084,212,303
22,3276,1084,207,294
23,3271,1083,215,298
24,3278,1085,208,301
25,3279,1087,207,290
26,3280,1085,210,293
27,3289,1084,200,296
28,3287,1085,210,291
29,3288,1084,214,295
30,3291,1082,211,304
31,3300,1085,191,285
32,3289,1083,216,291
33,3302,1084,200,299
34,3299,1084,207,293
35,3306,1082,199,298
36,3307,1082,207,293
37,3301,1084,219,301
38,3304,1082,215,301
39,3307,1085,213,308
40,3307,1086,217,294
41,3310,1087,213,301
42,3319,1087,201,294
43,3315,1083,209,298
44,3322,1086,201,289
45,3320,1086,206,273
46,3329,1084,188,276
47,3328,1087,205,283
48,3320,1088,212,279
49,3327,1084,217,302
50,3328,1084,210,293
51,3337,1082,207,310
52,3335,1086,210,305
53,3335,1084,219,305
54,3346,1088,190,284
55,3341,1082,208,298
56,3349,1085,195,277
57,3350,1081,189,279
58,3352,1083,201,294
59,3351,1087,207,284
60,3353,1084,211,305
61,3351,1089,212,282
62,3359,1086,208,298
63,3360,1082,198,283
64,3371,1082,175,274
65,3368,1082,193,293
66,3363,1085,208,280
67,3362,1085,213,292
68,3374,1084,194,278
69,3373,1082,205,288
70,3363,1085,221,285
71,3377,1081,206,303
72,3382,1085,195,289
73,3384,1083,202,296
74,3386,1082,199,291
75,3379,1084,206,277
76,3387,1084,204,289
77,3385,1083,214,299
78,3391,1085,206,303
79,3388,1087,208,295
80,3395,1085,195,281
81,3396,1082,209,299
82,3398,1086,208,291
83,3400,1084,206,291
84,3399,1087,205,279
85,3408,1083,205,304
86,3404,1084,210,304
87,3411,1084,201,292
88,3412,1083,194,281
89,3414,1083,200,281
90,3416,1081,207,301
91,3418,1083,209,298
92,3411,1083,222,304
93,3413,1084,217,291
94,3423,1086,201,281
95,3419,1082,214,291
96,3427,1084,204,292
97,3429,1084,209,293
98,3428,1084,214,298
99,3432,1085,202,294
100,3434,1084,207,288
101,3441,1085,193,280
102,3440,1083,202,274
103,3440,1081,207,291
104,3441,1082,211,303
105,3443,1084,210,310
106,3451,1083,196,290
107,3450,1085,205,292
108,3454,1084,195,273
109,3454,1081,199,282
110,3456,1081,204,291
111,3451,1081,215,301
112,3463,1082,185,279
113,3468,1085,189,279
114,3460,1086,212,289
115,3462,1083,215,296
116,3462,1082,217,303
117,3468,1085,195,289
118,3465,1085,212,293
119,3479,1082,179,274
120,3477,1085,200,288
121,3481,1082,196,275
122,3478,1083,209,279
123,3484,1083,191,276
124,3487,1086,198,266
125,3483,1084,206,284
126,3482,1082,215,301
127,3489,1084,207,303
128,3493,1084,199,279
129,3496,1084,195,262
130,3500,1085,180,255
131,3494,1084,208,291
132,3501,1085,193,281
133,3506,1084,194,278
134,3506,1081,189,275
135,3505,1084,207,296
136,3513,1087,194,285
137,3510,1080,196,287
138,3517,1083,197,279
139,3511,1083,210,289
140,3514,1083,208,276
141,3511,1083,217,289
142,3517,1080,204,293
143,3515,1083,216,308
144,3513,1084,226,307
145,3521,1083,214,297
146,3526,1084,206,278
147,3529,1082,209,296
148,3533,1081,204,289
149,3534,1083,207,302
150,3541,1084,182,277
151,3540,1082,199,293
152,3537,1084,208,298
153,3550,1083,182,277
154,3544,1084,199,282
155,3544,1086,210,287
156,3542,1083,219,301
157,3555,1083,184,288
158,3551,1083,205,290
159,3552,1084,212,299
160,3553,1086,209,290
161,3565,1080,183,289
162,3562,1083,201,297
163,3568,1083,185,282
164,3572,1083,188,285
165,3565,1080,209,292
166,3569,1082,204,290
167,3573,1082,189,271
168,3579,1082,188,281
169,3572,1081,209,291
170,3579,1081,199,285
171,3581,1081,198,284
172,3580,1082,205,279
173,3583,1083,197,279
174,3585,1083,203,273
175,3590,1079,187,270
176,3588,1082,201,289
177,3589,1084,201,277
178,3596,1081,195,291
179,3595,1082,207,289
180,3592,1082,206,286
181,3597,1082,206,293
182,3600,1084,204,284
183,3602,1085,198,277
184,3607,1081,192,272
185,3604,1080,204,280
186,3615,1082,176,275
187,3616,1079,188,289
188,3617,1082,182,271
189,3617,1084,191,277
190,3620,1083,187,278
191,3619,1085,192,272
192,3630,1085,177,281
193,3627,1079,178,274
194,3627,1084,185,271
195,3629,1084,184,273
196,3635,1084,174,250
197,3630,1084,181,257
198,3631,1085,186,260
199,3633,1084,190,279
200,3646,1082,167,271
201,3643,1082,177,268
202,3637,1086,189,270
203,3646,1087,181,262
204,3650,1085,175,268
205,3653,1084,169,258
206,3648,1078,178,285
207,3654,1082,175,279
208,3663,1082,158,256
209,3668,1082,149,247
210,3666,1080,153,242
211,3670,1081,149,241
212,3666,1079,158,247
213,3669,1081,155,242
214,3667,1082,158,240
215,3676,1081,146,238
216,3677,1079,150,245
217,3679,1078,146,246
218,3678,1081,151,238
219,3684,1082,146,232
220,3684,1081,147,237
221,3689,1076,143,241
222,3692,1078,139,242
223,3690,1076,147,242
224,3692,1079,144,245
225,3696,1076,140,245
226,3699,1079,135,235
227,3705,1077,130,236
228,3708,1075,131,241
229,3708,1074,131,242
230,3705,1078,134,235
231,3705,1073,137,240
232,3712,1079,127,231
233,3708,1079,132,230
234,3718,1077,121,232
235,3709,1077,131,235
236,3719,1076,120,236
237,3717,1076,123,238
238,3725,1077,115,237
239,3728,1076,111,236
240,3733,1080,106,234
241,3721,1083,119,229
242,3729,1079,112,235
243,3731,1080,109,235
244,3737,1079,103,236
245,3737,1081,103,232
246,3733,1080,108,234
247,3737,1085,102,224
248,3737,1087,106,226
249,3739,1091,103,221
250,3742,1089,100,222
251,3742,1094,99,219
252,3746,1098,92,212
253,3749,1090,90,222
254,3749,1091,90,221
255,3749,1095,90,216
256,3752,1096,85,213
257,3751,1099,88,209
258,3755,1096,81,216
259,3757,1102,80,207
260,3772,1079,92,231
261,3762,1099,77,211
262,3759,1109,80,200
263,3761,1109,78,199
264,3766,1108,73,201
265,3766,1112,73,198
266,3767,1114,73,194
267,3769,1112,70,199
268,3771,1119,69,187
269,3773,1119,67,188
270,3775,1121,64,184
271,3780,1120,59,189
272,3780,1123,59,181
273,3784,1124,55,181
274,3786,1123,53,178
275,3788,1116,53,182
276,3791,1123,48,185
277,3792,1119,47,186
278,3794,1125,45,184
279,3797,1121,42,182
280,3799,1126,40,175
281,3800,1121,39,177
282,3802,1127,37,169
283,3806,1127,33,166
284,3809,1129,29,158
285,3811,1128,28,157
286,3811,1133,29,147
287,3813,1137,28,140
288,3814,1140,26,132
289,3816,1139,24,130
290,3817,1139,24,128
291,3819,1143,20,119
292,3820,1143,22,117
293,3822,1149,19,107
294,3824,1145,17,106
295,3793,1116,29,101
296,3787,1134,40,108
297,3781,1147,51,99
298,3796,1156,44,96
299,3777,1147,57,90
300,3790,1152,59,95
301,3791,1151,47,100
302,3783,1145,54,97
303,3790,1146,47,97
304,3780,1146,58,88
305,3779,1143,60,100
306,3793,1145,44,98
307,3799,1144,42,101
308,3789,1143,50,103
309,3801,1143,44,103
310,3787,1142,48,107
311,3795,1143,43,101
312,3799,1141,48,98
313,3793,1143,40,102
314,3797,1142,41,101
315,3804,1139,48,106
316,3795,1140,42,105
317,3807,1138,34,106
318,3800,1141,35,111
319,3804,1139,40,111
320,3800,1142,36,111
321,3797,1144,42,107
322,3793,1144,46,109
323,3794,1143,44,111
324,3792,1144,47,110
325,3796,1144,42,110
326,3796,1143,42,111
327,3800,1144,35,107
328,3802,1146,33,107
329,3805,1143,31,113
330,3807,1147,29,107
331,3809,1147,28,106
332,3806,1147,31,106
333,3796,1143,42,110
334,3786,1156,53,99
335,3791,1151,67,102
336,3778,1150,71,101
337,3784,1147,79,109
338,3775,1146,98,105
339,3772,1140,79,108
340,3775,1169,65,92
341,3787,1145,60,93
342,3786,1141,53,98
343,3792,1158,65,96
344,3789,1149,66,103
345,3787,1141,54,109
346,3792,1134,47,117
347,3795,1129,44,119
348,3799,1123,39,127
349,3802,1140,37,109
350,3803,1151,35,99
351,3803,1164,36,87
352,3794,1178,45,80
353,3791,1190,47,83
354,3795,1191,37,74
355,3801,1190,40,72
356,3798,1191,39,63
357,3797,1193,42,70
358,3799,1190,43,71
359,3802,1189,39,72
360,3804,1191,36,78
361,3807,1188,32,82
362,3810,1188,30,86
363,3812,1190,28,85
364,3815,1189,25,84
365,3817,1186,23,84
366,3819,1186,20,86
367,3822,1185,17,86
368,3824,1186,17,85
369,3825,1188,14,81
370,3824,1190,18,81
371,3828,1194,14,75
372,3830,1198,14,70
373,3830,1199,16,68
374,3826,1192,19,62
375,3828,1192,13,58
376,3778,1126,20,58
377,3773,1119,27,59
378,3778,1115,33,58
379,3776,1117,38,63
380,3776,1111,39,67
381,3774,1115,44,73
382,3775,1113,41,70
383,3785,1108,48,72
384,3784,1106,53,71
385,3785,1106,53,65
386,3781,1108,56,73
387,3784,1112,51,86
388,3786,1109,48,76
389,3788,1110,49,71
390,3790,1114,44,85
391,3791,1111,45,85
392,3795,1112,39,83
393,3797,1112,41,78
394,3800,1112,37,68
395,3805,1113,35,61
396,3806,1116,33,67
397,3806,1113,32,65
398,3809,1114,30,73
399,3812,1113,27,70
400,3814,1113,25,64
401,3815,1115,24,68
402,3815,1113,24,65
403,3820,1114,20,57
404,3820,1120,22,63
405,3819,1120,19,64
406,3825,1118,24,65
407,3822,1114,24,66
408,3823,1115,16,63
409,3807,1112,24,61
410,3805,1113,31,58
411,3807,1113,32,62
412,3807,1112,31,53
413,3808,1113,31,57
414,3816,1115,27,60
415,3814,1115,25,66
416,3817,1112,22,61
417,3819,1111,19,59
418,3820,1112,17,51
419,3824,1113,15,48
420,3827,1114,12,48
421,3828,1112,11,51
422,3829,1113,10,53
423,3829,1118,10,52
424,3828,1125,11,51
425,3822,1112,15,50
426,3821,1113,17,46
427,3816,1112,22,40
428,3825,1116,15,40
429,3827,1112,11,38
430,3826,1111,13,40
431,3822,1109,17,41
432,3826,1115,19,39
433,3795,1126,23,45
434,3799,1126,23,46
435,3796,1125,26,47
436,3805,1128,31,44
437,3801,1126,36,45
438,3793,1124,43,48
439,3788,1119,46,50
440,3791,1114,44,55
441,3792,1107,45,60
442,3785,1117,53,53
443,3792,1107,46,62
444,3791,1112,48,60
445,3791,1108,48,62
446,3792,1108,47,63
447,3794,1108,45,65
448,3796,1108,43,65
449,3798,1109,42,62
450,3801,1110,38,58
451,3803,1110,37,53
452,3804,1118,35,50
453,3807,1111,32,56
454,3808,1108,31,55
455,3810,1119,27,45
456,3812,1122,27,41
457,3815,1120,24,38
458,3818,1120,21,41
459,3818,1122,22,42
460,3820,1117,20,45
461,3823,1111,17,47
462,3825,1113,16,47
463,3826,1114,14,44
464,3828,1117,13,42
465,3831,1121,10,39
466,3833,1124,7,39
467,3826,1126,13,38
468,3827,1125,12,38
469,3828,1125,11,39
470,3830,1126,8,37
471,3829,1129,10,35
472,3828,1128,13,34
473,3828,1126,15,38
474,3830,1127,13,42
475,3830,1127,13,42
476,3820,1118,19,43
477,3815,1115,24,44
478,3811,1112,26,47
479,3817,1107,26,48
480,3818,1118,20,48
481,3816,1096,23,45
482,3816,1094,22,42
483,3813,1089,23,45
484,3822,1095,17,43
485,3813,1132,17,47
486,3816,1131,17,46
487,3819,1133,15,49
488,3820,1132,17,47
489,3822,1131,17,50
490,3823,1131,16,49
491,3824,1133,15,55
492,3826,1132,13,58
493,3827,1129,12,52
494,3828,1132,11,50
495,3828,1121,13,47
496,3830,1125,9,51
497,3830,1125,9,51
498,3830,1125,9,51
499,3830,1125,9,51
500,3830,1125,9,51
501,3830,1125,9,51
502,3830,1125,9,51
503,3830,1125,9,51
504,3830,1125,9,51
505,3830,1125,9,51
506,3830,1125,9,51
507,3830,1125,9,51
508,3830,1125,9,51
509,3830,1125,9,51
510,3830,1125,9,51
511,3830,1125,9,51
512,3830,1125,9,51
513,3817,1097,11,50
514,3822,1093,15,51
515,3819,1094,21,48
516,3816,1094,23,43
517,3814,1098,25,40
518,3811,1100,29,38
519,3812,1102,30,42
520,3816,1099,25,39
521,3818,1100,21,41
522,3819,1099,21,41
523,3822,1104,19,36
524,3823,1104,18,33
525,3826,1106,14,32
526,3827,1107,13,31
527,3829,1111,11,30
528,3829,1117,11,24
529,3832,1119,8,21
530,3827,1115,11,19
531,3828,1115,10,18
532,3830,1115,9,16
533,3832,1115,7,15
534,3834,1115,5,14
535,3835,1115,4,13
536,3828,1112,6,14
537,3829,1111,7,14
538,3830,1112,9,15
539,3829,1113,10,17
540,3830,1112,12,19
541,3832,1113,8,19
542,3834,1118,6,16
543,3835,1118,5,14
544,3832,1135,7,13
545,3831,1135,8,11
546,3831,1134,10,11
547,3831,1135,11,14
548,3833,1135,10,11
549,3829,1139,10,10
550,3829,1142,10,10
551,3830,1144,8,13
552,3833,1149,6,11
553,3832,1150,7,11
554,3832,1149,7,10
555,3835,1146,7,9
556,3833,1145,6,8
557,3833,1145,6,8
558,3833,1145,6,8
559,3833,1145,6,8
560,3833,1145,6,8
561,3833,1145,6,8
562,3833,1145,6,8
563,3833,1145,6,8
564,3833,1145,6,8
565,3833,1145,6,8
566,3833,1145,6,8
567,3833,1145,6,8
568,3833,1145,6,8
569,3833,1145,6,8
570,3833,1145,6,8
571,3833,1145,6,8
572,3833,1145,6,8
573,3833,1145,6,8
574,3834,1151,6,10
575,3833,1154,6,11
576,3834,1151,5,11
577,3836,1153,4,9
578,3836,1153,4,9
579,3836,1153,4,9
580,3835,1155,5,9
581,3835,1155,5,9
582,3830,1143,6,10
583,3830,1141,7,11
584,3828,1141,9,10
585,3827,1141,11,7
586,3828,1142,11,9
587,3828,1142,10,11
588,3830,1141,9,14
589,3829,1142,10,15
590,3830,1139,11,17
591,3830,1141,11,19
592,3830,1142,9,16
593,3831,1142,8,15
594,3830,1142,9,14
595,3831,1160,8,15
596,3830,1160,10,16
597,3828,1158,12,19
598,3830,1158,14,18
599,3822,1160,17,21
600,3824,1161,17,21
601,3826,1161,14,19
