1.0
0.8165753144260729
0.7273461150353179
0.6269907795473596
0.590776955602537
0.5398367138282038
0.5427123478894182
0.4840640673030254
0.5718460314625712
0.587565384360723
0.6952377291770765
0.5926993905236254
0.5322896281800391
0.543551880892089
0.5519361731564465
0.5878577509987557
0.5383341862075194
0.5200461199410366
0.5142035652673951
0.5632922273800034
0.5419558168429346
0.5711913126796551
0.5465172917681442
0.5523827240876817
0.5684887459807074
0.5617708267642051
0.5867261572783046
0.5655154900964957
0.5511927510324848
0.5491056464637231
0.6325244528074131
0.5568065506653019
0.5810077645300672
0.5730857353435983
0.5928411633109619
0.5799713554657955
0.5284791891372763
0.5443697605921003
0.5278658410121182
0.5391906671527524
0.5334701205437291
0.5771741969182554
0.5618075984227326
0.5903897011127189
0.6091433278418451
0.6666915191053122
0.5875218077594085
0.5731766850001627
0.5315026153114598
0.5651267142766858
0.5488882120012184
0.5371345560196114
0.5217264466064735
0.6260263747200796
0.567791536692189
0.6372757677105503
0.6688730701673292
0.591304347826087
0.5800715246563207
0.5409803832599785
0.5638800501398129
0.5544690555781187
0.6265211042347542
0.7289644012944984
0.6209617670876479
0.592503907679005
0.5559334727119544
0.6422235788415269
0.595407236081282
0.5491731270132392
0.5672709025904786
0.6116766518462569
0.5845843238138656
0.6067442212831866
0.6080511355909153
0.5890839619223295
0.5472169725050295
0.5540145531438523
0.5565874390051944
0.6285079286684423
0.5632922273800034
0.567373165819507
0.5796331107798016
0.5956371599427271
0.5614737434710537
0.5452272796561081
0.5916564660733781
0.6395439971499822
0.6208971742814651
0.5682600021991486
0.5618075984227326
0.5194895390224846
0.5510483908240768
0.6066136887977441
0.5652092089580327
0.5832056090004891
0.5677550437308528
0.5457930234687338
0.581405214894103
0.5827495193717619
0.6369909542707998
0.6301821883666233
0.5873585426442175
0.5508766030295156
0.5349525889144806
0.614100502856361
0.5769616891738722
0.6503627470589305
0.6294543429844098
0.5958035508415955
0.5475487747657751
0.6786554938329724
0.6522542971681707
0.5607405769170011
0.5501179787331842
0.535982510670573
0.6116766518462569
0.5566282375730309
0.713154978629096
0.5988772731856533
0.6506589637118614
0.599028980429451
0.6607044275146295
0.6488976637051662
0.5935021405104038
0.5443697605921003
0.5546888327155994
0.6244086378157568
0.6767577385907818
0.7161722960464064
0.5742173703644244
0.6348007339972565
0.6422235788415269
0.6783551163532037
0.5674397943966748
0.6153846153846154
0.6318427005394118
0.6344695965647034
0.576160215674947
0.6081918894196565
0.5580441101042913
0.5953762911952779
0.52680693723039
0.5027549758236816
0.5508100147275405
0.6059291885481959
0.5688670012943144
0.5998341900182391
0.5597754911131899
0.6855259122968415
0.6027058213622757
0.5611018730587017
0.6899308224442736
0.617968210089841
0.5697226502311248
0.5315567399511437
0.6573657036141931
0.5878577509987557
0.5490099769762088
0.566630483366324
0.671139451067369
0.5854899466757987
0.6674102163729645
0.6503640908596892
0.5833627863637824
0.5942291838417147
0.6837541975753666
0.6635001288707243
0.5818602930532546
0.6229830029792144
0.6282082450595631
0.6141262673596319
0.6344695965647034
0.6293978438075204
0.7067400915225316
0.6049111264035986
0.6227127909608454
0.6226613194719358
0.5878035653124134
0.5966294738933219
0.5827189238132195
0.5991490502194379
0.6279430424362047
0.6752025084922916
0.6224416332407693
0.7223892563640008
0.6577399213195222
0.7092812721404392
0.6542647569920796
0.6697008132507648
0.6583644359040686
0.6900745618282172
0.7310947968066754
0.6892113224271152
0.687925529868831
0.7279396084786967
0.7166813047652117
0.7043695678056912
0.6530343971372234
0.7709585641859371
0.7366226546212647
0.6689280868385346
0.7130182287465721
0.7301938604041149
0.7672736777903634
0.7079495316974999
0.7162873894464872
0.7700549325827394
0.715390118385526
0.6782820097244733
0.6631338179677061
0.6623816555198472
0.6355710549258936
0.6049093848379137
0.5965629210753021
0.6238195173137461
0.6042549473592241
0.5894595647094457
0.5841412819204401
0.5831164001487542
0.5952006381422968
0.5841866263021993
0.5930962343096234
0.5829637359770414
0.5784037971345698
0.540814737357332
0.5489599418657463
0.5728723283181207
0.5576654817081402
0.5195948921180097
0.5283596344613515
0.4994281870164817
0.4776363042768528
0.4853507222750532
0.4585067998889814
0.4635284704627284
0.45191367281736977
0.4540455616653574
0.43876998103494985
0.43184637294987827
0.3898221449872348
0.40508780423396856
0.389481791176147
0.38846352470979184
0.36858053160439364
0.35489299275112185
0.3261729045861887
0.3352008686210641
0.31463271046377256
0.30754580679056936
0.28688791810653974
0.2585008495333083
0.2648456057007126
0.25163484174731887
0.2352558542931483
0.21497674215457185
0.20881068695689767
0.19287216284766634
0.1764322067075558
0.3309332971063714
0.16539170007584786
0.14635086517046428
0.13718597273428793
0.13133086275274689
0.12005515814875463
0.1134038382837573
0.10287183883411916
0.0937777874167733
0.08156043671514263
0.06386743192508523
0.057799700136894026
0.007607900512070226
0.039855469177707215
0.03145040850390934
0.032026601330066504
0.016292208645381685
0.01643089359458747
0.016418903927224317
0.01647090589982449
0.0
0.0
0.0
0.0
0.0
0.0
0.0
0.0
0.0
0.0
0.0
0.0
0.0
0.0
0.0
0.0
0.0
0.0
0.0
0.0
0.0
0.0
0.0
0.0
0.0
0.0
0.0
0.0
0.0
0.0
0.0
0.0
0.0
0.0
0.0
0.0
0.0
0.0
0.0
0.0
0.0
0.0
0.0
0.0
0.0
0.0
0.0
0.0
0.0
0.0
0.0
0.0
0.0
0.0
0.0
0.0
0.0
0.0
0.0
0.0
0.0
0.0
0.0
0.0
0.0
0.0
0.0
0.0
0.0
0.0
0.0
0.0
0.0
0.0
0.0
0.0
0.0
0.0
0.0
0.0
0.0
0.0
0.0
0.0
0.0
0.0
0.0
0.0
0.0
0.0
0.0
0.0
0.0
0.0
0.0
0.0
0.0
0.0
0.0
0.0
0.0
0.0
0.0
0.0
0.0
0.0
0.0
0.0
0.0
0.0
0.0
0.0
0.0
0.0
0.0
0.0
0.0
0.0
0.0
0.0
0.0
0.0
0.0
0.0
0.0
0.0
0.0
0.0
0.0
0.0
0.0
0.0
0.0
0.0
0.0
0.0
0.0
0.0
0.0
0.0
0.0
0.0
0.0
0.0
0.0
0.0
0.0
0.0
0.0
0.0
0.0
0.0
0.0
0.0
0.0
0.0
0.0
0.0
0.0
0.0
0.0
0.0
0.0
0.0
0.0
0.0
0.0
0.0
0.0
0.0
0.0
0.0
0.0
0.0
0.0
0.0
0.0
0.0
0.0
0.0
0.0
0.0
0.0
0.0
0.0
0.0
0.0
0.0
0.0
0.0
0.0
0.0
0.0
0.0
0.0
0.0
0.0
0.0
0.0
0.0
0.0
0.0
0.0
0.0
0.0
0.0
0.0
0.0
0.0
0.0
0.0
0.0
0.0
0.0
0.0
0.0
0.0
0.0
0.0
0.0
0.0
0.0
0.0
0.0
0.0
0.0
0.0
0.0
0.0
0.0
0.0
0.0
0.0
0.0
0.0
0.0
0.0
0.0
0.0
0.0
0.0
0.0
0.0
0.0
0.0
0.0
0.0
0.0
0.0
0.0
0.0
0.0
0.0
0.0
0.0
0.0
0.0
0.0
0.0
0.0
0.0
0.0
0.0
0.0
0.0
0.0
0.0
0.0
0.0
0.0
0.0
0.0
0.0
0.0
0.0
0.0
0.0
0.0
0.0
0.0
0.0
0.0
0.0
0.0
0.0
0.0
0.0
0.0
0.0
0.0
0.0
0.0
0.0
0.0
0.0
0.0
0.0
0.0
0.0
0.0
0.0
0.0
0.0
0.0
0.0
0.0
0.0
0.0
0.0
0.0
0.0
0.0
0.0
0.0
0.0
0.0
0.0
0.0
0.0
0.0
0.0
0.0
