1.0
1.0
0.9759196899421818
0.9458590589738131
0.9208920768406299
0.8553548038339189
0.862913622690159
0.8942975823586838
0.8410057746963306
0.8302123241075584
0.7610966057441253
0.7598922624877571
0.739785050348567
0.6776038840078032
0.7593211784745442
0.7535613669282315
0.7643863275804048
0.8288986299597237
0.8288986299597237
0.8205666316894019
0.8321965637078177
0.8234237640608754
0.8148024872535818
0.8088711465956975
0.8093420677869553
0.8030105659284991
0.8112599771949829
0.8161269227488556
0.8046472198674208
0.7943307086614173
0.7925152784453753
0.7960308414347972
0.792820746011154
0.7657230857575401
0.7783826499253665
0.7752296949650863
0.7623351607645578
0.7493648405318073
0.7589831902534313
0.732842951391522
0.7174371493206887
0.7174554889505234
0.718969465648855
0.742715777899945
0.7240346852276704
0.7288656983762315
0.7452619843924192
0.7183769291307074
0.7156372913787605
0.7021917415283518
0.7021917415283518
0.6946893311513488
0.749039574781602
0.7547678974545265
0.7767421568238607
0.7770914622048807
0.7685552780333903
0.763746097271029
0.774685959612021
0.7785124624007844
0.815512017774187
0.8127491112786814
0.8137728154041586
0.7986594856533361
0.7598649749738098
0.7412704450361354
0.7258620476643481
0.7186425802676808
0.6960828670079772
0.7150022799817601
0.6830793977034092
0.6551709309825844
0.618234021473199
0.5957272700704328
0.5799531500431513
0.5562114847234303
0.529266811899575
0.5151747715063141
0.5102856399809285
0.49375909334558543
0.48829240898843485
0.46893190320227246
0.4355229888023118
0.39966310093045154
0.39157165843366326
0.3750365732342443
0.3435341843880294
0.32272825894001855
0.29612637879588893
0.27773327824759914
0.26404918563261787
0.26404918563261787
0.26404918563261787
0.25999624113141945
0.25795033633779435
0.25795033633779435
0.2544401144946029
0.26302478502781995
0.26922926063934105
0.2640416373351182
0.2542456985255934
0.2538167426627652
0.2490780618854542
0.24525208892549014
0.23889157278401515
0.2316485925693928
0.23501954629991972
0.2346087978299186
0.24301391271850104
0.2434982506220712
0.24040703837184652
0.2371966549505174
0.2198301333673221
0.20771779789656294
0.0
0.0
0.0
0.0
0.0
0.0
0.0
0.0
0.0
0.0
0.0
0.0
0.0
0.0
0.0
0.0
0.0
0.0
0.0
0.0
0.0
0.0
0.0
0.0
0.0
0.0
0.0
0.0
0.0
0.0
0.0
0.0
0.0
0.0
0.0
0.0
0.0
0.0
0.0
0.0
0.0
0.0
0.0
0.0
0.0
0.0
0.0
0.0
0.0
0.0
0.0
0.0
0.0
0.0
0.0
0.0
0.0
0.0
0.0
0.0
0.0
0.0
0.0
0.0
0.0
0.0
0.0
0.0
0.0
0.0
0.0
0.0
0.0
0.0
0.0
0.0
0.0
0.0
0.0
0.0
0.0
0.0
0.0
0.0
0.0
0.0
0.0
0.0
0.0
0.0
0.0
0.0
0.0
0.0
0.0
0.0
0.0
0.0
0.0
0.0
0.0
0.0
0.0
0.0
0.0
0.0
0.0
0.0
0.0
0.0
0.0
0.0
0.0
0.0
0.0
0.0
0.0
0.0
0.0
0.0
0.0
0.0
0.0
0.0
0.0
0.0
0.0
0.0
0.0
0.0
0.0
0.0
0.0
0.0
0.0
0.0
0.0
0.0
0.0
0.0
0.0
0.0
0.0
0.0
0.0
0.0
0.0
0.0
0.0
0.0
0.0
0.0
0.0
0.0
0.0
0.0
0.0
0.0
0.0
0.0
0.0
0.0
0.0
0.0
0.0
0.0
0.0
0.0
0.0
0.0
0.0
0.0
0.0
0.0
0.0
0.0
0.0
0.0
0.0
0.0
0.0
0.0
0.0
0.0
0.0
0.0
0.0
0.0
0.0
0.0
0.0
0.0
0.0
0.0
0.0
0.0
0.0
0.0
0.0
0.0
0.0
0.0
0.0
0.0
0.0
0.0
0.0
0.0
0.0
0.0
0.0
0.0
0.0
0.0
0.0
0.0
0.0
0.0
0.0
0.0
0.0
0.0
0.0
0.0
0.0
0.0
0.0
0.0
0.0
