1.0
0.799610062294926
0.7667967464384785
0.7625701092696332
0.7528473804100227
0.7413912206150175
0.7168827945647454
0.7322225225256848
0.7375732535098444
0.7703773834162667
0.7738002784086746
0.7724464918709523
0.7937705999931729
0.7667276627019244
0.7871015830472211
0.765568220159861
0.7874281918784174
0.7971128048056604
0.7817838584745928
0.7806235427821584
0.7512757982206566
0.7465404552625649
0.7283554058384695
0.7686379016311927
0.733803567798528
0.7305878419572442
0.7046275176866278
0.7259149136118194
0.6898607374763714
0.7498387161005137
0.7189118562911732
0.7878268953201066
0.7488942869116935
0.7402917906656021
0.7666240591985167
0.772493928360843
0.7805529850653365
0.8360180038432273
0.8044603237167669
0.7722677720967863
0.773199071785807
0.7771936560441832
0.797298508800765
0.77905653218667
0.7684210526315789
0.762052600104335
0.7688996479254451
0.771394382438048
0.7922218513473284
0.7761133730456212
0.7858235383279822
0.7746200934943157
0.7705295612835736
0.7931212220608219
0.7840497615045227
0.7904929911417136
0.7658377183947866
0.7603626079587115
0.7790535569066336
0.7741011849004857
0.7689071382840968
0.7512967512967513
0.7091245881704161
0.7266936500563997
0.7390386960645773
0.7419573249763024
0.7459495752527562
0.752465123073552
0.7622079740585157
0.7385558360153333
0.7451077125472784
0.7475888343907964
0.7354378298194356
0.7236099396613248
0.71614
0.7453891841200375
0.6706591668309151
0.6797264284220673
0.6727897557582948
0.6890179377984256
0.7027751589303867
0.6915880828042229
0.688000343169059
0.7027686675310808
0.6937712884819821
0.6696046080041074
0.6659074060146337
0.6754675825696287
0.6752155455380979
0.689130470428124
0.6786568773987265
0.6781389420012747
0.7072808320950966
0.7016168991303259
0.6726675305442429
0.6405800437334561
0.6426011621029192
0.6488063911441733
0.6560855614973262
0.6572952194313064
0.6535125321498815
0.6647693615267726
0.6907224572950948
0.7336666103698699
0.7256142613415011
0.7063428141620017
0.708969311256135
0.6648598324195717
0.6656075038677943
0.654535945889408
0.6556373328808478
0.6598670508687341
0.661873016797182
0.6598792366344924
0.6514400674546235
0.6589459550184625
0.6558465622471128
0.6550749886380851
0.6539703821073801
0.6817472698907956
0.6833420847454931
0.648620738214079
0.6610422862231835
0.6879623845066255
0.668768788393674
0.683525035276008
0.6850782334492982
0.6662755301600258
0.6438075655815756
0.6539158445741896
0.6503826573615185
0.6439468690702087
0.6704636611583508
0.6558526651319284
0.6463344202866358
0.6747303529499808
0.690996945713124
0.6771919559862977
0.6643639119963923
0.6635090728623604
0.6587538808646856
0.6494088555753033
0.6344763687954215
0.6344231681003203
0.6760604299825683
0.6613333333333333
0.6505019720329868
0.64240012796417
0.6449790152523288
0.643384504800534
0.6479396114342284
0.6637232484378458
0.6540267434165608
0.6412116757664846
0.646533835860083
0.6700980604850957
0.6632592287784118
0.6513046864857848
0.6589931668586942
0.6662640207075065
0.6571178556625064
0.6517183619245653
0.6621236872812135
0.6706711781280579
0.6715878490102518
0.6602788071289925
0.6943494486242605
0.693359375
0.6800381816012409
0.6664451511843167
0.6639167641445546
0.667710313466771
0.6676756432225543
0.6611013249597917
0.6503992675855755
0.6365007923930269
0.6318519271839723
0.6390496027154208
0.631046727048168
0.6350505663964511
0.6473097564331911
0.6389577304885985
0.626994506931729
0.6609066912835898
0.6586691982394063
0.676239501490111
0.6425591098748261
0.6477537139788796
0.6547230289988112
0.6894273127753304
0.6848460516969828
0.6590501586133971
0.6428113259415377
0.678801456174741
0.6975112691257698
0.6850856673199722
0.6765104906136614
0.6677406108847406
0.6546037706328718
0.6670372429127293
0.6761100338515135
0.6815878238040642
0.7215298520273286
0.7584141986219833
0.7649959064859456
0.762575525951809
0.7526865998976533
0.7550151642489129
0.7700061485718545
0.7672792536783264
0.7666635311823912
0.7686832740213523
0.7892108280378554
0.7739545348746993
0.7714097241084941
0.7640023224308109
0.7634833758594496
0.7398297430773074
0.7654833603979527
0.7681069447893386
0.7734650670430487
0.7565337001375516
0.7679807342048812
0.76295025728988
0.7433176494143557
0.7313361485140626
0.7093671704517902
0.7093671704517902
0.7003657997346947
0.7227166468441127
0.7137626756072979
0.6990355288104856
0.7032967032967034
0.6797347938887287
0.720892274211099
0.7415893080518796
0.7343507104854071
0.7163004263693014
0.7095119034677683
0.6945857014657493
0.6735542449828165
0.6754042553191489
0.7227906976744186
0.7075099684973454
0.7171654520080633
0.7095890410958904
0.7242394504416094
0.7209675202711988
0.7186629526462396
0.7209675202711988
0.7209165410700829
0.7185306888862809
0.7240441003987802
0.7409764414879566
0.7587606049428255
0.7859236054971706
0.7805404320445593
0.7219039224327898
0.7242980322794605
0.7194202474196618
0.7122083192424755
0.6968303264502975
0.6960072595281307
0.67940097799511
0.6762970306377756
0.6730564177902045
0.6872565386755703
0.6860291701423119
0.6860291701423119
0.6829986545149908
0.6871121595979282
0.6742625972961901
0.6666922074936786
0.6571543712062061
0.6500804181745075
0.6566982305602803
0.6325139331210191
0.6318230825163603
0.6239727753970254
0.6323089891945743
0.6386717238176329
0.6377391846921797
0.639868530884808
0.6494804785894207
0.6586115755973893
0.660893098782138
0.660893098782138
0.6509738512859141
0.6509738512859141
0.64778990597644
0.6423472147106544
0.6417316394962107
0.638466803559206
0.638466803559206
0.6373117033603708
0.6394994740047616
0.6607034653893874
0.65517141784363
0.6574881887481522
0.6519090170593014
0.6519090170593014
0.6519090170593014
0.6589249582123692
0.6256890027709084
0.6383747178329571
0.643156043422888
0.6454459693862025
0.6183776654209716
0.6252103508493412
0.6067327355670914
0.6624917600527357
0.6592128801431127
0.66173389644508
0.6895954346275349
0.6618964825464758
0.6507472600464962
0.6532204293905854
0.6421617325650706
0.6385385818387516
0.6409485637942551
0.6757448551243985
0.6837724902441551
0.6802012840534444
0.6919447842040888
0.6843085296855976
0.6779812896519588
0.6689775935389344
0.6601218686526743
0.6826137689614936
0.6760702164154593
0.6787703356294885
0.6970320745536884
0.702818974300917
0.6799219228413962
0.6827178048499289
0.6913258357006654
0.7193163342189792
0.7163053350708842
0.65664248381309
0.6511313092245213
0.6538117985164472
0.6705149927105087
0.6582961746068998
0.6733006251483739
0.678941908713693
0.69449378330373
0.7034674517500817
0.6906146832259079
0.6863720728191762
0.6863720728191762
0.6815618951443239
0.6687823617838651
0.6590086153077788
0.6590086153077788
0.6590086153077788
0.6396526772793053
0.6362540025782842
0.6444547407438608
0.6528139266971029
0.6656060540912413
0.6434108527131783
0.6391017173051519
0.6319478115220171
0.6219801458315031
0.6246691371095818
0.603580004365859
0.6087894667312519
0.6482915295099448
0.6405604788196538
0.6157466642295741
0.6026797921793821
0.5503978779840849
0.613708579210168
0.598295992426633
0.5951639824965038
0.6259936787664017
0.6829813160032494
0.6679485881995749
0.6731483838126749
0.6646633391056331
0.6756119138897081
0.6610493313084799
0.6484515533083767
0.6901336073997945
0.6901336073997945
0.6261155706237224
0.8080647901682052
0.7398681508699881
0.7287328015418384
0.702262634806513
0.7087959009393681
0.6971823498139288
0.7006090394272892
0.6243777264562484
0.7730760798070598
0.73822410374578
0.6897758737787995
0.6378603015610848
0.6266185523243473
0.629659254519277
0.5751770520201763
0.5703012912482066
0.729276205392102
0.6956902209582149
0.6216049382716049
0.6084494106842185
0.6491623711340206
0.6280322013115104
0.6140677335318199
0.6105347166799681
0.6069964325648262
0.5999459313327926
0.6085335088296588
0.5908658420551856
0.5908658420551856
0.5533014459288581
0.5533014459288581
0.6221335992023929
0.6221335992023929
0.5950060550141284
0.5515461024748863
0.5412186379928315
0.5493772241992882
0.5595104423983831
0.6039473684210527
0.6035737921906023
0.5529583211891577
0.6447416860964535
0.6209223847019123
0.6080615885335169
0.5921174939579847
0.5692071296865396
0.6099414476143017
0.5939491431046217
0.5761369913459768
0.5732721181288001
0.5733582321817616
0.5303947687091305
0.6306721031171906
0.6084587441619097
0.6007746933505488
0.621676891615542
0.6250580354181866
0.6151804670912951
0.6086697944888654
0.5894489422825803
0.0
0.0
0.0
0.0
0.0
0.0
0.0
0.0
0.0
0.0
0.0
0.0
0.0
0.0
0.0
0.0
0.0
0.5163552977675862
0.47885285798855487
0.5327928284226485
0.49456905970820747
0.5430319778918279
0.5064759327276243
0.4754400457520493
0.5436930827359039
0.5268555313421356
0.6079241449373518
0.4868913857677903
0.511045169798879
0.4872836916622968
0.46405987869402504
0.5731631597102449
0.5640473627556513
0.5049197307094769
0.5078125
0.5844727539518442
0.5325462873363009
0.6016131164881661
0.5418788187372708
0.6668461797374622
0.5156393462692048
0.6097560975609756
0.5541069100391134
0.6148979591836735
0.5206585100249824
0.5636070853462157
0.444650301065308
0.6260217070883023
0.562199268621287
0.5499234889058914
0.5020390509144834
0.6266289733158656
0.6256190603667514
0.5463230841687412
0.5018145826459914
0.6014300306435137
0.6020364870598218
0.7167664670658682
0.66143334787033
0.6100656455142232
0.5763779527559055
0.5019500780031201
0.553110308646181
0.5503630083879608
0.5881598632186364
0.7061393244402839
0.672389898367724
0.727154682681383
0.62484375
0.5338317757009345
0.5367613892647722
0.5535645620241483
0.5682063125481139
0.5800576009963415
0.5422698552347437
0.5073222613106438
0.5047142740018037
0.5034653465346535
0.5318450426789232
0.6251905810604778
0.5306484091824406
0.5419822461112468
0.6542023414293203
0.5600033014196104
0.6380449141347424
0.564167086059386
0.5200953398537026
0.6606555920760415
0.5590008613264428
0.665861588481189
0.6354319180087847
0.626674004769767
0.661608497723824
0.5530187721968544
0.6010928961748634
0.5731225296442688
0.7192224622030238
0.5574829304299687
0.6239067055393586
0.7051564144264805
0.5770221535291087
0.5756590208832592
0.543918918918919
0.6688175793512382
0.4996725605762934
0.43480953855682875
0.5547322330751094
0.5698538836195847
0.5917829865683434
0.6860702994234703
0.5531351971073287
0.7112423743584778
0.6906132169081167
0.6396994242217234
0.820919689119171
0.8121173058330647
0.6925444256924451
0.6246711762495303
0.7589743589743589
0.6868024280399452
0.7294569918308506
0.7077915915345924
0.647986482680935
0.6210526315789474
0.6424942263279446
0.613625971650663
0.6540319583797845
0.6394106813996316
0.6771291866028708
0.6514107766348967
0.6211839660207061
0.6517454177028645
