1.0
0.7414267110403704
0.7212558336868902
0.7289165136318689
0.7716353111432707
0.7362482369534555
0.6946878422782037
0.7588235294117647
0.737890949349571
0.725099057248258
0.7159819844411083
0.7513581278729629
0.7303881090008257
0.7472072817542408
0.7672955974842768
0.7283582089552239
0.7269683985002678
0.6872315501757126
0.6992094861660079
0.7426160337552743
0.6957928802588996
0.7174638487208009
0.7390267844622073
0.7318317042073949
0.690463505594033
0.6676663031624863
0.7056480295916916
0.701846590909091
0.682443588332416
0.7019102621057308
0.6618257261410788
0.7353666050523722
0.725508607198748
0.6909090909090909
0.7059359344162744
0.7031152647975077
0.7172244396684065
0.7080933616247348
0.6915688367129136
0.6916829598435855
0.7176651305683563
0.7605021728633511
0.700279242941359
0.6752767527675276
0.6872163980597715
0.6844184576485461
0.6971428571428572
0.6421052631578947
0.6608907346412717
0.6237424547283702
0.5932346723044397
0.6398197690791326
0.6120826709062003
0.622062923138192
0.59296875
0.5670567056705671
0.642727508426238
0.6489044470374692
0.6397199236155315
0.6433818791081325
0.6894917039768238
0.6831460674157304
0.6893566005061942
0.6742005907281367
0.6589595375722543
0.6364787840405319
0.6684775578838442
0.7275354703100367
0.6757176105508146
0.7447226956863774
0.7982693347755544
0.7352537722908093
0.7424222542973363
0.7427242524916944
0.7100683253835246
0.727705112960761
0.694815606627472
0.7496071989715755
0.7773078605804288
0.7030960194036239
0.7184978729646472
0.7668639053254438
0.7878513145965549
0.753165499776553
0.7269593885808482
0.7462998953505756
0.7642375995101041
0.7155272305909618
0.6838580994443653
0.7172281889068707
0.6984866123399301
0.6748338870431894
0.6836348338241481
0.6943673695893452
0.6371586169783399
0.6771568095496473
0.6996475655919593
0.6834569163896702
0.6772807682587819
0.6772997032640949
0.6851166942991965
0.7235294117647059
0.7581227436823105
0.7137394850879429
0.7401696222050886
0.7431707939749809
0.7700534759358288
0.7921414538310413
0.7522704339051464
0.7711929914970368
0.7345765742751309
0.7217413441955194
0.7080541155645467
0.6764302629938925
0.6953485472003991
0.7475651487233482
0.766822945394374
0.7541421699625869
0.8080351021527492
0.6791694574681849
0.7791153009427121
0.6895874263261297
0.7371518805627333
0.6842996191282268
0.6913868613138686
0.7098583234946871
0.7194510035419126
0.7056145675265554
0.7148679245283018
0.7114789603960396
0.6844451275745466
0.6216888628713596
0.6546603940017642
0.6726110863426958
0.7198142414860681
0.625
0.617561260210035
0.6665682220909628
0.6157005933363761
0.6969180734087037
0.7142857142857143
0.7329716696805304
0.6549537648612945
0.6921253621279958
0.6740866832525861
0.7437946992006731
0.7552581261950286
0.715143428952635
0.7139093052281237
0.6715367246646301
0.7293447293447294
0.7245543415756182
0.7550552129642908
0.7203020621550973
0.7574189621062243
0.7027684818983876
0.715724244771495
0.7254712421459643
0.6849894291754757
0.7514192327541717
0.7650816181689141
0.71911792188376
0.7433113609926328
0.7701888308557654
0.7629675552800166
0.7136770345121431
0.6491152352179542
0.7766533301953401
0.7174217655301262
0.7353595255744997
0.7908163265306123
0.757135703555333
0.7514364226829877
0.7333333333333333
0.7242105263157895
0.7464454976303317
0.6917488323819408
0.7313195548489666
0.8225943797899518
0.7712437518376948
0.7676324261047702
0.7791116446578632
0.6370494551550713
0.7440439828955406
0.7806153846153846
0.7425022720387762
0.7279693486590039
0.76
0.7272727272727273
0.8167911775168979
0.8092105263157895
0.7621550591327201
0.7741065407956844
0.7773181661496036
0.6591596638655463
0.7524442706296441
0.5363147276395427
0.4695251594613749
0.36610169491525424
0.13901601830663615
0.0
0.0
0.0
0.0
0.0
0.0
0.0
0.0
0.0
0.0
0.0
0.0
0.0
0.0
0.0
0.0
0.0
0.0
0.0
0.0
0.0
0.0
0.0
0.0
0.0
0.0
0.0
0.0
0.0
0.0
0.0
0.0
0.0
0.0
0.0
0.0
0.0
0.0
0.0
0.0
0.0
0.0
0.0
0.0
0.0
0.0
0.0
0.0
0.0
0.0
0.0
0.0
0.0
0.0
0.0
0.0
0.0
0.0
0.0
0.0
0.0
0.0
0.0
0.0
0.0
0.0
0.0
0.0
0.0
0.0
0.0
0.0
0.0
0.0
0.0
0.0
0.0
0.0
0.0
0.0
0.0
0.0
0.0
0.0
0.0
0.0
0.0
0.0
0.0
0.0
0.0
0.0
0.0
0.0
0.0
0.0
0.0
0.0010369858278603526
0.0
0.0010427528675703858
0.002531645569620253
0.49276914836636315
0.6144578313253012
0.6634264884568651
0.7400611620795107
0.7062386432465173
0.6883075953356445
0.7173620457604307
0.7109826589595376
0.6824234354194407
0.7522935779816514
0.7542087542087542
0.7796942375539004
0.7948523845571537
0.8127962085308057
0.708092485549133
0.7009694258016406
0.7116382505559674
0.7886435331230284
0.7324263038548753
0.7454545454545455
0.752162467092892
0.7407407407407407
0.7810739767179873
0.8102277267279265
0.8165453849099962
0.7577413479052824
0.8035714285714286
0.8551564310544612
0.7841934319740166
0.803921568627451
0.8313767342582711
0.8142857142857143
0.726905132192846
0.8040742959856201
0.8441754916792739
0.7777455809910171
0.7878611030055442
0.7819905213270142
0.8419970631424376
0.7926458390931711
0.7683189655172413
0.7316572601334017
0.7745839636913767
0.8146136756356456
0.7800289435600579
0.7836312323612418
0.801762114537445
0.7292225201072386
0.7269736842105263
0.7693844924060751
0.7693916349809886
0.7578306783604797
0.7508908874936365
0.7659297789336801
0.8164056192475375
0.7987245294758127
0.7683582089552239
0.7858535226956279
0.7856761090326029
0.81734149199323
0.7664376840039254
0.7216964598668069
0.7528846153846154
0.7497643732327992
0.753981701118265
0.739139831424249
0.7585089141004863
0.7513983840894966
0.7537703908895045
0.7333266068005246
0.7144567494762047
0.7364403374849338
0.7436026091319619
0.7692307692307693
0.7504463400119024
0.7815465374520493
0.7958685254909942
0.7958685254909942
0.8141447368421053
0.7915190770164963
0.8059579677616813
0.7543369890329013
0.7543369890329013
0.7453347969264544
0.7453347969264544
0.7763558805606338
0.7725752508361204
0.7725752508361204
0.7651879930335007
