1.0
0.7339794589903081
0.6968426934898017
0.6594550184855539
0.7059156524200396
0.6720765709529755
0.6482910694597575
0.6674390077688428
0.6629940779506955
0.6570605187319885
0.6557107641741988
0.7258818529536761
0.7164429530201343
0.7450869503746642
0.7620670073821693
0.7372881355932204
0.7419532324621733
0.6888361045130641
0.7147474747474748
0.7162752594210814
0.6948228882833788
0.7131412508784258
0.7230574680342841
0.7236245036868973
0.7055941200489996
0.6676663031624863
0.7327711544053503
0.6941678520625889
0.6890803000833565
0.7379404203840919
0.6960072595281307
0.7353666050523722
0.7308970099667774
0.6909090909090909
0.7221455938697318
0.687085326338528
0.6791419443176632
0.7080933616247348
0.6732016287136179
0.6758045292014303
0.6986176515266596
0.72251968503937
0.700279242941359
0.6752767527675276
0.6872163980597715
0.6756329113924051
0.6971428571428572
0.6696191319751993
0.6592274678111588
0.6237424547283702
0.5932346723044397
0.6491770994513997
0.6263031275060145
0.6364001607071113
0.6153240619260036
0.5755395683453237
0.6571204393879952
0.6489044470374692
0.6501145912910619
0.6433818791081325
0.6725329161778125
0.6984126984126984
0.6893566005061942
0.6742005907281367
0.6362616822429906
0.6364787840405319
0.7031963470319634
0.6945876288659794
0.6613254710934495
0.7195945945945946
0.7707049048512463
0.7352537722908093
0.7238738153965987
0.7588519313304721
0.7465437788018433
0.7626364739183178
0.7369281045751634
0.7173125174240312
0.7563049430753711
0.697444585627559
0.7030091583078936
0.7459435755006578
0.7878513145965549
0.732773851590106
0.7072592592592593
0.7462998953505756
0.7642375995101041
0.7411197193392779
0.6838580994443653
0.6828143021914648
0.7250843974754146
0.6748338870431894
0.6836348338241481
0.6943673695893452
0.6371586169783399
0.6950918563202633
0.6640372429846114
0.7093608779857973
0.6432418890141551
0.7124463519313304
0.6779141104294478
0.7488584474885844
0.7138881861877056
0.72252994976169
0.7401696222050886
0.7431707939749809
0.7451722832260508
0.7753989879330478
0.7522704339051464
0.7711929914970368
0.7345765742751309
0.7065354529396921
0.7080541155645467
0.6764302629938925
0.6953485472003991
0.7475651487233482
0.766822945394374
0.7541421699625869
0.8080351021527492
0.6791694574681849
0.7791153009427121
0.6895874263261297
0.7371518805627333
0.6741033606325897
0.7073386383731212
0.7264193115780062
0.7361049023990464
0.6897173782321107
0.6984601584691285
0.7114789603960396
0.6740535549399815
0.5914117478098521
0.735632183908046
0.7159090909090909
0.6760521192152165
0.6679456906729634
0.6503798599731864
0.6747787610619469
0.6093044263775971
0.6703529768216937
0.7229211414544339
0.707755824240637
0.696969696969697
0.6941513612088055
0.7118106070625578
0.752591762398431
0.7291332263242376
0.771881461061337
0.7035210302781203
0.7342465753424657
0.7176205878216847
0.7090753668613763
0.7281001137656428
0.704951065054692
0.7378700030515716
0.6649570070900588
0.6769041769041769
0.6627556683050578
0.624899855792341
0.6783428763893566
0.6899843777122028
0.7028346161066266
0.7284165698799845
0.7475317348377997
0.7151614221495709
0.6827438370846731
0.7169638774577046
0.7795634444710962
0.7332541567695962
0.7115909655001241
0.7765848670756647
0.757135703555333
0.7363681840920461
0.7176158940397351
0.7437617386638047
0.7306273062730627
0.6730818578393636
0.6896551724137931
0.8225943797899518
0.7862709832134293
0.7676324261047702
0.7625488428013225
0.7037037037037037
0.775497512437811
0.7960464386570443
0.7263349514563107
0.7503234152652005
0.7756388981081979
0.75
0.7982893799002139
0.796392646548734
0.7774798927613941
0.7292011932383162
0.7773181661496036
0.6892539356605065
0.7397099176793415
0.7298937784522003
0.7246376811594203
0.7575757575757576
0.7217321571772254
0.0
0.0
0.6285714285714286
0.7401812688821753
0.723404255319149
0.776657060518732
0.7360036413290851
0.7633734939759036
0.7450611476952023
0.8202009518773136
0.8008192524321557
0.7559207346544224
0.7329939842665433
0.7740948495665477
0.7071823204419889
0.7051966974259349
0.6581632653061225
0.7432751297781972
0.7236842105263158
0.6619652092148566
0.6839378238341969
0.6570723684210527
0.7280504277352544
0.8082924654480607
0.731413837559089
0.7722772277227723
0.8099673963670238
0.6578385305425032
0.7445255474452555
0.6924493554327809
0.8303886925795053
0.7533234859675036
0.6177536231884058
0.6457399103139013
0.6452488687782806
0.6191744340878829
0.5932354250111259
0.6234707748074308
0.635183527305282
0.679945054945055
0.694012258368694
0.6461748633879781
0.673469387755102
0.7063267233238905
0.7297560975609756
0.7424317617866005
0.685549687950072
0.7271863117870723
0.6840420667581162
0.7546450690805145
0.7696177062374245
0.8106021616057643
0.7627118644067796
0.801980198019802
0.7704280155642024
0.7333333333333333
0.7333333333333333
0.6681756450882752
0.7090909090909091
0.6936776491540516
0.6491228070175439
0.6505219206680585
0.6553133514986376
0.6494076349275998
0.6206896551724138
0.6085526315789473
0.576421052631579
0.5692307692307692
0.6457516339869281
0.5885307660108832
0.7095709570957096
0.7020623080298376
0.7116724738675958
0.7082791504117902
0.7324618736383443
0.7216494845360825
0.731675392670157
0.6998809051210798
0.6808510638297872
0.7318811881188119
0.6219081272084805
0.6346586646661665
0.647887323943662
0.7308404294705665
0.6889040163376446
0.7333333333333333
0.6997561825148032
0.7014925373134329
0.6507936507936508
0.6692773228907084
0.692090395480226
0.7631027253668763
0.8064018511376784
0.8020794652803565
0.7368983957219252
0.0
0.810121906169191
0.7593880389429764
0.7262569832402235
0.7531380753138075
0.7714285714285715
0.7920792079207921
0.9045830202854996
0.8478260869565217
0.8191489361702128
0.7726330338631652
0.7209705372616985
0.7401459854014598
0.7164985590778098
0.7034822370735139
0.7633587786259542
0.7704918032786885
0.7739616613418531
0.8254716981132075
0.7950138504155124
0.7221812822402358
0.7267221801665406
0.7373965387509406
0.7701421800947867
0.7324263038548753
0.8058690744920993
0.7789232531500573
0.7669172932330827
0.7669172932330827
0.7959183673469388
0.8014564967420468
0.7324955116696589
0.7895716945996276
0.8551564310544612
0.8006632277081798
0.84
0.8313767342582711
0.8142857142857143
0.726905132192846
0.8040742959856201
0.8102168102168102
0.8097345132743363
0.7712532865907099
0.7940828402366864
0.8419970631424376
0.7926458390931711
0.7683189655172413
0.7316572601334017
0.7745839636913767
0.8146136756356456
0.7800289435600579
0.7836312323612418
0.801762114537445
0.7479674796747967
0.7269736842105263
0.7693844924060751
0.7693916349809886
0.7578306783604797
0.7508908874936365
0.7659297789336801
0.8164056192475375
0.7987245294758127
0.7683582089552239
0.7858535226956279
0.7856761090326029
0.81734149199323
0.7664376840039254
0.7216964598668069
0.7528846153846154
0.7497643732327992
0.753981701118265
0.739139831424249
0.7438122790099646
0.734687596183441
0.7537703908895045
0.7559439138386507
0.7115537848605578
0.7271371769383698
0.7507519550832163
0.7596153846153846
0.7504463400119024
0.764094362255098
0.7815465374520493
0.8065843621399177
0.8141447368421053
0.7915190770164963
0.7915190770164963
0.7543369890329013
0.7543369890329013
0.7453347969264544
0.7453347969264544
0.7588495575221239
0.7588495575221239
0.7549668874172185
0.7478190302292554
