1,1616,342,71,97
2,1620,342,71,97
3,1623,343,71,97
4,1626,344,71,97
5,1630,344,71,97
6,1633,345,71,97
7,1637,345,71,97
8,1640,345,71,97
9,1643,346,71,97
10,1647,347,71,97
11,1650,348,71,97
12,1653,349,71,97
13,1655,350,71,97
14,1657,351,71,97
15,1659,351,71,97
16,1661,351,71,97
17,1661,352,71,97
18,1663,352,71,97
19,1663,352,71,97
20,1665,352,71,97
21,1665,352,71,97
22,1666,353,71,97
23,1667,352,71,97
24,1667,353,71,97
25,1667,353,71,97
26,1667,353,71,97
27,1667,354,71,97
28,1667,355,71,97
29,1666,354,71,97
30,1666,354,71,97
31,1666,354,71,97
32,1666,353,71,97
33,1665,353,71,97
34,1664,353,71,97
35,1663,352,71,97
36,1662,352,71,97
37,1660,351,71,97
38,1658,350,71,97
39,1655,350,71,97
40,1653,350,71,97
41,1651,349,71,97
42,1648,349,71,97
43,1645,349,71,97
44,1643,348,71,97
45,1640,347,71,97
46,1637,347,71,97
47,1636,346,71,97
48,1633,346,71,97
49,1632,345,71,97
50,1630,345,71,97
51,1628,345,71,97
52,1627,344,71,97
53,1627,344,71,97
54,1626,344,71,97
55,1625,343,71,97
56,1625,343,71,97
57,1624,343,71,97
58,1624,343,71,97
59,1624,342,71,97
60,1624,342,71,97
61,1623,342,71,97
62,1623,342,71,97
63,1624,341,71,97
64,1625,341,71,97
65,1626,341,71,97
66,1627,341,71,97
67,1628,341,71,97
68,1630,341,71,97
69,1632,341,71,97
70,1634,340,71,97
71,1636,341,71,97
72,1638,340,71,97
73,1640,340,71,97
74,1642,340,71,97
75,1645,340,71,97
76,1646,340,71,97
77,1648,340,71,97
78,1649,340,71,97
79,1651,340,71,97
80,1653,340,71,97
81,1654,340,71,97
82,1655,340,71,97
83,1657,340,71,97
84,1658,340,71,97
85,1659,340,71,97
86,1660,341,71,97
87,1661,341,71,97
88,1662,341,71,97
89,1662,341,71,97
90,1663,342,71,97
91,1664,342,71,97
92,1664,342,71,97
93,1665,342,71,97
94,1665,342,71,97
95,1666,341,71,97
96,1665,343,71,97
97,1665,342,71,97
98,1665,342,71,97
99,1666,342,71,97
100,1666,342,71,97
101,1666,343,71,97
102,1666,342,71,97
103,1666,342,71,97
104,1666,342,71,97
105,1666,343,71,97
106,1666,342,71,97
107,1666,342,71,97
108,1666,342,71,97
109,1666,342,71,97
110,1666,342,71,97
111,1666,342,71,97
112,1666,342,71,97
113,1666,342,71,97
114,1666,342,71,97
115,1666,342,71,97
116,1666,342,71,97
117,1666,342,71,97
118,1666,342,71,97
119,1666,342,71,97
120,1666,343,71,97
121,1666,342,71,97
122,1666,342,71,97
123,1666,342,71,97
124,1666,342,71,97
125,1666,342,71,97
126,1666,342,71,97
127,1666,342,71,97
128,1666,342,71,97
129,1666,342,71,97
130,1666,342,71,97
131,1666,342,71,97
132,1666,342,71,97
133,1666,342,71,97
134,1666,342,71,97
135,1666,342,71,97
136,1666,342,71,97
137,1666,342,71,97
138,1666,342,71,97
139,1667,342,71,97
140,1667,342,71,97
141,1667,342,71,97
142,1667,342,71,97
143,1667,343,71,97
144,1667,343,71,97
145,1667,343,71,97
146,1668,343,71,97
147,1668,343,71,97
148,1668,343,71,97
149,1668,344,71,97
150,1668,344,71,97
151,1668,344,71,97
152,1668,344,71,97
153,1668,344,71,97
154,1668,344,71,97
155,1667,344,71,97
156,1666,344,71,97
157,1664,344,71,97
158,1662,344,71,97
159,1660,344,71,97
160,1657,344,71,97
161,1653,344,71,97
162,1650,343,71,97
163,1647,343,71,97
164,1644,343,71,97
165,1641,343,71,97
166,1639,343,71,97
167,1636,343,71,97
168,1634,343,71,97
169,1631,343,71,97
170,1629,343,71,97
171,1627,343,71,97
172,1625,343,71,97
173,1623,343,71,97
174,1621,342,71,97
175,1619,342,71,97
176,1618,342,71,97
177,1617,341,71,97
178,1616,341,71,97
179,1616,341,71,97
180,1615,341,71,97
181,1615,341,71,97
182,1615,341,71,97
183,1615,341,71,97
184,1615,341,71,97
185,1617,340,71,97
186,1617,340,71,97
187,1618,340,71,97
188,1619,340,71,97
189,1621,340,71,97
190,1622,341,71,97
191,1624,341,71,97
192,1625,341,71,97
193,1626,341,71,97
194,1626,341,71,97
195,1627,342,71,97
196,1628,342,71,97
197,1629,342,71,97
198,1629,342,71,97
199,1630,342,71,97
200,1631,342,71,97
201,1631,343,71,97
202,1632,342,71,97
203,1633,343,71,97
204,1632,343,71,97
205,1633,343,71,97
206,1633,343,71,97
207,1633,343,71,97
208,1634,343,71,97
209,1635,343,71,97
210,1635,343,71,97
211,1635,343,71,97
212,1636,343,71,97
213,1636,343,71,97
214,1636,343,71,97
215,1636,343,71,97
216,1636,342,71,97
217,1636,342,71,97
218,1636,342,71,97
219,1636,342,71,97
220,1636,342,71,97
221,1636,342,71,97
222,1637,341,71,97
223,1636,341,71,97
224,1636,341,71,97
225,1636,341,71,97
226,1637,341,71,97
227,1637,341,71,97
228,1636,341,71,97
229,1636,341,71,97
230,1636,341,71,97
231,1636,341,71,97
232,1636,341,71,97
233,1636,341,71,97
234,1637,341,71,97
235,1637,341,71,97
236,1637,341,71,97
237,1637,341,71,97
238,1637,341,71,97
239,1637,341,71,97
240,1636,341,71,97
241,1636,341,71,97
242,1637,341,71,97
243,1636,341,71,97
244,1636,341,71,97
245,1636,341,71,97
246,1636,341,71,97
247,1636,341,71,97
248,1636,341,71,97
249,1636,342,71,97
250,1636,341,71,97
251,1635,341,71,97
252,1634,341,71,97
253,1634,341,71,97
254,1633,341,71,97
255,1632,341,71,97
256,1632,341,71,97
257,1632,341,71,97
258,1632,341,71,97
259,1631,341,71,97
260,1631,341,71,97
261,1631,341,71,97
262,1630,341,71,97
263,1629,341,71,97
264,1628,341,71,97
265,1628,342,71,97
266,1627,341,71,97
267,1626,341,71,97
268,1626,341,71,97
269,1626,341,71,97
270,1626,341,71,97
271,1625,341,71,97
272,1625,341,71,97
273,1624,341,71,97
274,1623,341,71,97
275,1623,342,71,97
276,1622,341,71,97
277,1621,342,71,97
278,1622,342,71,97
279,1620,342,71,97
280,1619,342,71,97
281,1619,342,71,97
282,1618,342,71,97
283,1617,342,71,97
284,1617,342,71,97
285,1615,342,71,97
286,1616,342,71,97
287,1615,342,71,97
288,1614,343,71,97
289,1614,342,71,97
290,1614,343,71,97
291,1613,343,71,97
292,1613,343,71,97
293,1613,343,71,97
294,1612,343,71,97
295,1612,343,71,97
296,1612,343,71,97
297,1611,343,71,97
298,1611,343,71,97
299,1611,343,71,97
300,1611,343,71,97
301,1611,343,71,97
302,1610,343,71,97
303,1610,343,71,97
304,1610,343,71,97
305,1610,343,71,97
306,1611,343,71,97
307,1611,343,71,97
308,1611,343,71,97
309,1612,343,71,97
310,1612,343,71,97
311,1614,342,71,97
312,1614,342,71,97
313,1616,343,71,97
314,1618,343,71,97
315,1620,343,71,97
316,1623,343,71,97
317,1626,343,71,97
318,1630,343,71,97
319,1633,343,71,97
320,1636,344,71,97
321,1639,344,71,97
322,1642,343,71,97
323,1645,343,71,97
324,1648,343,71,97
325,1651,343,71,97
326,1653,343,71,97
327,1655,343,71,97
328,1658,343,71,97
329,1660,344,71,97
330,1662,343,71,97
331,1664,343,71,97
332,1665,344,71,97
333,1667,344,71,97
334,1668,344,71,97
335,1670,344,71,97
336,1671,344,71,97
337,1671,344,71,97
338,1672,344,71,97
339,1672,344,71,97
340,1672,344,71,97
341,1672,345,71,97
342,1672,345,71,97
343,1672,345,71,97
344,1671,344,71,97
345,1671,344,71,97
346,1670,344,71,97
347,1670,346,71,97
348,1669,346,71,97
349,1669,345,71,97
350,1668,346,71,97
351,1668,346,71,97
352,1668,346,71,97
353,1667,347,71,97
354,1667,346,71,97
355,1666,346,71,97
356,1666,345,71,97
357,1666,347,71,97
358,1667,346,71,97
359,1667,344,71,97
360,1666,347,71,97
361,1664,347,71,97
362,1667,347,71,97
363,1666,347,71,97
364,1664,347,71,97
365,1664,343,71,97
366,1665,340,71,97
367,1670,338,71,97
368,1670,335,71,97
369,1670,333,71,97
370,1670,331,71,97
371,1671,327,71,97
372,1671,324,71,97
373,1671,321,71,97
374,1671,319,71,97
375,1672,313,71,97
376,1672,309,71,97
377,1673,305,71,97
378,1673,301,71,97
379,1673,297,71,97
380,1673,293,71,97
381,1673,291,71,97
382,1673,288,71,97
383,1675,285,71,97
384,1674,282,71,97
385,1674,280,71,97
386,1673,278,71,97
387,1673,277,71,97
388,1673,274,71,97
389,1675,272,71,97
390,1673,269,71,97
391,1673,268,71,97
392,1674,266,71,97
393,1674,263,71,97
394,1675,260,71,97
395,1676,257,71,97
396,1676,255,71,97
397,1675,253,71,97
398,1675,251,71,97
399,1675,249,71,97
400,1675,247,71,97
401,1675,245,71,97
402,1675,242,71,97
403,1675,240,71,97
404,1674,238,71,97
405,1675,235,71,97
406,1675,232,71,97
407,1675,229,71,97
408,1674,226,71,97
409,1673,223,71,97
410,1674,221,71,97
411,1673,218,71,97
412,1673,216,71,97
413,1673,214,71,97
414,1673,213,71,97
415,1672,211,71,97
416,1672,210,71,97
417,1671,208,71,97
418,1670,206,71,97
419,1670,204,71,97
420,1670,202,71,97
421,1671,201,71,97
422,1670,199,71,97
423,1671,197,71,97
424,1670,196,71,97
425,1670,196,71,97
426,1670,195,71,97
427,1670,194,71,97
428,1670,194,71,97
429,1670,193,71,97
430,1669,193,71,97
431,1669,192,71,97
432,1669,192,71,97
433,1668,192,71,97
434,1669,192,71,97
435,1669,192,71,97
436,1670,192,71,97
437,1670,192,71,97
438,1670,192,71,97
439,1671,191,71,97
440,1670,191,71,97
441,1670,192,71,97
442,1671,191,71,97
443,1671,192,71,97
444,1671,191,71,97
445,1671,192,71,97
446,1671,191,71,97
447,1671,191,71,97
448,1671,191,71,97
449,1671,192,71,97
450,1672,192,71,97
451,1671,192,71,97
452,1671,193,71,97
453,1671,194,71,97
454,1671,195,71,97
455,1671,197,71,97
456,1670,199,71,97
457,1670,201,71,97
458,1670,203,71,97
459,1669,205,71,97
460,1668,205,71,97
461,1668,207,71,97
462,1667,208,71,97
463,1666,210,71,97
464,1666,211,71,97
465,1666,213,71,97
466,1666,215,71,97
467,1665,217,71,97
468,1665,220,71,97
469,1666,223,71,97
470,1666,227,71,97
471,1666,231,71,97
472,1666,236,71,97
473,1667,241,71,97
474,1668,246,71,97
475,1668,252,71,97
476,1668,257,71,97
477,1668,262,71,97
478,1668,267,71,97
479,1669,275,71,97
480,1669,283,71,97
481,1668,292,71,97
482,1668,297,71,97
483,1667,305,71,97
484,1666,312,71,97
485,1665,319,71,97
486,1665,328,71,97
487,1666,337,71,97
488,1664,344,71,97
489,1664,352,71,97
490,1662,357,71,97
491,1664,366,71,97
492,1663,370,71,97
493,1662,375,71,97
494,1662,377,71,97
495,1662,380,71,97
496,1662,380,71,97
497,1662,382,71,97
498,1662,383,71,97
499,1662,383,71,97
500,1660,383,71,97
501,1660,383,71,97
502,1659,383,71,97
503,1658,382,71,97
504,1657,383,71,97
505,1655,383,71,97
506,1653,383,71,97
507,1651,384,71,97
508,1648,385,71,97
509,1646,386,71,97
510,1644,387,71,97
511,1641,387,71,97
512,1636,389,71,97
513,1632,389,71,97
514,1627,389,71,97
515,1622,389,71,97
516,1616,387,71,97
517,1611,387,71,97
518,1605,386,71,97
519,1599,386,71,97
520,1594,385,71,97
521,1587,385,71,97
522,1581,385,71,97
523,1576,385,71,97
524,1570,385,71,97
525,1564,384,71,97
526,1558,384,71,97
527,1552,383,71,97
528,1547,383,71,97
529,1542,383,71,97
530,1536,383,71,97
531,1530,383,71,97
532,1525,383,71,97
533,1520,383,71,97
534,1515,384,71,97
535,1511,384,71,97
536,1507,385,71,97
537,1503,385,71,97
538,1501,386,71,97
539,1496,385,71,97
540,1493,386,71,97
541,1490,386,71,97
542,1486,387,71,97
543,1483,387,71,97
544,1480,388,71,97
545,1479,388,71,97
546,1478,389,71,97
547,1476,390,71,97
548,1476,390,71,97
549,1476,389,71,97
550,1475,391,71,97
551,1474,392,71,97
552,1473,393,71,97
553,1472,393,71,97
554,1471,394,71,97
555,1470,394,71,97
556,1470,395,71,97
557,1468,395,71,97
558,1468,396,71,97
559,1467,397,71,97
560,1467,398,71,97
561,1466,400,71,97
562,1466,401,71,97
563,1465,402,71,97
564,1465,404,71,97
565,1464,405,71,97
566,1463,408,71,97
567,1463,411,71,97
568,1462,417,71,97
569,1462,424,71,97
570,1461,432,71,97
571,1460,441,71,97
572,1458,451,71,97
573,1459,460,71,97
574,1459,471,71,97
575,1460,481,71,97
576,1462,492,71,97
577,1466,503,71,97
578,1469,515,71,97
579,1473,527,71,97
580,1478,537,71,97
581,1482,549,71,97
582,1487,559,71,97
583,1493,571,71,97
584,1504,583,71,97
585,1514,597,71,97
586,1532,607,71,97
587,1544,623,71,97
588,1563,638,71,97
589,1584,650,71,97
590,1597,668,71,97
591,1620,675,71,97
592,1640,683,71,97
593,1664,688,71,97
594,1687,693,71,97
595,1710,698,71,97
596,1706,689,71,97
597,1720,690,71,97
598,1729,688,71,97
599,1741,687,71,97
600,1748,686,71,97
601,1759,686,71,97
602,1767,690,71,97
603,1782,696,71,97
604,1786,698,71,97
605,1778,699,71,97
606,1779,692,71,97
607,1791,688,71,97
608,1790,674,71,97
609,1796,673,71,97
610,1798,671,71,97
611,1802,670,71,97
612,1805,671,71,97
613,1808,670,71,97
614,1809,673,71,97
615,1809,677,71,97
616,1811,677,71,97
617,1810,677,71,97
618,1811,678,71,97
619,1808,679,71,97
620,1814,680,71,97
621,1815,679,71,97
622,1816,681,71,97
623,1816,681,71,97
624,1817,683,71,97
625,1817,682,71,97
626,1817,681,71,97
627,1818,683,71,97
628,1817,683,71,97
629,1816,680,71,97
630,1815,680,71,97
