1.0
0.9759405074365705
0.9857142857142858
0.9503419565863812
0.9436598781031663
0.912481426448737
0.9344286342966114
0.989141752193961
0.9644609665427509
0.9445098616426258
0.9059435364041605
0.9074644376008212
0.9540588760035682
0.9274087109546855
0.8842668251374238
0.8842668251374238
0.8513513513513513
0.859073359073359
0.859073359073359
0.8348233914700278
0.8724194267042923
0.8724194267042923
0.8479917912635591
0.8695339470655926
0.8138716938660664
0.8138716938660664
0.8306119551327559
0.7980295566502463
0.8319268635724332
0.8319268635724332
0.8319268635724332
0.8153310104529616
0.8383909668313339
0.8601841196777905
0.8277911419272675
0.8081477304764589
0.8557581018518519
0.7657472210786331
0.8336896109448483
0.7839070924927416
0.7942004504504504
0.839344262295082
0.8248920863309352
0.8085411292633993
0.815055893589925
0.8557581018518519
0.7783890534631118
0.7646484375
0.7482575968776136
0.7922263503858246
0.7606301408057995
0.7824982357092449
0.7824982357092449
0.7753499000285633
0.7822222222222223
0.7822222222222223
0.774126743062267
0.774126743062267
0.7588283602518477
0.7588283602518477
0.7802715433638127
0.7802715433638127
0.7437915592346316
0.7234442060085837
0.703566220336736
0.7482033898305085
0.7801706623323852
0.7635206786850477
0.7921462423832092
0.7350550603041426
0.7600650671004473
0.7730954015099519
0.731269266854309
0.7630247504444141
0.7699737822547261
0.7482622325201036
0.7325102880658436
0.7670379209758684
0.77443915703603
0.7325102880658436
0.712280241406455
0.7660593163984573
0.7247694505779971
0.7048401591988702
0.7113018964633522
0.7313174370587452
0.7108068974595235
0.6907766358787564
0.7442049613664091
0.7524061933324034
0.7155672094948937
0.6536896364622897
0.6369882220975883
0.6132022471910112
0.5970690858339148
0.6125986471251409
0.5783898305084746
0.5783898305084746
0.5479029316874737
0.5479029316874737
0.5394441325098259
0.5309734513274337
0.5309734513274337
0.5139963426642284
0.5139963426642284
0.5139963426642284
0.5139963426642284
0.5139963426642284
0.5139963426642284
0.5139963426642284
0.5139963426642284
0.5139963426642284
0.5139963426642284
0.5139963426642284
0.5139963426642284
0.5139963426642284
0.5141078838174273
0.5603891591382905
0.6079910589550154
0.6079910589550154
0.6687749209404648
0.7205209921019814
0.7343259117606884
0.7686638460488604
0.7340129749768304
0.7340129749768304
0.7768685215493726
0.7768685215493726
0.7768685215493726
0.7768685215493726
0.7768685215493726
0.7768685215493726
0.7768685215493726
0.7768685215493726
0.7768685215493726
0.7768685215493726
0.7768685215493726
0.7768685215493726
0.7555585500606388
0.7555585500606388
0.7555585500606388
0.7996051332675223
0.7996051332675223
0.7996051332675223
0.7996051332675223
0.7770505500626653
0.7588761532010064
0.7588761532010064
0.7740025377132385
0.7740025377132385
0.7740025377132385
0.7740025377132385
0.7740025377132385
0.7740025377132385
0.7968013708410682
0.7909819367105799
0.7505263157894737
0.7443174521638628
0.7254725472547254
0.7835328938517422
0.8108032855352917
0.7611999471388926
0.7649081052492397
0.776303317535545
0.7862040592430061
0.7808499046581313
0.7808499046581313
0.7660556687033265
0.7444963308872582
0.7271417343463453
0.7693236714975845
0.7454089047430308
0.7615062761506276
0.7404528096017458
0.7837573385518591
0.7614926987560844
0.7378955910197458
0.7588283602518477
0.7588283602518477
0.7802715433638127
0.7802715433638127
0.7802715433638127
0.7802715433638127
0.7802715433638127
0.7234442060085837
0.7842489329478177
0.7626496191512514
0.7415669936836446
0.7008793804961281
0.817481819478112
0.7715079916608756
0.7493823771616799
0.7277597631467644
0.7277612784613209
0.7077159630975678
0.7040089397960609
0.6842468590363109
0.7601390498261877
0.7394789579158316
0.7709018150635987
0.7709018150635987
0.7491530208921513
0.7279319481243899
0.7491530208921513
0.7279319481243899
0.8209504193026335
0.8209504193026335
0.7971540583708436
0.7357293868921776
0.7357293868921776
0.7357293868921776
0.7357293868921776
0.7357293868921776
0.7357293868921776
0.7357293868921776
0.6753610994250456
0.6588765310432212
0.6588765310432212
0.6588765310432212
0.6588765310432212
0.6588765310432212
0.6468204053109714
0.6468204053109714
0.6468204053109714
0.6468204053109714
0.6468204053109714
0.6468204053109714
0.6468204053109714
0.6468204053109714
0.6468204053109714
0.6468204053109714
0.6468204053109714
0.6468204053109714
0.6468204053109714
0.6468204053109714
0.6468204053109714
0.6468204053109714
0.6468204053109714
0.6468204053109714
0.6468204053109714
0.6468204053109714
0.6468204053109714
0.6468204053109714
0.6468204053109714
0.6468204053109714
0.6468204053109714
0.6468204053109714
0.6468204053109714
0.6588765310432212
0.6337407617964753
0.6337407617964753
0.6337407617964753
0.6337407617964753
0.6337407617964753
0.6337407617964753
0.6607168561969196
0.6607168561969196
0.6607168561969196
0.7379090645815233
0.7466277291058268
0.6906354515050167
0.7106598984771574
0.7311643835616438
0.7521663778162911
0.7667697271138594
0.7736842105263158
0.7736842105263158
0.7629191863661352
0.7629191863661352
0.7629191863661352
0.7322033898305085
0.7322033898305085
0.7536032944406315
0.7260944319534454
0.7401333333333333
0.7468879668049793
0.7834107679693906
0.705790092798327
0.7468879668049793
0.7681885923316624
0.6679316888045541
0.6867084559293847
0.7059127959632553
0.7059127959632553
0.731269266854309
0.7110875612663929
0.731269266854309
0.76703146374829
0.7519327275193273
0.731572564344428
0.7525913802509547
0.7525913802509547
0.7525913802509547
0.774126743062267
0.774126743062267
0.774126743062267
0.7961979312272854
0.7482622325201036
0.7482622325201036
0.7482622325201036
0.7482622325201036
0.7699737822547261
0.7699737822547261
0.7699737822547261
0.7699737822547261
0.7482622325201036
0.7536466774716369
0.7536466774716369
0.732586068855084
0.7755385684503128
0.7182246133154001
0.7182246133154001
0.7382640096295305
0.7586115174890278
0.7822349570200573
0.7587280108254398
0.7771865193068631
0.6948601171112557
0.6973718791064389
0.7922313818639095
0.7996051332675223
0.7705685618729097
0.7803958529688972
0.7770513675783856
0.7145983522142122
0.7364392239672694
0.7586675730795377
0.729410184065565
0.7327085533262936
0.720217564340674
0.7377991710121674
0.7313174370587452
0.7828214188638217
0.7612781954887218
0.7197168327215522
0.699663125161959
0.7884120752673616
0.7666488365873229
0.7666488365873229
0.7666488365873229
0.7675378266850069
0.7675378266850069
0.7675378266850069
0.7277612784613209
0.6683687943262412
0.6342710997442456
0.5629981820724375
0.559870093194013
0.5139727566353041
0.49571158598633525
0.4921634685806357
0.4289481394667448
0.3907410103362935
0.3648259994247915
0.32178576605305115
0.0
0.0
0.0
0.0
0.0
0.0
0.0
0.0
0.0
0.0
0.0
0.0
0.0
0.0
0.0
0.0
0.0
0.0
0.0
0.0
0.0
0.0
0.0
0.0
0.0
0.0
0.0
0.0
0.0
0.0
0.0
0.0
0.0
0.0
0.0
0.0
0.0
0.0
0.0
0.0
0.0
0.0
0.0
0.0
0.0
0.0
0.0
0.0
0.0
0.0
0.0
0.0
0.0
0.0
0.0
0.0
0.0
0.0
0.0
0.0
0.0
0.0
0.0
0.0
0.0
0.0
0.0
0.0
0.0
0.0
0.0
0.0
0.0
0.0
0.0
0.0
0.0
0.0
0.0
0.0
0.0
0.0
0.0
0.0
0.0
0.0
0.0
0.0
0.0
0.0
0.0
0.0
0.0
0.0
0.0
0.0
0.0
0.0
0.0
0.0
0.0
0.0
0.0
0.0
0.0
0.0
0.0
0.0
0.0
0.0
0.0
0.0
0.0
0.0
0.0
0.0
0.0
0.0
0.0
0.0
0.0
0.0
0.0
0.0
0.0
0.0
0.0
0.0
0.0
0.0
0.0
0.0
0.0
0.0
0.0
0.0
0.0
0.0
0.0
0.0
0.0
0.0
0.0
0.0
0.0
0.0
0.0
0.0
0.0
0.0
0.0
0.0
0.0
0.0
0.0
0.0
0.0
0.0
0.0
0.0
0.0
0.0
0.0
0.0
0.0
0.0
0.0
0.0
0.0
0.0
0.0
0.0
0.0
0.0
0.0
0.0
0.0
0.0
0.0
0.0
0.0
0.0
0.0
0.0
0.0
0.0
0.0
0.0
0.0
0.0
0.0
0.0
0.0
0.0
0.0
0.0
0.0
0.0
0.0
0.0
0.0
0.0
0.0
0.0
0.0
0.0
0.0
0.0
0.0
0.0
0.0
0.0
0.0
0.0
0.0
0.0
0.0
0.0
0.0
0.0
0.0
0.0
0.0
0.0
0.0
0.0
0.0
0.0
0.0
0.0
0.0
0.0
0.0
0.0
0.0
0.0
0.0
0.0
0.0
0.0
0.0
0.0
0.0
0.0
0.0
0.0
0.0
0.0
0.0
0.0
0.0
0.0
0.0
0.0
0.0
0.0
0.0
0.0
0.0
0.0
0.0
0.0
0.0
0.0
0.0
0.0
0.0
0.0
0.0
0.0
0.0
0.0
0.0
0.0
0.0
