1,1616,342,71,97
2,1620,342,71,97
3,1623,342,71,97
4,1627,343,71,97
5,1630,344,71,97
6,1633,345,71,97
7,1637,345,71,97
8,1640,345,71,97
9,1643,346,71,97
10,1647,347,71,97
11,1650,348,71,97
12,1653,349,71,97
13,1655,350,71,97
14,1657,351,71,97
15,1658,351,71,97
16,1661,351,71,97
17,1661,352,71,97
18,1663,352,71,97
19,1663,352,71,97
20,1664,352,71,97
21,1665,352,71,97
22,1666,353,71,97
23,1666,353,71,97
24,1667,353,71,97
25,1667,353,71,97
26,1667,354,71,97
27,1666,355,71,97
28,1666,355,71,97
29,1666,355,71,97
30,1665,355,71,97
31,1666,354,71,97
32,1666,353,71,97
33,1665,353,71,97
34,1663,353,71,97
35,1663,352,71,97
36,1662,351,71,97
37,1659,351,71,97
38,1658,350,71,97
39,1655,350,71,97
40,1653,350,71,97
41,1650,350,71,97
42,1647,349,71,97
43,1645,349,71,97
44,1642,348,71,97
45,1639,347,71,97
46,1636,347,71,97
47,1635,346,71,97
48,1633,346,71,97
49,1631,345,71,97
50,1630,345,71,97
51,1628,345,71,97
52,1626,344,71,97
53,1626,344,71,97
54,1625,344,71,97
55,1625,344,71,97
56,1624,344,71,97
57,1624,343,71,97
58,1624,343,71,97
59,1623,343,71,97
60,1623,342,71,97
61,1623,342,71,97
62,1623,342,71,97
63,1624,341,71,97
64,1624,341,71,97
65,1625,341,71,97
66,1627,341,71,97
67,1628,341,71,97
68,1630,341,71,97
69,1631,341,71,97
70,1633,340,71,97
71,1635,341,71,97
72,1638,340,71,97
73,1639,340,71,97
74,1642,340,71,97
75,1643,340,71,97
76,1646,340,71,97
77,1648,340,71,97
78,1649,341,71,97
79,1651,340,71,97
80,1653,340,71,97
81,1654,340,71,97
82,1655,340,71,97
83,1656,340,71,97
84,1657,341,71,97
85,1658,341,71,97
86,1659,341,71,97
87,1660,341,71,97
88,1661,341,71,97
89,1662,341,71,97
90,1662,342,71,97
91,1663,342,71,97
92,1664,342,71,97
93,1664,342,71,97
94,1665,342,71,97
95,1665,341,71,97
96,1665,343,71,97
97,1665,342,71,97
98,1665,342,71,97
99,1665,342,71,97
100,1666,342,71,97
101,1666,342,71,97
102,1666,342,71,97
103,1666,342,71,97
104,1666,342,71,97
105,1666,342,71,97
106,1666,342,71,97
107,1666,343,71,97
108,1666,342,71,97
109,1666,342,71,97
110,1666,342,71,97
111,1666,342,71,97
112,1666,342,71,97
113,1666,342,71,97
114,1666,342,71,97
115,1666,342,71,97
116,1666,342,71,97
117,1666,342,71,97
118,1666,342,71,97
119,1666,342,71,97
120,1666,342,71,97
121,1666,342,71,97
122,1666,342,71,97
123,1666,342,71,97
124,1666,342,71,97
125,1666,342,71,97
126,1666,342,71,97
127,1666,342,71,97
128,1666,342,71,97
129,1666,342,71,97
130,1666,342,71,97
131,1666,342,71,97
132,1666,342,71,97
133,1666,342,71,97
134,1666,342,71,97
135,1666,342,71,97
136,1666,342,71,97
137,1666,342,71,97
138,1666,342,71,97
139,1667,342,71,97
140,1667,342,71,97
141,1667,342,71,97
142,1667,342,71,97
143,1667,343,71,97
144,1667,343,71,97
145,1667,343,71,97
146,1668,343,71,97
147,1668,343,71,97
148,1668,343,71,97
149,1668,344,71,97
150,1668,344,71,97
151,1668,344,71,97
152,1668,344,71,97
153,1668,344,71,97
154,1668,344,71,97
155,1667,344,71,97
156,1666,344,71,97
157,1664,344,71,97
158,1661,344,71,97
159,1659,344,71,97
160,1656,344,71,97
161,1653,343,71,97
162,1650,343,71,97
163,1647,343,71,97
164,1644,343,71,97
165,1641,343,71,97
166,1639,343,71,97
167,1636,343,71,97
168,1633,343,71,97
169,1631,343,71,97
170,1629,343,71,97
171,1627,343,71,97
172,1625,343,71,97
173,1623,343,71,97
174,1621,342,71,97
175,1620,342,71,97
176,1618,342,71,97
177,1617,341,71,97
178,1616,341,71,97
179,1616,341,71,97
180,1615,341,71,97
181,1615,341,71,97
182,1615,341,71,97
183,1615,341,71,97
184,1615,340,71,97
185,1616,340,71,97
186,1618,339,71,97
187,1618,340,71,97
188,1617,341,71,97
189,1619,341,71,97
190,1622,341,71,97
191,1623,341,71,97
192,1624,341,71,97
193,1625,341,71,97
194,1626,341,71,97
195,1627,341,71,97
196,1627,342,71,97
197,1627,342,71,97
198,1628,342,71,97
199,1629,342,71,97
200,1630,342,71,97
201,1630,342,71,97
202,1631,342,71,97
203,1632,342,71,97
204,1632,342,71,97
205,1632,342,71,97
206,1633,342,71,97
207,1633,342,71,97
208,1633,342,71,97
209,1634,342,71,97
210,1635,342,71,97
211,1635,342,71,97
212,1635,342,71,97
213,1635,342,71,97
214,1635,342,71,97
215,1636,342,71,97
216,1635,342,71,97
217,1636,342,71,97
218,1635,342,71,97
219,1635,342,71,97
220,1635,342,71,97
221,1635,342,71,97
222,1635,341,71,97
223,1636,341,71,97
224,1636,341,71,97
225,1636,341,71,97
226,1635,341,71,97
227,1635,341,71,97
228,1635,341,71,97
229,1635,341,71,97
230,1636,341,71,97
231,1636,342,71,97
232,1636,341,71,97
233,1636,343,71,97
234,1636,341,71,97
235,1636,341,71,97
236,1636,341,71,97
237,1636,341,71,97
238,1636,341,71,97
239,1636,341,71,97
240,1636,341,71,97
241,1636,341,71,97
242,1636,341,71,97
243,1635,341,71,97
244,1635,341,71,97
245,1635,341,71,97
246,1634,341,71,97
247,1633,341,71,97
248,1633,341,71,97
249,1634,341,71,97
250,1634,341,71,97
251,1633,341,71,97
252,1633,341,71,97
253,1633,341,71,97
254,1632,341,71,97
255,1632,341,71,97
256,1631,341,71,97
257,1631,341,71,97
258,1631,341,71,97
259,1630,341,71,97
260,1630,341,71,97
261,1630,341,71,97
262,1629,341,71,97
263,1628,341,71,97
264,1627,341,71,97
265,1625,342,71,97
266,1626,341,71,97
267,1626,341,71,97
268,1626,341,71,97
269,1625,341,71,97
270,1623,341,71,97
271,1624,341,71,97
272,1624,341,71,97
273,1623,341,71,97
274,1622,341,71,97
275,1622,341,71,97
276,1621,342,71,97
277,1621,342,71,97
278,1620,342,71,97
279,1619,342,71,97
280,1618,342,71,97
281,1618,342,71,97
282,1617,342,71,97
283,1617,342,71,97
284,1616,342,71,97
285,1615,342,71,97
286,1615,342,71,97
287,1612,343,71,97
288,1614,342,71,97
289,1613,343,71,97
290,1613,343,71,97
291,1612,343,71,97
292,1612,343,71,97
293,1612,343,71,97
294,1611,343,71,97
295,1611,343,71,97
296,1611,343,71,97
297,1611,343,71,97
298,1611,343,71,97
299,1610,343,71,97
300,1610,343,71,97
301,1610,343,71,97
302,1610,343,71,97
303,1610,343,71,97
304,1610,343,71,97
305,1610,343,71,97
306,1610,343,71,97
307,1610,343,71,97
308,1611,343,71,97
309,1612,343,71,97
310,1612,343,71,97
311,1613,342,71,97
312,1613,343,71,97
313,1616,343,71,97
314,1618,343,71,97
315,1620,343,71,97
316,1622,343,71,97
317,1626,343,71,97
318,1629,343,71,97
319,1632,343,71,97
320,1636,343,71,97
321,1639,343,71,97
322,1641,343,71,97
323,1645,343,71,97
324,1648,343,71,97
325,1651,343,71,97
326,1653,343,71,97
327,1655,343,71,97
328,1657,344,71,97
329,1659,344,71,97
330,1661,344,71,97
331,1663,344,71,97
332,1664,343,71,97
333,1666,344,71,97
334,1668,344,71,97
335,1669,344,71,97
336,1670,344,71,97
337,1671,344,71,97
338,1671,344,71,97
339,1672,344,71,97
340,1671,344,71,97
341,1672,344,71,97
342,1671,345,71,97
343,1671,345,71,97
344,1671,344,71,97
345,1671,343,71,97
346,1670,343,71,97
347,1670,346,71,97
348,1669,346,71,97
349,1669,344,71,97
350,1668,346,71,97
351,1668,346,71,97
352,1668,346,71,97
353,1667,347,71,97
354,1666,346,71,97
355,1666,346,71,97
356,1667,344,71,97
357,1666,347,71,97
358,1663,346,71,97
359,1665,344,71,97
360,1665,347,71,97
361,1663,347,71,97
362,1665,347,71,97
363,1664,346,71,97
364,1663,345,71,97
365,1664,342,71,97
366,1665,340,71,97
367,1665,338,71,97
368,1665,336,71,97
369,1665,334,71,97
370,1671,330,71,97
371,1671,328,71,97
372,1671,324,71,97
373,1671,321,71,97
374,1672,317,71,97
375,1671,313,71,97
376,1670,312,71,97
377,1670,308,71,97
378,1673,301,71,97
379,1673,297,71,97
380,1672,294,71,97
381,1691,295,71,97
382,1688,295,71,97
383,1685,293,71,97
384,1685,288,71,97
385,1685,286,71,97
386,1684,282,71,97
387,1684,283,71,97
388,1685,279,71,97
389,1685,278,71,97
390,1686,276,71,97
391,1686,275,71,97
392,1683,272,71,97
393,1685,269,71,97
394,1686,266,71,97
395,1685,263,71,97
396,1685,261,71,97
397,1685,257,71,97
398,1686,254,71,97
399,1685,251,71,97
400,1685,249,71,97
401,1686,247,71,97
402,1685,244,71,97
403,1685,242,71,97
404,1684,239,71,97
405,1684,236,71,97
406,1685,233,71,97
407,1685,229,71,97
408,1684,226,71,97
409,1683,224,71,97
410,1683,222,71,97
411,1683,220,71,97
412,1682,219,71,97
413,1682,217,71,97
414,1681,215,71,97
415,1681,214,71,97
416,1680,212,71,97
417,1680,211,71,97
418,1680,209,71,97
419,1679,207,71,97
420,1679,206,71,97
421,1679,204,71,97
422,1679,203,71,97
423,1678,202,71,97
424,1679,201,71,97
425,1679,200,71,97
426,1680,199,71,97
427,1679,198,71,97
428,1680,198,71,97
429,1679,197,71,97
430,1679,197,71,97
431,1679,197,71,97
432,1679,197,71,97
433,1679,197,71,97
434,1679,197,71,97
435,1680,198,71,97
436,1680,198,71,97
437,1680,198,71,97
438,1680,197,71,97
439,1681,197,71,97
440,1681,197,71,97
441,1682,197,71,97
442,1682,197,71,97
443,1682,197,71,97
444,1683,197,71,97
445,1682,197,71,97
446,1682,197,71,97
447,1683,198,71,97
448,1682,198,71,97
449,1682,198,71,97
450,1681,198,71,97
451,1682,199,71,97
452,1681,200,71,97
453,1682,201,71,97
454,1682,202,71,97
455,1681,204,71,97
456,1681,206,71,97
457,1681,209,71,97
458,1681,211,71,97
459,1680,212,71,97
460,1680,213,71,97
461,1679,214,71,97
462,1679,216,71,97
463,1678,217,71,97
464,1678,218,71,97
465,1679,220,71,97
466,1679,222,71,97
467,1679,224,71,97
468,1679,226,71,97
469,1679,229,71,97
470,1679,232,71,97
471,1680,236,71,97
472,1680,241,71,97
473,1681,246,71,97
474,1681,253,71,97
475,1682,259,71,97
476,1682,265,71,97
477,1682,272,71,97
478,1683,280,71,97
479,1684,287,71,97
480,1683,295,71,97
481,1682,302,71,97
482,1682,309,71,97
483,1681,315,71,97
484,1681,322,71,97
485,1680,329,71,97
486,1679,336,71,97
487,1679,346,71,97
488,1678,353,71,97
489,1678,361,71,97
490,1678,368,71,97
491,1676,374,71,97
492,1676,379,71,97
493,1675,383,71,97
494,1675,386,71,97
495,1675,388,71,97
496,1674,389,71,97
497,1674,390,71,97
498,1675,391,71,97
499,1674,391,71,97
500,1674,391,71,97
501,1673,391,71,97
502,1672,390,71,97
503,1672,390,71,97
504,1670,390,71,97
505,1668,390,71,97
506,1666,390,71,97
507,1663,391,71,97
508,1661,392,71,97
509,1658,393,71,97
510,1656,394,71,97
511,1652,395,71,97
512,1648,396,71,97
513,1644,396,71,97
514,1639,395,71,97
515,1635,395,71,97
516,1630,394,71,97
517,1623,394,71,97
518,1617,394,71,97
519,1611,393,71,97
520,1605,393,71,97
521,1599,393,71,97
522,1593,392,71,97
523,1588,392,71,97
524,1582,392,71,97
525,1576,392,71,97
526,1571,392,71,97
527,1564,392,71,97
528,1559,391,71,97
529,1554,391,71,97
530,1547,391,71,97
531,1543,390,71,97
532,1538,390,71,97
533,1533,390,71,97
534,1528,390,71,97
535,1524,391,71,97
536,1520,391,71,97
537,1517,392,71,97
538,1513,393,71,97
539,1509,393,71,97
540,1506,392,71,97
541,1503,392,71,97
542,1499,392,71,97
543,1495,392,71,97
544,1493,393,71,97
545,1491,393,71,97
546,1489,394,71,97
547,1488,394,71,97
548,1487,395,71,97
549,1486,395,71,97
550,1485,396,71,97
551,1484,397,71,97
552,1483,397,71,97
553,1483,398,71,97
554,1482,399,71,97
555,1481,399,71,97
556,1480,400,71,97
557,1479,400,71,97
558,1478,401,71,97
559,1477,402,71,97
560,1477,403,71,97
561,1477,405,71,97
562,1476,406,71,97
563,1476,407,71,97
564,1476,409,71,97
565,1475,411,71,97
566,1474,413,71,97
567,1474,416,71,97
568,1474,422,71,97
569,1473,429,71,97
570,1472,437,71,97
571,1471,446,71,97
572,1470,455,71,97
573,1470,465,71,97
574,1471,475,71,97
575,1472,486,71,97
576,1474,496,71,97
577,1477,506,71,97
578,1481,518,71,97
579,1484,531,71,97
580,1488,542,71,97
581,1492,553,71,97
582,1499,563,71,97
583,1505,574,71,97
584,1514,587,71,97
585,1525,599,71,97
586,1539,613,71,97
587,1555,626,71,97
588,1572,640,71,97
589,1592,654,71,97
590,1614,665,71,97
591,1635,676,71,97
592,1634,659,71,97
593,1654,668,71,97
594,1672,670,71,97
595,1691,676,71,97
596,1706,679,71,97
597,1720,680,71,97
598,1734,680,71,97
599,1744,678,71,97
600,1753,675,71,97
601,1759,678,71,97
602,1763,678,71,97
603,1769,681,71,97
604,1788,685,71,97
605,1787,685,71,97
606,1791,682,71,97
607,1798,682,71,97
608,1805,683,71,97
609,1812,686,71,97
610,1817,686,71,97
611,1819,686,71,97
612,1821,687,71,97
613,1822,687,71,97
614,1822,688,71,97
615,1823,689,71,97
616,1822,689,71,97
617,1822,689,71,97
618,1821,688,71,97
619,1824,691,71,97
620,1824,691,71,97
621,1822,691,71,97
622,1822,691,71,97
623,1824,693,71,97
624,1825,694,71,97
625,1824,693,71,97
626,1826,696,71,97
627,1824,686,71,97
628,1824,693,71,97
629,1826,695,71,97
630,1826,695,71,97
