1.0
0.73892963868514
0.7190815093326172
0.6907851618822912
0.6778663877631063
0.7107438016528925
0.7270248159258249
0.6950884086444008
0.6902631578947368
0.6956177402323126
0.687768659632669
0.6708010335917313
0.6900156821745949
0.6836349433667491
0.5099037917374081
0.5305263157894737
0.53629878304658
0.7466624284806103
0.513079394217531
0.5304249077316173
0.49352946653011825
0.583291894579811
0.5948029342285217
0.5785634812708617
0.5898149268174671
0.5278760638806541
0.5000482020630483
0.5109119251753702
0.6007127934128057
0.5866425992779783
0.5690240083507306
0.5742574257425742
0.47741000241604253
0.5361010830324909
0.528040786598689
0.5019455252918288
0.49746926970354305
0.5025344807261583
0.5034358047016275
0.4985078190282918
0.5024666105161834
0.4918879056047198
0.5078740157480315
0.49744739135848587
0.513022113022113
0.5188738009218886
0.5103562551781275
0.7059393156875403
0.4779303301940315
0.5906140788816775
0.5906140788816775
0.5012112123659015
0.5080213903743316
0.08970251716247139
0.09267338649014593
0.08812949640287769
0.0847750865051903
0.07637094458799885
0.08221476510067115
0.07163160886867538
0.08448275862068966
0.08967751435723752
0.09035608308605342
0.0
0.0
0.08511870295309786
0.08537824887469145
0.08421655686049842
0.0875
0.08511870295309786
0.09041538235725818
0.08923076923076922
0.08812949640287769
0.09507640067911714
0.0875
0.0932475884244373
0.09125235997482693
0.08504398826979472
0.095004095004095
0.09694133377904061
0.0856269113149847
0.09397278029812055
0.1003129632679954
0.09950980392156862
0.09183333333333334
0.10329562223315297
0.0
0.0
0.0
0.0
0.0
0.0
0.0
0.0
0.0
0.0
0.0
0.0
0.0
0.0
0.0
0.0
0.0
0.0
0.0
0.0
0.0
0.0
0.0
0.0
0.0
0.0
0.0
0.0
0.0
0.0
0.0
0.0
0.0
0.0
0.0
0.0
0.0
0.0
0.0
0.0
0.0
0.0
0.0
0.0
0.0
0.0
0.0
0.0
0.0
0.0
0.0
0.0
0.0
0.0005080440304826418
0.005016722408026756
0.0
0.0
0.3422910277006962
0.33140242418342014
0.6489405052974735
0.6844679983693437
0.6850572341961432
0.6441833630546523
0.6825975139305616
0.0
0.0
0.0
0.0
0.0
0.0
0.0
0.0
0.0
0.0
0.0
0.0
0.0
0.0
0.0
0.0
0.0
0.0
0.0
0.0
0.0
0.0
0.0
0.0
0.0
0.0
0.0
0.0
0.0
0.0
0.0
0.0
0.0
0.0
0.0
0.0
0.0
0.0
0.0
0.0
0.0
0.0
0.0
0.0
0.0
0.0
0.0
0.0
0.0
0.0
0.0
0.0
0.0
0.0
0.0
0.0
0.0
0.0
0.0
0.0
0.0
0.0
0.0
0.0
0.0
0.0
0.0
0.0
0.0
0.0
0.0
0.0
0.0
0.0
0.0
0.0
0.0
0.0
0.0
0.0
0.0
0.0
0.0
0.0
0.0
0.0
0.0
0.0
0.0
0.0
0.0
0.0
0.0
0.0
0.0
0.0
0.0
0.0
0.0
0.0
0.0
0.0
0.0
0.0
0.0
0.0
0.0
0.0
0.0
0.0
0.0
0.0
0.0
0.0
0.0
0.0
0.0
0.0
0.0
0.0
0.0
0.0
0.0
0.0
0.0
0.0
0.0
0.0
0.0
0.0
0.0
0.0
0.0
0.0
0.0
0.0
0.0
0.0
0.0
0.0
0.0
0.0
0.0
0.5135440180586908
0.528046421663443
0.5793103448275863
0.6498966230186078
0.6741573033707865
0.6651770367823995
0.658835546475996
0.6207892204042348
0.6141248720573184
0.5987387985396615
0.5851619644723093
0.6013667425968109
0.6939759036144578
0.6664303438496987
0.6795580110497238
0.0
0.0
0.0
0.0
0.0
0.0
0.0
0.0
0.0
0.0
0.0
0.0
0.0
0.0
0.0
0.0
0.0
0.0
0.0
0.0
0.0
0.0
0.0
0.0
0.0
0.0
0.0
0.5845369583687341
0.5961871750433275
0.7138994050838291
0.6668418286915396
0.6477924669493639
0.5186378278877128
0.6266601082144614
0.6489795918367347
0.6559215136650315
0.6420704845814978
0.6112417183158795
0.6122614697523345
0.0
0.0
0.0
0.0
0.0
0.0
0.0
0.0
0.0
0.0
0.0
0.0
0.0
0.0
0.0
0.6156678633894872
0.5766136241730735
0.5826413072595767
0.5813046059886334
0.5600497822028625
0.4014420734677969
0.42299189388356667
0.5398760743553868
0.5398760743553868
0.5163346613545817
0.5161836470471068
0.5125086522298032
0.6672158154859967
0.0
0.0
0.0
0.0
0.0
0.0
0.0
0.0
0.0
0.0
0.0
0.0
0.0
0.0
0.0
