1,340,356,67,91
2,353,365,61,83
3,353,365,61,83
4,353,365,61,83
5,353,359,62,83
6,352,358,62,83
7,353,353,62,83
8,352,353,62,83
9,347,359,62,83
10,347,359,62,83
11,347,365,61,83
12,347,366,61,83
13,347,365,61,84
14,348,365,61,83
15,350,363,62,84
16,352,362,62,83
17,355,361,62,83
18,358,360,62,84
19,365,371,61,83
20,369,371,61,83
21,376,372,59,82
22,381,372,60,82
23,388,373,59,81
24,395,373,59,81
25,403,373,60,82
26,412,374,60,81
27,422,375,58,81
28,424,350,72,99
29,435,351,71,98
30,450,361,59,82
31,460,361,59,81
32,468,344,72,97
33,477,355,60,82
34,486,355,60,81
35,480,364,72,98
36,488,363,70,99
37,504,366,59,83
38,510,366,60,82
39,523,377,49,69
40,528,376,50,69
41,534,376,49,69
42,539,376,50,69
43,540,355,60,82
44,543,360,60,83
45,549,361,59,82
46,555,361,60,83
47,561,361,60,84
48,567,361,61,84
49,576,372,59,82
50,583,372,60,83
51,588,372,59,82
52,595,371,60,83
53,604,371,60,83
54,613,369,61,85
55,622,366,62,86
56,630,364,63,86
57,639,361,63,86
58,647,358,63,86
59,655,355,64,86
60,662,353,65,86
61,670,351,64,86
62,678,350,64,86
63,685,349,65,86
64,695,348,63,87
65,704,348,63,87
66,713,348,64,87
67,723,349,64,87
68,733,349,64,87
69,743,350,64,87
70,754,351,63,87
71,765,353,63,87
72,776,355,63,86
73,787,357,62,86
74,798,359,61,85
75,809,359,61,84
76,820,358,60,83
77,830,356,61,84
78,840,355,60,83
79,849,354,60,81
80,857,352,59,81
81,865,350,59,81
82,873,349,59,81
83,880,348,59,81
84,887,348,59,80
85,742,467,17,25
86,742,467,18,25
87,740,465,21,31
88,739,465,22,31
89,739,466,22,30
90,739,466,22,30
91,739,466,22,30
92,740,466,21,31
93,740,466,21,30
94,1000,584,11,17
95,739,468,19,27
96,1031,591,12,19
97,1044,588,14,21
98,1055,584,13,22
99,1065,361,12,19
100,742,465,20,31
101,742,466,20,30
102,741,465,21,31
103,1031,595,18,27
104,1043,601,24,33
105,1054,602,23,31
106,1065,602,23,31
107,743,465,16,28
108,1160,359,9,16
109,1172,360,8,15
110,1184,363,8,14
111,744,465,16,31
112,742,464,19,32
113,742,465,19,31
114,742,467,18,28
115,741,466,19,30
116,741,466,21,30
117,742,466,20,30
118,741,465,21,31
119,742,465,20,31
120,741,466,21,30
121,741,466,21,30
122,741,466,21,30
123,743,465,19,27
124,742,465,20,27
125,740,465,20,27
126,740,465,20,27
127,740,465,20,27
128,742,467,20,27
129,742,467,20,27
130,742,467,20,27
131,742,467,20,27
132,742,467,20,27
133,742,467,20,27
134,742,467,20,27
135,742,467,20,27
136,740,467,20,27
137,740,467,20,27
138,740,467,20,27
139,740,467,20,27
140,740,467,20,27
141,740,467,20,27
142,740,465,20,27
143,740,465,20,27
144,740,465,20,27
145,740,465,20,27
146,740,465,20,27
147,740,465,20,27
148,740,467,20,27
149,740,467,20,27
150,740,465,20,27
151,740,465,20,27
152,740,465,20,27
153,740,465,20,27
154,740,465,20,27
155,740,465,20,27
156,740,465,20,27
157,740,465,20,27
158,742,467,20,27
159,742,467,20,27
160,742,467,20,27
161,742,467,20,27
162,742,467,20,27
163,742,467,20,27
164,742,467,20,27
165,742,467,20,27
166,742,467,20,27
167,742,467,20,27
168,742,467,20,27
169,742,467,20,27
170,742,467,20,27
171,742,467,20,27
172,742,467,20,27
173,742,467,20,27
174,742,467,20,27
175,740,465,20,27
176,740,465,20,27
177,740,465,20,27
178,740,465,20,27
179,740,465,20,27
180,740,465,20,27
181,740,465,20,27
182,740,467,20,27
183,742,467,20,27
184,742,467,20,27
185,742,467,20,27
186,742,467,20,27
187,742,467,20,27
188,742,467,20,27
189,742,467,20,27
190,742,467,20,27
191,742,467,20,27
192,742,467,20,27
193,742,467,20,27
194,742,467,20,27
195,742,467,20,27
196,742,467,20,27
197,742,467,20,27
198,742,467,20,27
199,742,467,20,27
200,742,467,20,27
201,742,467,20,27
202,742,467,20,27
203,742,467,20,27
204,742,467,20,27
205,742,467,20,27
206,742,467,20,27
207,742,467,20,27
208,742,467,20,27
209,742,467,20,27
210,740,465,20,27
211,740,465,20,27
212,740,465,20,27
213,740,465,20,27
214,740,465,20,27
215,740,465,20,27
216,740,465,20,27
217,740,465,20,27
218,742,467,20,27
219,742,467,20,27
220,742,467,20,27
221,742,467,20,27
222,742,467,20,27
223,742,467,20,27
224,742,467,20,27
225,742,467,20,27
226,742,467,20,27
227,742,467,20,27
228,742,467,20,27
229,742,467,20,27
230,742,467,20,27
231,740,463,20,27
232,740,463,20,27
233,739,467,24,33
234,739,467,24,33
235,739,467,24,33
236,739,467,24,33
237,740,465,20,27
238,740,465,20,27
239,740,467,20,27
240,740,465,20,27
241,740,465,20,27
242,740,465,20,27
243,740,465,20,27
244,740,465,20,27
245,740,465,20,27
246,740,467,20,27
247,740,467,20,27
248,740,467,20,27
249,740,467,20,27
250,740,467,20,27
251,740,467,20,27
252,740,467,20,27
253,740,467,20,27
254,740,467,20,27
255,740,467,20,27
256,740,467,20,27
257,740,467,20,27
258,742,467,20,27
259,742,467,20,27
260,742,467,20,27
261,742,467,20,27
262,742,467,20,27
263,742,467,20,27
264,742,467,20,27
265,742,467,20,27
266,740,467,20,27
267,740,467,20,27
268,740,467,20,27
269,740,467,20,27
270,740,467,20,27
271,742,467,20,27
272,742,467,20,27
273,742,467,20,27
274,742,467,20,27
275,742,467,20,27
276,742,467,20,27
277,742,467,20,27
278,742,467,20,27
279,742,467,20,27
280,742,467,20,27
281,742,467,20,27
282,742,467,20,27
283,742,467,20,27
284,742,467,20,27
285,742,467,20,27
286,740,467,20,27
287,740,467,20,27
288,740,467,20,27
289,740,467,20,27
290,740,465,20,27
291,739,467,24,33
292,739,467,24,33
293,739,467,24,33
294,742,467,20,27
295,742,467,20,27
296,742,467,20,27
297,742,467,20,27
298,742,467,20,27
299,742,467,20,27
300,740,465,20,27
301,740,467,20,27
302,740,465,20,27
303,740,467,20,27
304,740,467,20,27
305,742,467,20,27
306,742,467,20,27
307,742,467,20,27
308,742,467,20,27
309,742,467,20,27
310,742,467,20,27
311,742,467,20,27
312,742,467,20,27
313,740,467,20,27
314,740,467,20,27
315,742,465,20,27
316,742,465,20,27
317,739,467,24,33
318,742,467,20,27
319,742,467,20,27
320,742,467,20,27
321,742,467,20,27
322,740,463,20,27
323,740,463,20,27
324,740,463,20,27
325,740,465,20,27
326,740,465,20,27
327,740,465,20,27
328,740,465,20,27
329,740,467,20,27
330,740,467,20,27
331,740,467,20,27
332,740,467,20,27
333,740,467,20,27
334,740,467,20,27
335,740,467,20,27
336,742,467,20,27
337,742,467,20,27
338,742,467,20,27
339,742,467,20,27
340,742,467,20,27
341,742,467,20,27
342,742,467,20,27
343,740,467,20,27
344,740,467,20,27
345,740,467,20,27
346,740,467,20,27
347,740,465,20,27
348,740,465,20,27
349,742,467,20,27
350,742,467,20,27
351,742,467,20,27
352,740,467,20,27
353,740,467,20,27
354,740,467,20,27
355,740,467,20,27
356,740,467,20,27
357,740,467,20,27
358,740,467,20,27
359,740,467,20,27
360,742,467,20,27
361,742,467,20,27
362,742,467,20,27
363,742,467,20,27
364,742,467,20,27
365,742,467,20,27
366,742,467,20,27
367,742,467,20,27
368,742,467,20,27
369,742,467,20,27
370,742,467,20,27
371,742,467,20,27
372,742,467,20,27
373,742,467,20,27
374,742,467,20,27
375,742,467,20,27
376,742,467,20,27
377,742,467,20,27
378,742,467,20,27
379,742,467,20,27
380,742,467,20,27
381,742,467,20,27
382,742,467,20,27
383,742,467,20,27
384,742,467,20,27
385,742,467,20,27
386,742,467,20,27
387,742,467,20,27
388,742,467,20,27
389,742,467,20,27
390,742,467,20,27
