1.0
0.7497609180745936
0.7497609180745936
0.7497609180745936
0.7021671826625387
0.7245922208281054
0.6338781575037147
0.5870491337688156
0.7728426395939086
0.7728426395939086
0.7120838471023427
0.7120838471023427
0.7427055702917772
0.7120838471023427
0.7208943716268311
0.7251425928780638
0.7077941619018959
0.7529016493585827
0.5913841807909604
0.5814578910120312
0.5698737483674358
0.5361738633114098
0.5453757225433526
0.5729600952948184
0.589140658401026
0.6096504332237825
0.5490811295383237
0.6759186864738077
0.6185885551847732
0.6279949558638083
0.6089251439539347
0.4673450070989115
0.5712519319938176
0.6039699055546662
0.7353141611012676
0.7271711812342921
0.6908593498551657
0.6934051997463538
0.5536451169188445
0.5512734584450402
0.5454853464340166
0.5268595041322314
0.6631883127307754
0.7540650406504065
0.7129863567458312
0.7505154639175258
0.7098121085594989
0.7189849624060151
0.5847531042448744
0.5934718100890207
0.6329738058551618
0.6656580937972768
0.6676789587852494
0.6320088605842448
0.6481227733625651
0.6907647304638529
0.6727812247100081
0.6812933025404158
0.6839872746553552
0.6883465200482768
0.6502242152466368
0.6276371308016878
0.6307469371624292
0.640675763482781
0.6509605399792315
0.6491967342638926
0.6147488053725946
0.60729778004593
0.6343402225755167
0.6139371917985985
0.5810170359933393
0.6027739251040222
0.6056883429029243
0.5834797891036907
0.6290410958904109
0.6397163120567376
0.6539792387543253
0.6344276841171251
0.6115605236064127
0.6810102899906455
0.6704384724186704
0.6257614024662012
0.5985626283367557
0.6305359555622279
0.0
0.0
0.0
0.0
0.0
0.0
0.0
0.0
0.0
0.0
0.0
0.0
0.0
0.0
0.03650659926986802
0.0
0.0
0.0
0.0
0.0
0.0
0.0
0.0
0.01692023318640694
0.01569506726457399
0.01284613188695404
0.0
0.0
0.0
0.0
0.0
0.0
0.0
0.0
0.0
0.0
0.0
0.0
0.0
0.0
0.0
0.0
0.0
0.0
0.0
0.0
0.0
0.0
0.0
0.0
0.0
0.0
0.0
0.0
0.0
0.0
0.0
0.0
0.0
0.0
0.0
0.0
0.0
0.0
0.0
0.0
0.0
0.0
0.0
0.0
0.0
0.0
0.0
0.0
0.0
0.0
0.0
0.0
0.0
0.0
0.0
0.0
0.0
0.0
0.0
0.0
0.0
0.0
0.0
0.0
0.0
0.0
0.0
0.0
0.0
0.0
0.0
0.0
0.0
0.0
0.0
0.0
0.0
0.0
0.0
0.0
0.0
0.0
0.0
0.0
0.0
0.0
0.0
0.0
0.0
0.0
0.0
0.0
0.0
0.0
0.0
0.0
0.0
0.0
0.0
0.0
0.0
0.0
0.0
0.0
0.0
0.0
0.0
0.0
0.0
0.0
0.0
0.0
0.0
0.0
0.0
0.0
0.0
0.0
0.0
0.0
0.0
0.0
0.0
0.0
0.0
0.0
0.0
0.0
0.0
0.0
0.0
0.0
0.0
0.0
0.0
0.0
0.0
0.0
0.0
0.0
0.0
0.0
0.0
0.0
0.0
0.0
0.0
0.0
0.0
0.0
0.0
0.0
0.0
0.0
0.0
0.0
0.0
0.0
0.0
0.0
0.0
0.0
0.0
0.0
0.0
0.0
0.0
0.0
0.0
0.0
0.0
0.0
0.0
0.0
0.0
0.0
0.0
0.0
0.0
0.0
0.0
0.0
0.0
0.0
0.0
0.0
0.0
0.0
0.0
0.0
0.0
0.0
0.0
0.0
0.0
0.0
0.0
0.0
0.0
0.0
0.0
0.0
0.0
0.0
0.0
0.0
0.0
0.0
0.0
0.0
0.0
0.0
0.0
0.0
0.0
0.0
0.0
0.0
0.0
0.0
0.0
0.0
0.0
0.0
0.0
0.0
0.0
0.0
0.0
0.0
0.0
0.0
0.0
0.0
0.0
0.0
0.0
0.0
0.0
0.0
0.0
0.0
0.0
0.0
0.0
0.0
0.0
0.0
0.0
0.0
0.0
0.0
0.0
0.0
0.0
0.0
0.0
0.0
0.0
0.0
0.0
0.0
0.0
0.0
0.0
0.0
0.0
0.0
0.0
0.0
0.0
0.0
0.0
0.0
0.0
0.0
0.0
0.0
0.0
0.0
