1.0
0.96248382923674
0.8554289142171566
0.8722466960352423
0.9487179487179487
0.8768267223382046
0.958904109589041
0.8879492600422833
0.9464344396976668
0.8455284552845529
0.8445777111444278
0.8496273564226217
0.9818871103622578
0.9220498015156983
0.8215398308856253
0.794912559618442
0.767761062918634
0.6994384789675894
0.7435835155048174
0.6813294232649071
0.6728370749638966
0.6106770833333334
0.6689091782796732
0.7772241992882563
0.8117384013415316
0.6493679991778851
0.6779212360218249
0.6938459707177717
0.7019621109607578
0.7388775806920617
0.8050854453892512
0.7913649280410671
0.8791870103326899
0.9578947368421052
0.9523433801483352
0.9550457004290245
0.9084687767322498
0.895673076923077
0.8524590163934426
0.9437713575644611
0.8013157894736842
0.9740566037735849
0.9512195121951219
0.9937046004842615
1.0
0.8587724063009234
0.8359150889271372
0.9792284866468842
0.9742813918305597
0.8696319018404908
0.8408531583264971
0.8428158148505304
0.7703349282296651
0.8802747791952895
0.7595307917888563
0.8543689320388349
0.8774193548387097
0.8372093023255814
0.831230283911672
0.8827470686767169
0.816
0.8272583201267829
0.7739403453689168
0.8115942028985508
0.841995841995842
0.791015625
0.7459016393442623
0.926208651399491
0.8578680203045685
0.7907542579075426
0.8524590163934426
0.8813559322033898
0.7612293144208038
0.7801418439716312
0.9108910891089109
0.7874720357941835
0.9732739420935412
0.8042553191489362
0.9032258064516129
0.8725761772853186
0.9090909090909091
0.7868852459016393
0.9411764705882353
0.9411764705882353
