1.0
0.9464788732394366
0.9256686349426885
0.8321720690699788
0.8095238095238095
0.9561042524005487
0.9674234945705824
0.7963636363636364
0.8629137346885588
0.8375817730656441
0.7881456796000952
0.6576470588235294
0.7468566638725901
0.647162083089526
0.5521885521885522
0.6581031145521732
0.6468350051885161
0.6435061464457509
0.5582767778105636
0.5409223099293726
0.5576378589726304
0.5371041817742326
0.4912126537785589
0.47237132933375436
0.5140294148325858
0.5028485757121439
0.4998062766369624
0.4897172236503856
0.40795337675694204
0.35585080838802624
0.35202174651715934
0.4232741617357002
0.40913169175555775
0.36459209419680405
0.26733480946276655
0.0
0.0
0.0
0.0
0.0
0.0
0.0
0.0
0.0
0.0
0.0
0.0
0.0
0.0
0.0
0.0
0.0
0.0
0.0
0.0
0.0
0.0
0.0
0.0
0.0
0.0
0.0
0.0
0.0
0.0
0.0
0.0
0.0
0.0
0.0
0.0
0.0
0.0
0.0
