1.0
0.9907001941221615
0.6210011000392411
0.7233958511629841
0.6327869821125508
0.6379690949227373
0.644429336851458
0.6498942309667084
0.639788643683483
0.6751580566155949
0.6673744837847148
0.6638160966129727
0.6858638937064799
0.6819309539039478
0.6606533934660653
0.6658338421429186
0.682331796396287
0.7055188824071231
0.7213930348258707
0.6987793455600205
0.7400033385434845
0.7286245914385139
0.7193234786930428
0.7080820219650242
0.6989198511391486
0.6913316869374331
0.6786824400908291
0.6892987878811208
0.682276947920872
0.6843979245643966
0.6791511587902292
0.6879475741186688
0.6682152504960515
0.6915633357646487
0.6814399735162435
0.6944479694132769
0.6850973121748434
0.7179575555564897
0.710624094716292
0.697090449082859
0.6895986207186561
0.7049963732559628
0.6533301389554385
0.6533301389554385
0.6667575674938642
0.6552445462695488
0.6851159941453469
0.6596619482212702
0.6917237476338232
0.6842962630588098
0.6841805993376162
0.6653196709481888
0.688143072105413
0.6740474129421234
0.6740474129421234
0.6991262873983359
0.6748464351194854
0.446642803091495
0.4423637759017652
0.43965000599304804
0.4436676432305837
0.44433648034104983
0.4434243503495581
0.4411281165469077
0.44682405795271046
0.4454813715196061
0.43990002580855486
0.45305285937636114
0.44171469012233344
0.4479808350444901
0.4434988022041349
0.4393867845780328
0.46120930506131813
0.4833430186486344
0.4833430186486344
0.4907479583775837
0.5037839168153572
0.4960668715812576
0.49377325920279785
0.48783223057081976
0.0
0.0
0.23807152106783544
0.0
0.0
0.0
0.0
0.0
0.0
0.0
0.0
0.0
0.0
0.0
0.0
0.0
0.0
0.0
0.0
0.0
0.0
0.0
0.0
0.0
0.0
0.006193878219833519
0.0
0.0
0.0
0.0
0.0
0.0
0.0
0.0
0.0
0.0
0.0
0.0
0.013885368257991831
0.014550918705063339
0.014550918705063339
0.014341689808650663
0.014836371936431853
0.01446695294083124
0.01446695294083124
0.01514898240628526
0.015985122343648787
0.015985122343648787
0.015452123491615734
0.0153640681642449
0.0153640681642449
0.0
0.01576574175736321
0.016309561880396548
0.01576574175736321
0.012104083861596839
0.011822460422906298
0.012104083861596839
0.08579026092737245
0.08482538556993441
0.08386053159311743
0.08110147114296491
0.08015754146557941
0.07913988029261805
0.07979505508177438
0.07693699398435026
0.07598629532887818
0.01779226716069581
0.017931785016447776
0.017313233493686853
0.017313233493686853
0.018634244676830038
0.013542112821546446
0.013542112821546446
0.013542112821546446
0.013406879644526163
0.013406879644526163
0.01372626632787262
0.015070163879270465
0.015070163879270465
0.013902232269002543
0.010679776233259875
0.010679776233259875
0.010703666997026759
0.010703666997026759
0.009910522142938045
0.010633210498185603
0.010633210498185603
0.010633210498185603
0.01066335670056561
0.011181943232409886
0.010871172903416654
0.011181943232409886
0.011515963928832562
0.011515963928832562
0.011515963928832562
0.01206452693954027
0.011583366530812367
0.011583366530812367
0.012000380964475062
0.012374362341532401
0.012509147846214068
0.012866771053169038
0.013080852124081227
0.019135945315698597
0.02019955279129634
0.014202517377418749
0.013807743608047943
0.013807743608047943
0.013559584689291802
0.014644918833055675
0.014644918833055675
0.013559584689291802
0.013253559527415935
0.01431438633695611
0.014712286747581089
0.01431438633695611
0.01431438633695611
0.01431438633695611
0.01528137128072445
0.01528137128072445
0.014553392759687101
0.015419131144197431
0.016690653663566257
0.016239206083258153
0.016239206083258153
0.015035655984191081
0.023096921126700042
0.023553384018755067
0.023005126856842383
0.023005126856842383
0.023005126856842383
0.01689083515796059
0.01689083515796059
0.017360412896306722
0.01689083515796059
0.01689083515796059
0.01689083515796059
0.018575851393188854
0.018575851393188854
0.018575851393188854
0.017896032572673044
0.017555266579973992
0.017555266579973992
0.01804333186261988
0.017555266579973992
0.02639137799818329
0.018554879246023954
0.018554879246023954
0.018554879246023954
0.01887546189953061
0.01887546189953061
0.018350685341921955
0.01887546189953061
0.019979386347419328
0.019979386347419328
0.019979386347419328
0.019979386347419328
0.019979386347419328
0.018872769290024394
0.019412489728841412
0.019412489728841412
0.019276666054709013
0.020772680777401843
0.01888326470665373
0.019276666054709013
0.020170696232059058
0.019209659714599342
0.020170696232059058
0.019209659714599342
0.02225886232481451
0.021639923450610922
0.021639923450610922
0.02229637494312149
0.021233998665291513
0.022934109938114306
0.022934109938114306
0.022274470981314194
0.0233889181078489
0.0233889181078489
0.0233889181078489
0.022802678409844967
0.022802678409844967
0.022802678409844967
0.022802678409844967
0.022802678409844967
0.022673288706542862
0.025378495417771662
0.024672708962739175
0.024672708962739175
0.02593126157645606
0.02593126157645606
0.02593126157645606
0.02475330886067423
0.025461403745116528
0.025461403745116528
0.025272447683358963
0.025272447683358963
0.02456961390606719
0.02456961390606719
0.025272447683358963
0.025272447683358963
0.025272447683358963
0.025272447683358963
0.026365348399246705
0.026365348399246705
0.025632083696599826
0.026365348399246705
0.026365348399246705
0.026365348399246705
0.026365348399246705
0.02660660237910889
0.02660660237910889
0.025338729544254795
0.025866619743093438
0.025866619743093438
0.027226255741591345
0.027226255741591345
0.027226255741591345
0.025187050892658717
0.02592880690447087
0.025187050892658717
0.028005186145582516
0.029960765664011412
0.029960765664011412
0.029127367837045257
0.029960765664011412
0.032622766893932856
0.032622766893932856
0.03171521035598705
0.03353442157558552
0.03353442157558552
0.03353442157558552
0.03353442157558552
0.03307375973400997
0.03307375973400997
0.03307375973400997
0.03307375973400997
0.03307375973400997
0.03307375973400997
0.033115773796486926
0.033115773796486926
0.033115773796486926
0.033115773796486926
0.03488372093023256
0.03488372093023256
0.03488372093023256
0.03488372093023256
0.03391316384441471
0.03391316384441471
0.032296761096244346
0.032514283060058526
0.032514283060058526
0.037051558517937656
0.037051558517937656
0.03430363618543566
0.036020583190394515
0.036020583190394515
0.03565243964551289
0.03850855745721271
0.03565243964551289
0.035601668192452446
0.035601668192452446
0.035601668192452446
0.0345827188119819
0.0
0.0
0.0
0.0
0.0
0.0
0.0
0.0
0.0
0.0
0.0
0.0
0.0
0.0
0.0
0.0
0.0
0.0
0.0
0.0
0.0
0.0
0.0
0.0
0.0
0.0
0.0
0.0
0.0
0.0
0.0
0.0
0.0
0.0
0.0
0.0
0.0
0.0
0.0
0.0
0.0
0.0
0.0
0.0
0.0
0.0
0.0
0.0
0.0
0.0
0.0
0.0
0.0
0.0
0.0
0.0
0.0
0.0
0.0
0.0
0.0
0.0
0.0
0.0
0.0
0.0
0.0
0.0
0.0
0.0
0.0
0.0
0.0
0.0
0.0
0.0
0.0
0.0
0.0
0.0
0.0
0.0
0.0
0.0
0.0
0.0
0.0
0.0
0.0
0.0
0.0
0.0
0.0
0.0
0.0
0.0
0.0
0.0
0.0
0.0
0.0
0.0
0.0
0.0
0.0
0.0
0.0
0.0
0.0
0.0
0.0
0.0
0.0
0.0
0.0
0.0
0.0
0.0
0.0
0.0
0.0
0.0
0.0
0.0
0.0
0.0
0.0
0.0
0.0
0.0
0.0
0.0
0.0
0.0
0.0
0.0
0.0
0.0
0.0
0.0
0.0
0.0
0.0
0.0
0.0
0.0
0.0
0.0
0.0
0.0
0.0
0.0
0.0
0.0
0.0
0.0
0.0
0.0
0.0
0.0
0.0
0.0
0.0
0.0
0.0
0.0
0.0
0.0
0.0
0.0
0.0
0.0
0.0
0.0
0.0
0.0
0.0
0.0
0.0
0.0
0.0
0.0
0.0
0.0
0.0
0.0
0.0
0.0
0.0
0.0
0.0
0.0
0.0
0.0
0.0
0.0
0.0
0.0
0.0
0.0
0.0
0.0
0.0
0.0
0.0
0.0
0.0
0.0
0.0
0.0
0.0
0.0
0.0
0.0
0.0
0.0
0.0
0.0
0.0
0.0
0.0
0.0
0.0
0.0
0.0
0.0
0.0
0.0
0.0
0.0
0.0
0.0
0.0
