1.0
0.9125618863808005
0.9149281805745554
0.8465787051242712
0.8683074592957213
0.9038737446197992
0.881117192530586
0.852807735217553
0.8807128043628543
0.8878079397458026
0.8818810072285328
0.8820477343479765
0.8324417743395606
0.8680555555555556
0.8495629038388446
0.8782622791376236
0.861134762752535
0.7607861614053981
0.8217151629335008
0.9030284253737123
0.9380668355257783
0.8370607028753994
0.9631741140215716
0.8690781481981374
0.8980955562980287
0.9492951819903219
0.9395233013162576
0.8650639782861574
0.8560681053256781
0.8674698795180723
0.7560654504419786
0.8671440444984336
0.8602274918064392
0.7949725058915946
0.8114250232846942
0.8035236541598695
0.8085888764856524
0.8218851427435915
0.7707856598016781
0.8774953324716358
0.8197087707416187
0.9220788232028865
0.9232460807263957
0.80926019124308
0.8147268408551069
0.8269617706237424
0.8433838617859271
0.8224112056028015
0.8518518518518519
0.8522121117037966
0.8175468692562186
0.8914626944025198
0.7696806644051936
0.8568676555576961
0.8350382848392037
0.8855072463768116
0.78957744627719
0.8283499446290143
0.8415131486429476
0.8726554787759131
0.9173887063041529
0.8642001559288397
0.8428540633757275
0.9090909090909091
0.832727744614586
0.8306654319354412
0.792622005892148
0.8127610357900148
0.8107154524665142
0.7981604496678589
0.8287758752875032
0.9223822833799183
0.8574543472335786
0.9007371007371008
0.9322144725370531
0.9583333333333334
0.931212501744105
0.9373054690973767
0.938921782486756
0.9590359463683474
0.9468317552804079
0.8752642706131079
0.9548693586698337
0.9545206334347452
0.9578850995651179
0.9687022900763359
0.9521626617375231
0.8704663212435233
0.9684782608695652
0.9082885930720012
0.943326153160514
0.9422357878672263
0.899903035727605
0.9609303739738523
0.9650607128867998
0.9763779527559056
0.8838746766312159
0.9273845252909743
0.9748519628627824
0.9445145018915511
0.9819819819819819
0.9665910497009693
0.946883758174296
0.97246367616268
0.984859177519728
0.9617375231053604
0.9763779527559056
0.9770289108430814
0.8301462317210349
0.9044633187026164
0.9336734693877551
0.8922692700647066
0.8609667946690761
0.9270815074496056
0.9483593329747176
0.9712230215827338
0.9503857039791331
0.9355560405980574
0.9410214168039539
0.9375774223083966
0.9099612032045146
0.9510285057951342
0.9621530698065601
0.935782283655139
0.9501606051186405
0.9296684673233767
0.9572426738971739
0.9424460431654677
0.9574380590110003
0.9645317683082419
0.9785200357124101
1.0
0.956725644851844
0.9282789037068151
0.9779352552746013
0.8973461942126043
0.8872390789756832
0.9487936702512955
1.0
0.9575511945392492
0.984845031905196
0.9224848517932202
0.9054539604225881
0.9350821849576623
0.9404735560964815
0.9337225646015785
0.9282486190927858
0.955867259664728
0.8701864343761619
0.9009996775233795
0.9847906512419989
0.9481186805900879
0.9703736458103029
0.9848552338530067
0.9336698304712788
1.0
0.9346104151452166
0.8998736055393747
0.9775075987841946
0.9569357281973598
0.9637971762896226
0.9701492537313433
0.9136363636363637
0.8818038055399684
0.9199099741999232
0.8813334692629218
0.9139443915847341
0.9777208421521667
0.9630158033362599
0.9702638942228562
0.9850176757757702
0.9777727885047148
0.9925917673926363
0.9620672240615005
0.9625565610859729
0.934227607096495
0.9419973833406018
0.9915839084329238
0.9921919203349553
0.9838411543736212
0.9694656488549618
0.9477611940298507
0.9708582834331337
0.9462182971014492
0.9309326694841661
0.9372265328743947
0.9452230858681682
0.9715291307900195
0.9219148518736512
0.9738493723849372
0.9407781171159209
0.9667458432304038
0.9157179948072698
0.9615906623235614
0.9645961416154335
0.9758257203092059
0.9116306716861502
0.9227647597853122
0.9393063583815029
0.9830699774266366
0.9413390451184965
0.9401848830886351
0.9124758542596416
0.9710144927536232
0.9951452895236755
0.9100787829394187
0.9611138457211167
0.966759190305328
0.9377302105775245
0.9120603015075377
0.9815776371007895
0.9145905024088093
0.9341527655838455
0.905847097358701
0.865761990288033
0.8679576229565705
0.8678712971048566
0.8371361132966169
0.8353110863436701
0.875398062199336
0.8886869910491958
0.9045341238294146
0.8715021119324181
0.8794383149448345
0.8152749747729566
0.8168995690218102
0.8424242424242424
0.9009287925696594
0.8371348026652998
0.8814865325605182
0.8187345620368611
0.886408927859705
0.8347916938748857
0.8789808917197452
0.8477722772277227
0.9183979292963694
0.9072108093202813
0.9484008528784649
0.8972815936916373
0.8412146025247356
0.8397435897435898
0.9100780959464485
0.8313353197976578
0.869316010699274
0.8571428571428571
0.8439854870220486
0.8372109419063734
0.808868605680812
0.8323242396182065
0.7929883138564274
0.8276333789329685
0.7632991703269888
0.8987272155876807
0.9311427881130708
0.9309977899648031
0.8693028426234715
0.8774274707131063
0.8966281462719645
0.7880085653104925
0.7691251896265261
0.8683265501556141
0.9673766058147397
0.8516930356350731
0.9793028322440087
0.9232347409813644
0.9143470719418518
0.8890663685009185
0.871969038780507
0.9099804305283757
0.8270457164809835
0.8583225388601037
0.8018142058799709
0.8949897659517665
0.8622594142259414
1.0
0.9503328213005633
0.9320248922929631
0.9884816753926702
0.9544679814950086
0.9011536818117077
0.8623741422433143
0.8158419324577861
0.9059244791666666
0.8457012969648349
0.9183163158991456
0.918201516793066
0.9215478399151869
0.9159663865546218
0.8378170637970792
0.9249910104279037
0.9277058086084413
0.9821606964464107
0.9104808173179967
0.8873306881926392
0.8995344959355243
0.9062522692614915
0.8974251913709116
0.7965862271924662
0.8777936873560356
0.9143798024149287
0.8729569093610698
0.9007442576671372
0.9758479962534288
0.9452837374635014
0.9447680257079735
0.9414864115363284
0.9391936549900859
0.9381107491856677
0.957861350249207
0.9870096790626592
0.9807023093957609
0.876782319391635
0.8791864706532552
0.9043978154642138
0.8269876530454099
0.9381740523224773
0.9587488667271079
0.9047545776273272
0.8435868563824342
0.8519701810436635
0.8556758397409956
0.8544545021438781
0.9061044619159697
0.9094541910331384
0.8866884633348903
0.8392737054472091
0.8369179552323799
0.8500173490631506
0.9178470254957507
0.8268903572983025
0.8080445453879405
0.5529607167123839
0.6105467905770477
0.7033506874916566
0.6658317178889591
0.5707461328480437
0.8510909196134036
0.6927177534507377
0.6282722513089005
0.6560598156842288
0.48278160798554465
0.45044687189672294
0.5267189697283695
0.5735813515422651
0.6957103276965702
0.7304161566707467
0.5172289633817017
0.7770189516817483
0.7774216245797827
0.8319358477909565
0.7920529801324503
0.923082442419459
0.8902753020400079
0.857798474724978
0.8900610957166227
0.814176620325044
0.8072838141186719
0.8460852872617578
0.793906333155934
0.7631993695823484
0.8488843813387424
0.7183953466316821
0.7886457598063931
0.8423331370579474
0.8907664027149321
0.8240113759479957
0.808500930118283
0.8301019675427258
0.8554059449061808
0.9195988161788885
0.9013134851138354
0.8790782767783247
0.8614118131302737
0.886820228611015
0.9294491232914538
0.9433856502242153
0.9012581014105986
0.8228081802688885
0.8504211926402128
0.9494949494949495
0.9693877551020408
0.9611435474129253
0.9697090210114668
0.8802161890397184
0.9793772193389784
0.9265354716716857
0.8675632701735789
0.8723336517032793
0.9471766848816029
0.8689890193108671
0.9061059907834101
0.8120761321373878
0.7821978774392332
0.8743608473338204
0.8403685451039211
0.8639259259259259
0.9285714285714286
0.9389613586020182
0.9661016949152542
0.9175946547884187
0.7748289446402654
0.8184470856166821
0.7761173472901315
0.8358970620398046
0.8092990978487161
0.828646364563602
0.8232113760924308
0.8644960320403471
0.8613025116692599
0.9181937678806155
0.8498428247678924
0.8846153846153846
0.8803457688808007
0.8287292817679558
0.871864258026768
0.96407375168157
0.889854649039515
0.8741099401879806
0.899663047547735
0.8910503012266822
0.8506212857914641
0.8682212216920906
0.9103521126760563
0.9046990129292367
0.8192184497117233
0.7572924457741211
0.7785723406972289
0.7400190415741035
0.8116451738960532
0.7905860995850622
0.8142361111111112
0.899758036640166
0.8622939560439561
0.8081173529798711
0.83743187558155
0.8141851170462475
0.8407608695652173
0.8284389489953632
0.8651763399055817
0.845631067961165
0.8153782326095975
0.869755615199887
0.7996150144369586
0.8920863309352518
0.8628376606346708
0.8693858540155699
0.9065217391304348
0.9280207507745515
0.8862144420131292
0.8241082410824109
