1,1012,369,16,69
2,1011,369,17,70
3,1011,369,17,70
4,1011,369,17,70
5,1011,369,17,70
6,1011,369,17,70
7,1011,369,17,70
8,1011,369,17,70
9,1011,369,17,70
10,1011,369,17,70
11,1011,369,17,70
12,1011,369,17,70
13,1011,369,17,70
14,1011,369,17,70
15,1011,369,17,70
16,1011,369,17,70
17,1011,369,17,70
18,1011,369,17,70
19,1011,369,17,70
20,1011,369,17,70
21,1011,369,17,70
22,1011,369,17,70
23,1011,369,17,70
24,1011,369,17,70
25,1011,369,17,70
26,1011,369,17,70
27,1011,369,17,70
28,1011,369,17,70
29,1011,369,17,70
30,1011,369,17,70
31,1011,369,17,70
32,1011,369,17,70
33,1011,369,17,70
34,1011,369,17,70
35,1011,369,17,70
36,1011,369,17,70
37,1011,369,17,70
38,1011,369,17,70
39,1011,369,17,70
40,1011,369,17,70
41,1011,369,17,70
42,1011,369,17,70
43,1011,369,17,70
44,1011,369,17,70
45,1011,369,17,70
46,1011,369,17,70
47,1011,369,17,70
48,1011,369,17,70
49,1011,369,17,70
50,1011,369,17,70
51,1011,369,17,70
52,1011,369,17,70
53,1011,369,17,70
54,1011,369,17,70
55,1011,369,17,70
56,1011,369,17,70
57,1011,369,17,70
58,1011,369,17,70
59,1011,369,17,70
60,1011,369,17,70
61,1011,369,17,70
62,1011,369,17,70
63,1011,369,17,70
64,1011,369,17,70
65,1011,369,17,70
66,1011,369,17,70
67,1011,369,17,70
68,1011,369,17,70
69,1011,369,17,70
70,1011,369,17,70
71,1011,369,17,70
72,1011,369,17,70
73,1011,369,17,70
74,1011,369,17,70
75,1011,369,17,70
76,1011,369,17,70
77,1011,369,17,70
78,1011,369,17,70
79,1011,369,17,70
80,1011,369,17,70
81,1011,369,17,70
82,1011,369,17,70
83,1011,369,17,70
84,1011,369,17,70
85,1011,369,17,70
86,1011,369,17,70
87,1011,369,17,70
88,1011,369,17,70
89,1011,369,17,70
90,1011,369,17,70
91,1011,369,17,70
92,1011,369,17,70
93,1011,369,17,70
94,1011,369,17,70
95,1011,369,17,70
96,1011,369,17,70
97,1011,369,17,70
98,1011,369,17,70
99,1011,369,17,70
100,1011,369,17,70
101,1011,369,17,70
102,1011,369,17,70
103,1011,369,17,70
104,1011,369,17,70
105,1011,369,17,70
106,1011,369,17,70
107,1011,369,17,70
108,1011,369,17,70
109,1011,369,17,70
110,1011,369,17,70
111,1011,369,17,70
112,1011,369,17,70
113,1011,369,17,70
114,1011,369,17,70
115,1011,369,17,70
116,1011,369,17,70
117,1011,369,17,70
118,1011,369,17,70
119,1011,369,17,70
120,1011,369,17,70
121,1011,369,17,70
122,1011,369,17,70
123,1011,369,17,70
124,1011,369,17,70
125,1011,369,17,70
126,1011,369,17,70
127,1011,369,17,70
128,1011,369,17,70
129,1011,369,17,70
130,1011,369,17,70
131,1011,369,17,70
132,1011,369,17,70
133,1011,369,17,70
134,1011,369,17,70
135,1011,369,17,70
136,1011,369,17,70
137,1011,369,17,70
138,1011,369,17,70
139,1011,369,17,70
140,1011,369,17,70
141,1011,369,17,70
142,1011,369,17,70
143,1011,369,17,70
144,1011,369,17,70
145,1011,369,17,70
146,1011,369,17,70
147,1011,369,17,70
148,1011,369,17,70
149,1011,369,17,70
150,1011,369,17,70
151,1011,369,17,70
152,1011,369,17,70
153,1011,369,17,70
154,1011,369,17,70
155,1011,369,17,70
156,1011,369,17,70
157,1011,369,17,70
158,1011,369,17,70
159,1011,369,17,70
160,1011,369,17,70
161,1011,369,17,70
162,1011,369,17,70
163,1011,369,17,70
164,1011,369,17,70
165,1011,369,17,70
166,1011,369,17,70
167,1011,369,17,70
168,1011,369,17,70
169,1011,369,17,70
170,1011,369,17,70
171,1011,369,17,70
172,1011,369,17,70
173,1011,369,17,70
174,1011,369,17,70
175,1011,369,17,70
176,1011,369,17,70
177,1011,369,17,70
178,1011,369,17,70
179,1011,369,17,70
180,1011,369,17,70
181,1011,369,17,70
182,1011,369,17,70
183,1011,369,17,70
184,1011,369,17,70
185,1011,369,17,70
186,1011,369,17,70
187,1011,369,17,70
188,1011,369,17,70
189,1011,369,17,70
190,1011,369,17,70
191,1011,369,17,70
192,1011,369,17,70
193,1011,369,17,70
194,1011,369,17,70
195,1011,369,17,70
196,1011,369,17,70
197,1011,369,17,70
198,1011,369,17,70
199,1011,369,17,70
200,1011,369,17,70
201,1011,369,17,70
202,1011,369,17,70
203,1011,369,17,70
204,1011,369,17,70
205,1011,369,17,70
206,1011,369,17,70
207,1011,369,17,70
208,1011,369,17,70
209,1011,369,17,70
210,1011,369,17,70
211,1011,369,17,70
212,1011,369,17,70
213,1011,369,17,70
214,1011,369,17,70
215,1011,369,17,70
216,1011,369,17,70
217,1011,369,17,70
218,1011,369,17,70
219,1011,369,17,70
220,1011,369,17,70
221,1011,369,17,70
222,1011,369,17,70
223,1011,369,17,70
224,1011,369,17,70
225,1011,369,17,70
226,1011,369,17,70
227,1011,369,17,70
228,1011,369,17,70
229,1011,369,17,70
230,1011,369,17,70
231,1011,369,17,70
232,1011,369,17,70
233,1011,369,17,70
234,1011,369,17,70
235,1011,369,17,70
236,1011,369,17,70
237,1011,369,17,70
238,1011,369,17,70
239,1011,369,17,70
240,1011,369,17,70
241,1011,369,17,70
242,1011,369,17,70
243,1011,369,17,70
244,1011,369,17,70
245,1011,369,17,70
246,1011,369,17,70
247,1011,369,17,70
248,1011,369,17,70
249,1011,369,17,70
250,1011,369,17,70
251,1011,369,17,70
252,1011,369,17,70
253,1011,369,17,70
254,1011,369,17,70
255,1011,369,17,70
256,1011,369,17,70
257,1011,369,17,70
258,1011,369,17,70
259,1011,369,17,70
260,1011,369,17,70
261,1011,369,17,70
262,1011,369,17,70
263,1011,369,17,70
264,1011,369,17,70
265,1011,369,17,70
266,1011,369,17,70
267,1011,369,17,70
268,1011,369,17,70
269,1011,369,17,70
270,1011,369,17,70
271,1011,369,17,70
272,1011,369,17,70
273,1011,369,17,70
274,1011,369,17,70
275,1011,369,17,70
276,1011,369,17,70
277,1011,369,17,70
278,1011,369,17,70
279,1011,369,17,70
280,1011,369,17,70
281,1011,369,17,70
282,1011,369,17,70
283,1011,369,17,70
284,1011,369,17,70
285,1011,369,17,70
286,1011,369,17,70
287,1011,369,17,70
288,1011,369,17,70
289,1011,369,17,70
290,1011,369,17,70
291,1011,369,17,70
292,1011,369,17,70
293,1011,369,17,70
294,1011,369,17,70
295,1011,369,17,70
296,1011,369,17,70
297,1011,369,17,70
298,1011,369,17,70
299,1011,369,17,70
300,1011,369,17,70
301,1011,369,17,70
302,1011,369,17,70
303,1011,369,17,70
304,1011,369,17,70
305,1011,369,17,70
306,1011,369,17,70
307,1011,369,17,70
308,1011,369,17,70
309,1011,369,17,70
310,1011,369,17,70
311,1011,369,17,70
312,1011,369,17,70
313,1011,369,17,70
314,1011,369,17,70
315,1011,369,17,70
316,1011,369,17,70
317,1011,369,17,70
318,1011,369,17,70
319,1011,369,17,70
320,1011,369,17,70
321,1011,369,17,70
322,1011,369,17,70
323,1011,369,17,70
324,1011,369,17,70
325,1011,369,17,70
326,1011,369,17,70
327,1011,369,17,70
328,1011,369,17,70
329,1011,369,17,70
330,1011,369,17,70
331,1011,369,17,70
332,1011,369,17,70
333,1011,369,17,70
334,1011,369,17,70
335,1011,369,17,70
336,1011,369,17,70
337,1011,369,17,70
338,1011,369,17,70
339,1011,369,17,70
340,1011,369,17,70
341,1011,369,17,70
342,1011,369,17,70
343,1011,369,17,70
344,1011,369,17,70
345,1011,369,17,70
346,1011,369,17,70
347,1011,369,17,70
348,1011,369,17,70
349,1011,369,17,70
350,1011,369,17,70
351,1011,369,17,70
352,1011,369,17,70
353,1011,369,17,70
354,1011,369,17,70
355,1011,369,17,70
356,1011,369,17,70
357,1011,369,17,70
358,1011,369,17,70
359,1011,369,17,70
360,1011,369,17,70
361,1011,369,17,70
362,1011,369,17,70
363,1011,369,17,70
364,1011,369,17,70
365,1011,369,17,70
366,1011,369,17,70
367,1011,369,17,70
368,1011,369,17,70
369,1011,369,17,70
370,1011,369,17,70
371,1011,369,17,70
372,1011,369,17,70
373,1011,369,17,70
374,1011,369,17,70
375,1011,369,17,70
376,1011,369,17,70
377,1011,369,17,70
378,1011,369,17,70
