1.0
0.8142493638676844
0.8519480519480519
0.7732517999802742
0.7753378378378378
0.7426470588235294
0.7945717376339857
0.7656569410890169
0.7480069324090122
0.7800917755030004
0.6829802204675163
0.7378964941569283
0.7236626189694781
0.5779941577409932
0.6286631314540887
0.5851789309605767
0.5340463458110517
0.5282403633399324
0.5367569468870911
0.5215887537654803
0.486136686483927
0.4776149984632722
0.4565882067459355
0.4359370035855308
0.4205348908699662
0.4267161410018553
0.39077601764587927
0.3741073485372034
0.3605150214592275
0.35244341019674214
0.3616273229532898
0.3371479749228779
0.32639393460748695
0.3090342679127726
0.30185302776655315
0.2871661801275814
0.2855706118992166
0.2648936170212766
0.24175485687883655
0.23756470613296976
0.23604208084824388
0.24687193064867405
0.21481698604037666
0.20768863503739987
0.21238749911416627
0.199072265625
0.1833641404805915
0.1828231899790039
0.17906795684573462
0.18866325867766262
0.1858056529812255
0.0
0.0
0.0
0.0
0.0
0.0
0.0
0.0
0.0
0.0
0.0
0.0
0.0
0.0
0.0
0.0
0.0
0.0
0.0
0.0
0.0
0.0
0.0
0.0
0.0
0.0
0.0
0.0
0.0
0.0
0.0
0.0
0.0
0.0
0.0
0.0
0.0
0.0
0.0
0.0
0.0
0.0
0.0
0.0
0.0
0.0
0.0
0.0
0.0
0.0
0.0
0.0
0.0
0.0
0.0
0.0
0.0
0.0
0.0
0.0
0.0
0.0
0.0
0.0
0.0
0.0
0.0
0.0
0.0
0.0
0.0
0.0
0.0
0.0
0.0
0.0
0.0
0.0
0.0
0.0
0.0
0.0
0.0
0.0
0.0
0.0
0.0
0.0
0.0
0.0
0.0
0.0
0.0
0.0
