1,2282,518,324,634
2,2290,530,337,643
3,2287,534,348,639
4,2286,524,361,639
5,2285,529,359,637
6,2289,539,365,634
7,2290,548,362,632
8,2300,548,359,631
9,2299,553,359,630
10,2305,556,354,631
11,2306,549,354,631
12,2310,549,362,631
13,2298,546,367,630
14,2303,556,363,629
15,2301,546,365,632
16,2301,541,364,633
17,2295,546,361,632
18,2298,545,363,631
19,2289,544,367,634
20,2287,542,365,634
21,2283,539,371,633
22,2274,538,373,634
23,2267,539,377,633
24,2260,529,384,636
25,2250,521,390,638
26,2242,524,397,635
27,2244,515,397,638
28,2236,518,402,640
29,2238,533,392,642
30,2236,540,391,642
31,2231,543,392,644
32,2233,548,394,642
33,2230,545,396,641
34,2228,544,397,640
35,2223,540,401,640
36,2219,541,409,639
37,2211,539,410,641
38,2207,547,413,640
39,2203,548,411,641
40,2202,543,414,642
41,2207,546,416,641
42,2201,540,421,645
43,2200,532,426,646
44,2201,531,423,646
45,2205,530,419,649
46,2209,532,412,651
47,2214,527,413,651
48,2207,522,414,653
49,2210,523,410,653
50,2210,516,411,652
51,2208,513,413,649
52,2212,512,416,650
53,2211,515,412,648
54,2209,511,415,646
55,2212,509,421,646
56,2212,511,420,647
57,2210,506,426,649
58,2208,504,424,649
59,2208,504,428,651
60,2206,501,425,652
61,2199,503,425,656
62,2204,502,426,657
63,2196,501,424,657
64,2193,496,425,657
65,2190,489,436,668
66,2188,489,433,674
67,2186,492,429,668
68,2185,496,423,664
69,2183,498,422,664
70,2186,495,426,664
71,2181,497,429,666
72,2182,499,430,667
73,2184,496,435,669
74,2187,497,435,671
75,2192,505,441,668
76,2194,499,440,669
77,2192,493,445,671
78,2194,497,446,668
79,2191,493,451,671
80,2192,493,450,672
81,2194,500,450,674
82,2193,500,452,673
83,2195,503,453,670
84,2197,506,449,669
85,2194,503,448,670
86,2197,501,451,673
87,2199,501,451,674
88,2197,496,452,674
89,2203,496,455,676
90,2205,488,455,677
91,2206,486,466,679
92,2210,490,474,682
93,2211,492,471,688
94,2222,485,467,688
95,2226,482,461,686
96,2228,488,459,685
97,2235,484,455,686
98,2234,476,464,689
99,2229,475,468,687
100,2236,477,467,688
101,2231,481,465,685
102,2231,479,467,687
103,2229,475,467,688
104,2231,477,463,689
105,2238,473,470,688
106,2239,466,473,688
107,2236,464,471,693
108,2236,465,479,701
109,2233,469,477,697
110,2231,476,471,698
111,2233,478,470,698
112,2242,470,468,699
113,2239,468,472,698
114,2253,469,473,696
115,2241,468,481,697
116,2241,464,483,697
117,2242,466,482,697
118,2245,466,480,696
119,2244,470,486,697
120,2248,474,484,699
121,2251,482,481,703
122,2249,477,486,712
123,2253,469,495,714
124,2258,458,495,710
125,2255,451,504,708
126,2259,448,502,706
127,2262,445,498,707
128,2257,443,506,709
129,2255,442,505,710
130,2252,441,501,713
131,2258,446,497,712
132,2264,447,498,712
133,2252,442,500,713
134,2267,439,499,715
135,2257,429,511,716
136,2263,422,513,725
137,2251,421,512,726
138,2261,425,512,725
139,2257,428,515,726
140,2258,437,512,727
141,2265,430,526,725
142,2251,430,538,734
143,2264,439,528,730
144,2269,437,526,729
145,2269,435,528,733
146,2261,432,530,732
147,2263,432,528,733
148,2260,433,523,736
149,2269,435,525,738
150,2262,427,532,747
151,2269,420,528,747
152,2264,420,532,745
153,2260,418,523,750
154,2269,418,524,750
155,2265,413,525,751
156,2271,404,521,746
157,2260,403,528,748
158,2264,405,528,748
159,2267,401,534,746
160,2268,401,539,746
161,2266,397,538,747
162,2280,399,527,750
163,2274,399,530,752
164,2283,396,523,749
165,2289,397,524,754
166,2261,392,537,771
167,2272,395,532,777
168,2280,398,524,770
169,2289,403,523,763
170,2294,395,522,760
171,2294,395,518,760
172,2297,402,513,760
173,2298,400,515,762
174,2291,393,523,761
175,2289,393,525,761
176,2292,399,525,760
177,2292,399,528,760
178,2307,396,521,761
179,2304,385,522,761
180,2306,386,521,769
181,2308,383,524,766
182,2311,381,529,764
183,2307,376,543,772
184,2310,381,538,775
185,2310,381,545,783
186,2308,384,556,787
187,2309,383,561,779
188,2305,375,567,776
189,2307,380,560,784
190,2311,373,567,774
191,2300,380,577,783
192,2306,381,578,780
193,2319,378,576,772
194,2314,383,577,778
195,2335,383,570,772
196,2334,379,584,769
197,2331,384,578,777
198,2340,381,576,771
199,2331,386,586,775
200,2336,395,586,772
201,2328,390,600,773
202,2334,390,596,777
203,2337,394,589,787
204,2348,384,584,795
205,2341,376,590,805
206,2344,372,599,803
207,2355,369,598,794
208,2353,362,601,793
209,2358,367,602,796
210,2372,367,592,796
211,2373,369,597,797
212,2366,361,612,791
213,2359,364,616,798
214,2384,371,599,799
215,2376,374,608,796
216,2405,381,597,789
217,2399,377,602,789
218,2373,371,621,792
219,2399,375,610,788
220,2424,373,594,784
221,2461,381,567,789
222,2479,387,555,790
223,2469,378,569,788
224,2505,389,542,789
225,2520,387,531,796
226,2495,371,557,789
227,2512,381,547,783
228,2543,382,525,779
229,2565,382,512,778
230,2559,375,531,773
231,2565,373,523,778
232,2559,359,535,779
233,2575,361,528,779
234,2581,373,528,786
235,2567,354,549,779
236,2584,371,541,779
237,2585,382,534,794
238,2565,375,549,800
239,2594,379,537,800
240,2562,379,560,810
241,2571,373,561,810
242,2575,371,576,792
243,2574,370,579,792
244,2571,376,576,792
245,2579,370,572,785
246,2581,382,570,783
247,2580,383,569,782
248,2589,383,570,776
249,2581,384,577,774
250,2604,394,565,769
251,2622,396,560,774
252,2620,391,569,779
253,2614,377,579,779
254,2625,379,565,786
255,2631,369,572,778
256,2644,373,555,777
257,2647,376,556,779
258,2654,384,552,778
259,2660,379,556,780
260,2664,372,554,769
261,2648,377,557,774
262,2654,370,559,764
263,2667,377,544,765
264,2660,373,548,760
265,2656,382,543,764
266,2675,388,531,763
267,2682,394,525,756
268,2708,397,510,744
269,2699,398,514,747
270,2710,396,515,737
271,2717,405,504,735
272,2729,400,501,734
273,2736,398,493,739
274,2737,398,499,730
275,2729,401,497,727
276,2741,402,491,722
277,2742,406,493,725
278,2763,400,484,730
279,2769,385,488,726
280,2774,387,490,724
281,2774,387,480,729
282,2789,388,473,723
283,2790,383,481,724
284,2803,399,475,734
285,2810,392,474,724
286,2825,395,466,719
287,2810,391,476,714
288,2821,400,471,710
289,2825,400,475,710
290,2842,398,473,709
291,2836,387,483,698
292,2839,395,483,697
293,2849,392,483,697
294,2862,395,468,694
295,2865,386,471,681
296,2851,371,483,663
297,2858,381,480,648
298,2862,384,487,630
299,2840,364,500,617
300,2852,381,499,603
301,2879,398,487,588
302,2866,393,492,586
303,2854,382,488,592
304,2867,382,483,578
305,2885,384,475,569
306,2892,386,476,560
307,2877,366,497,548
308,2876,382,501,538
309,2864,379,506,534
310,2883,384,497,527
311,2880,394,490,533
312,2888,386,484,531
313,2894,389,475,533
314,2905,377,479,521
315,2922,395,456,525
316,2928,387,460,525
317,2930,383,458,526
318,2920,377,460,526
319,2921,379,450,531
320,2915,372,452,524
321,2935,385,442,522
322,2944,389,434,530
323,2946,387,436,533
324,2950,384,433,530
325,2935,381,449,528
326,2946,386,438,532
327,2927,379,462,523
328,2942,398,448,534
329,2919,378,466,538
330,2917,381,465,542
331,2922,373,468,534
332,2931,384,466,534
333,2938,382,458,527
334,2953,384,437,532
335,2955,386,437,540
336,2957,383,447,533
337,2964,386,445,530
338,2953,390,446,536
339,2969,399,434,543
340,2959,394,427,553
341,2955,391,426,557
342,2970,393,440,544
343,2993,405,427,554
344,2980,391,425,572
345,2984,385,414,576
346,3000,382,411,573
347,3007,385,410,575
348,2977,366,432,571
349,2959,359,443,570
350,2975,378,443,565
351,2946,361,473,552
352,2935,371,478,543
353,2961,390,460,542
354,2967,386,461,541
355,2988,399,448,543
356,3019,418,416,562
357,3000,404,441,564
358,3002,401,442,565
359,2992,395,444,570
360,2988,395,446,571
361,3011,404,432,567
362,3025,404,422,566
363,3011,396,424,569
364,3017,391,415,570
365,3028,390,411,565
366,3033,396,409,557
367,3032,392,421,543
368,3032,395,421,538
369,3053,412,405,541
370,3044,400,420,530
371,3060,408,399,537
372,3058,410,395,547
373,3079,410,380,557
374,3091,410,381,552
375,3090,404,385,546
376,3077,406,377,550
377,3086,403,363,552
378,3095,408,366,539
379,3081,402,371,536
380,3074,405,362,548
381,3088,403,348,550
382,3095,399,343,546
383,3097,397,342,543
384,3107,396,341,539
385,3097,392,348,537
386,3107,403,342,532
387,3105,407,337,529
388,3100,399,334,532
389,3107,397,331,527
390,3095,396,338,530
391,3112,404,340,519
392,3119,419,330,528
393,3129,415,330,531
394,3136,416,334,529
395,3136,422,331,542
396,3141,417,330,535
397,3126,406,331,537
398,3112,410,330,543
399,3115,412,328,549
400,3124,406,330,544
401,3124,409,331,539
402,3134,411,330,531
403,3121,406,339,529
404,3126,414,333,531
405,3139,423,335,524
406,3146,425,331,530
407,3153,423,330,529
408,3141,416,334,532
409,3150,418,335,527
410,3155,421,332,523
411,3150,422,337,520
412,3153,422,338,518
413,3148,425,344,515
414,3152,422,346,506
415,3153,426,345,502
416,3155,424,348,498
417,3148,418,351,515
418,3151,403,359,504
419,3157,412,351,509
420,3151,412,365,497
421,3159,422,360,496
422,3169,431,349,509
423,3186,438,346,514
424,3196,437,343,520
425,3194,433,356,517
426,3201,444,347,524
427,3203,435,353,515
428,3206,450,346,525
429,3200,443,351,535
430,3209,442,347,538
431,3218,443,343,545
432,3214,443,345,543
433,3210,447,345,549
434,3212,449,350,551
435,3203,448,352,555
436,3197,451,361,560
437,3197,452,363,568
438,3195,455,367,570
439,3202,458,365,572
440,3207,468,361,577
441,3214,471,362,579
442,3218,468,356,588
443,3217,460,365,592
444,3228,464,363,591
445,3221,458,367,596
446,3232,460,363,595
447,3233,450,363,596
448,3241,459,352,598
449,3249,461,351,594
450,3249,461,350,593
451,3250,464,347,594
452,3250,468,350,593
453,3248,473,347,594
454,3248,477,341,594
455,3248,476,342,595
456,3241,472,345,593
457,3254,475,348,586
458,3254,478,350,589
459,3256,473,351,591
460,3258,472,356,592
461,3254,472,358,590
462,3256,484,357,590
463,3258,483,357,588
464,3261,484,359,587
465,3257,486,355,590
466,3259,488,355,588
467,3249,475,367,585
468,3248,493,364,584
469,3249,506,358,581
470,3252,500,363,582
471,3252,497,363,582
472,3256,497,362,577
473,3258,494,356,577
474,3260,487,354,583
475,3264,479,351,582
476,3259,471,351,583
477,3257,471,354,580
478,3264,485,347,574
479,3262,480,345,574
480,3260,483,348,573
481,3262,485,347,571
482,3264,488,345,568
483,3267,499,339,571
484,3278,498,331,573
485,3280,496,336,571
486,3286,493,335,574
487,3286,491,333,573
488,3283,487,336,570
489,3286,503,330,571
490,3299,503,325,570
491,3294,490,328,567
492,3297,495,328,564
493,3299,500,327,565
494,3306,501,324,567
495,3310,511,317,571
496,3312,504,317,570
497,3314,505,315,566
498,3318,512,313,565
499,3318,514,315,563
500,3316,515,311,562
501,3314,508,315,559
502,3309,504,316,561
503,3312,506,314,559
504,3308,512,317,558
505,3314,524,316,555
506,3314,520,310,557
507,3320,512,311,556
508,3323,525,309,554
509,3319,525,315,551
510,3323,525,310,552
511,3325,527,310,553
512,3323,520,316,550
513,3329,517,309,550
514,3333,523,309,546
515,3337,521,307,546
516,3342,534,303,550
517,3348,535,296,555
518,3340,529,298,562
519,3337,522,304,558
520,3340,524,301,556
521,3344,525,299,555
522,3335,517,306,555
523,3333,512,303,556
524,3335,518,306,551
525,3333,520,308,548
526,3339,526,307,545
527,3342,529,301,543
528,3344,534,302,543
529,3348,539,301,541
530,3351,541,295,544
531,3348,539,297,544
532,3346,544,298,542
533,3353,543,293,537
534,3353,543,288,536
535,3359,540,286,539
536,3357,545,284,535
537,3353,540,284,532
538,3355,551,281,535
539,3348,545,286,532
540,3348,534,286,534
541,3355,550,285,532
542,3355,553,281,530
543,3355,546,281,531
544,3350,541,282,531
545,3353,547,278,530
546,3348,542,276,530
547,3344,548,275,535
548,3346,549,273,530
549,3344,546,274,531
550,3342,559,274,527
551,3344,547,270,534
552,3351,555,266,534
553,3348,553,266,531
554,3350,550,268,526
555,3346,556,265,529
556,3340,558,260,531
557,3347,566,259,527
558,3344,558,258,529
559,3343,570,251,531
560,3343,575,249,528
561,3336,574,251,529
562,3332,575,252,531
563,3328,570,252,532
564,3320,579,254,528
565,3309,562,261,528
566,3305,565,263,528
567,3303,572,262,529
568,3299,577,255,533
569,3293,582,251,533
570,3295,581,248,534
571,3296,591,237,537
572,3297,583,237,541
