1.0
0.9475103630824552
0.9607092380830015
0.9194254377138257
0.89470871191876
0.8819526555826356
0.9207467244606443
0.9194254377138257
0.9060478129449676
0.8819526555826356
0.8693672099712368
0.9076388719027468
0.89470871191876
0.89470871191876
0.9467520538857989
0.9340359578425295
0.9207467244606443
0.9076388719027468
0.89470871191876
0.9467520538857989
0.9207467244606443
0.9076388719027468
0.9076388719027468
0.9475103630824552
0.9475103630824552
0.9340359578425295
0.9207467244606443
0.9475103630824552
0.9475103630824552
0.9340359578425295
0.9207467244606443
0.9607092380830015
0.9892327345725682
0.9083814129419933
0.9892327345725682
0.9475103630824552
0.9475103630824552
0.9892327345725682
0.9748679987576354
0.9475103630824552
0.9475103630824552
0.9892327345725682
0.9475103630824552
0.9892327345725682
0.9475103630824552
0.9892327345725682
0.9475103630824552
0.9748679987576354
0.9892327345725682
0.9340359578425295
0.9748679987576354
0.9892327345725682
0.9748679987576354
0.9892327345725682
0.9475103630824552
0.9475103630824552
0.9892327345725682
0.9892327345725682
0.9475103630824552
0.9475103630824552
0.9083814129419933
0.9475103630824552
0.9475103630824552
0.9083814129419933
0.9475103630824552
0.9475103630824552
0.9083814129419933
0.9475103630824552
0.9083814129419933
0.9475103630824552
0.8957193816884661
0.89470871191876
0.89470871191876
0.9207467244606443
0.883224267050958
0.8348486592243066
0.8693672099712368
0.8693672099712368
0.9060478129449676
0.8467080572672937
0.8819526555826356
0.8467080572672937
0.8819526555826356
0.8819526555826356
0.883224267050958
0.8587217571758342
0.883224267050958
0.89470871191876
0.8467080572672937
0.9060478129449676
0.8957193816884661
0.8708927900863688
0.8467080572672937
0.9060478129449676
0.883224267050958
0.8819526555826356
0.82314060927637
0.8348486592243066
0.8115810285662342
0.8348486592243066
0.8446946402384219
0.8001671107899372
0.8543514715532117
0.8467080572672937
0.82314060927637
0.8001671107899372
0.8543514715532117
0.832600982212092
0.8670108642458647
0.8115810285662342
0.8670108642458647
0.8115810285662342
0.8206648613315902
0.832600982212092
0.8798442927886866
0.82314060927637
0.8467080572672937
0.8348486592243066
0.8587217571758342
0.8348486592243066
0.8115810285662342
0.8670108642458647
0.8587217571758342
0.8467080572672937
0.82314060927637
0.8587217571758342
0.8348486592243066
0.8708927900863688
0.8467080572672937
0.8708927900863688
0.89470871191876
0.8587217571758342
0.9194254377138257
0.9083814129419933
0.9083814129419933
0.8957193816884661
0.9083814129419933
0.8957193816884661
0.9083814129419933
0.8957193816884661
0.9083814129419933
0.9083814129419933
0.9083814129419933
0.9083814129419933
0.9083814129419933
0.9083814129419933
0.9083814129419933
0.9475103630824552
0.8957193816884661
0.9340359578425295
0.9083814129419933
0.9083814129419933
0.8957193816884661
0.9607092380830015
0.9340359578425295
0.9083814129419933
0.9083814129419933
0.9083814129419933
0.9475103630824552
0.8957193816884661
0.9340359578425295
0.9083814129419933
0.9083814129419933
0.8957193816884661
0.9340359578425295
0.9083814129419933
0.9083814129419933
0.9083814129419933
0.9083814129419933
0.9083814129419933
0.9083814129419933
0.9475103630824552
0.8957193816884661
0.9340359578425295
0.9083814129419933
0.9083814129419933
0.9083814129419933
0.9083814129419933
0.9083814129419933
0.9083814129419933
0.9083814129419933
0.9083814129419933
0.9475103630824552
0.9083814129419933
0.9083814129419933
0.9083814129419933
0.9083814129419933
0.9083814129419933
0.9083814129419933
0.883224267050958
0.8957193816884661
0.8587217571758342
0.883224267050958
0.8587217571758342
0.883224267050958
0.8708927900863688
0.8957193816884661
0.8708927900863688
0.8467080572672937
0.9060478129449676
0.8957193816884661
0.883224267050958
0.8587217571758342
0.883224267050958
0.8587217571758342
0.9194254377138257
0.8587217571758342
0.8467080572672937
0.8693672099712368
0.8708927900863688
0.8348486592243066
0.8001671107899372
0.8418625983681746
0.82314060927637
0.8115810285662342
0.7888961199254954
0.8418625983681746
0.7829161522056347
0.8352083433924001
0.8287319533030924
0.8170586620298343
0.7941535264085302
0.8170586620298343
0.7941535264085302
0.8170586620298343
0.8055334530656785
0.8287319533030924
0.8055334530656785
0.7829161522056347
0.8352083433924001
0.8287319533030924
0.8170586620298343
0.7941535264085302
0.8170586620298343
0.7941535264085302
0.8170586620298343
0.8262392178061908
0.7829161522056347
0.8143417550086396
0.8287319533030924
0.8055334530656785
0.7829161522056347
0.8143417550086396
0.8143417550086396
0.8170586620298343
0.8405561993047509
0.8170586620298343
0.7941535264085302
0.8170586620298343
0.8262392178061908
0.8287319533030924
0.8055334530656785
0.8287319533030924
0.838293744676824
0.7941535264085302
0.8170586620298343
0.8405561993047509
0.8170586620298343
0.7829161522056347
0.8025983064609674
0.8170586620298343
0.8262392178061908
0.7829161522056347
0.8055334530656785
0.7829161522056347
0.8055334530656785
0.8143417550086396
0.7718186685704087
0.7910059007929191
0.7941535264085302
0.7718186685704087
0.6877762665759946
0.8025983064609674
0.7608584794803006
0.7829161522056347
0.8055334530656785
0.8170586620298343
0.8170586620298343
0.8646694214876033
0.0
0.0
0.0
0.0
0.0
0.0
0.0
0.8467080572672937
0.82314060927637
0.8001671107899372
0.832600982212092
0.832600982212092
0.8275583119859782
0.8115810285662342
0.8348486592243066
0.8115810285662342
0.8348486592243066
0.8446946402384219
0.8467080572672937
0.82314060927637
0.8467080572672937
0.8348486592243066
0.8507646095030038
0.8348486592243066
0.8115810285662342
0.8348486592243066
0.8507646095030038
0.8467080572672937
0.82314060927637
0.8390882572417068
0.82314060927637
0.8390882572417068
0.8348486592243066
0.8587217571758342
0.8348486592243066
0.8115810285662342
0.8348486592243066
0.8587217571758342
0.8348486592243066
0.8115810285662342
0.8348486592243066
0.8446946402384219
0.8467080572672937
0.82314060927637
0.8467080572672937
0.8348486592243066
0.8587217571758342
0.8348486592243066
0.8115810285662342
0.8348486592243066
0.8587217571758342
0.8467080572672937
0.8708927900863688
0.8467080572672937
0.82314060927637
0.8467080572672937
0.8708927900863688
0.8587217571758342
0.8348486592243066
0.8587217571758342
0.8348486592243066
0.8467080572672937
0.8115810285662342
0.8348486592243066
0.8115810285662342
0.82314060927637
0.7888961199254954
0.7559143574606811
0.7777653880463872
0.7667723132161617
0.7888961199254954
0.7667723132161617
0.7888961199254954
0.7613045738045738
0.7888961199254954
0.7777653880463872
0.7777653880463872
0.7559143574606811
0.7720112425648735
0.7667723132161617
0.7828488754439037
0.7667723132161617
0.745189044814677
0.7667723132161617
0.7828488754439037
0.7777653880463872
0.7559143574606811
0.7777653880463872
0.7559143574606811
0.7777653880463872
0.7559143574606811
0.7777653880463872
0.7667723132161617
0.7888961199254954
0.7667723132161617
0.745189044814677
0.7667723132161617
0.7888961199254954
0.7777653880463872
0.7559143574606811
0.7777653880463872
0.7559143574606811
0.7777653880463872
0.7559143574606811
0.7777653880463872
0.7667723132161617
0.7888961199254954
0.7667723132161617
0.745189044814677
0.7667723132161617
0.7888961199254954
0.7777653880463872
0.7559143574606811
0.7777653880463872
0.8001671107899372
0.7888961199254954
0.7667723132161617
0.7888961199254954
0.7667723132161617
0.7888961199254954
0.7667723132161617
0.7888961199254954
0.7777653880463872
0.8001671107899372
0.7777653880463872
0.745189044814677
0.7559143574606811
0.7777653880463872
0.7667723132161617
0.745189044814677
0.7667723132161617
0.745189044814677
0.7667723132161617
0.745189044814677
0.7559143574606811
0.7345939594394638
0.7559143574606811
0.7345939594394638
0.713785096960055
0.7129080118694362
0.7241267438088028
0.7412757596731341
0.7035667728078986
0.7198491631199417
0.7241267438088028
0.713785096960055
0.6934695785180149
0.713785096960055
0.6934695785180149
0.713785096960055
0.6934695785180149
0.713785096960055
0.7035667728078986
0.7241267438088028
0.7035667728078986
0.6834913729382696
0.7035667728078986
0.7241267438088028
0.713785096960055
0.6934695785180149
0.713785096960055
0.6934695785180149
0.713785096960055
0.7035667728078986
0.7241267438088028
0.7035667728078986
0.6834913729382696
0.7035667728078986
0.7241267438088028
0.713785096960055
0.7345939594394638
0.713785096960055
0.6934695785180149
0.713785096960055
0.7345939594394638
0.7241267438088028
0.7035667728078986
0.7241267438088028
0.7035667728078986
0.7241267438088028
0.7035667728078986
0.7241267438088028
0.713785096960055
0.7345939594394638
0.7241267438088028
0.713785096960055
0.7345939594394638
0.7521905189844978
0.7667723132161617
0.745189044814677
0.7667723132161617
0.745189044814677
0.7667723132161617
0.7744357480888242
0.7345939594394638
0.7559143574606811
0.7777653880463872
0.7559143574606811
0.7345939594394638
0.7559143574606811
0.7632429743844815
0.7667723132161617
0.7888961199254954
0.7667723132161617
0.745189044814677
0.7667723132161617
0.7559143574606811
0.7777653880463872
0.7559143574606811
0.7777653880463872
0.7857715293201749
0.745189044814677
0.7667723132161617
0.7888961199254954
0.7667723132161617
0.745189044814677
0.7667723132161617
0.7559143574606811
0.7777653880463872
0.7559143574606811
0.7777653880463872
0.7559143574606811
0.7888961199254954
0.7888961199254954
0.8115810285662342
0.7888961199254954
0.7667723132161617
0.7972530764621837
0.8115810285662342
0.8001671107899372
0.7777653880463872
0.8001671107899372
0.7777653880463872
0.8001671107899372
0.7888961199254954
0.8115810285662342
0.7888961199254954
0.8115810285662342
0.7888961199254954
0.8115810285662342
0.8001671107899372
0.82314060927637
0.8001671107899372
0.7777653880463872
0.8001671107899372
0.82314060927637
0.8115810285662342
0.7888961199254954
0.8115810285662342
0.7888961199254954
0.8115810285662342
0.7888961199254954
0.8115810285662342
0.8001671107899372
0.82314060927637
0.8001671107899372
0.7777653880463872
0.8001671107899372
0.8088832192972284
0.8115810285662342
0.7888961199254954
0.8115810285662342
0.7888961199254954
0.8115810285662342
0.8001671107899372
0.82314060927637
0.8001671107899372
0.82314060927637
0.8001671107899372
0.81617203724794
0.8115810285662342
0.8348486592243066
0.8115810285662342
0.7888961199254954
0.8115810285662342
0.8348486592243066
0.82314060927637
0.8001671107899372
0.82314060927637
0.8001671107899372
0.82314060927637
0.832600982212092
0.7888961199254954
0.8115810285662342
0.8348486592243066
0.8115810285662342
0.7888961199254954
0.8115810285662342
0.8206648613315902
0.82314060927637
0.8001671107899372
0.8348486592243066
0.82314060927637
0.8467080572672937
0.8693672099712368
0.8348486592243066
0.8693672099712368
0.883224267050958
0.8587217571758342
0.8348486592243066
0.8693672099712368
0.8693672099712368
0.8708927900863688
0.8957193816884661
0.883224267050958
0.8587217571758342
0.883224267050958
0.8587217571758342
0.883224267050958
0.8587217571758342
0.883224267050958
0.8708927900863688
0.8957193816884661
0.8708927900863688
0.8467080572672937
0.8398406374501992
0.8587217571758342
0.8398406374501992
0.8587217571758342
0.883224267050958
0.8587217571758342
0.883224267050958
