1.0
0.9645846533497849
0.9572064086381408
0.9572359105069386
0.9512493529716248
0.9677844627148302
0.9590674642133645
0.9558129227448788
0.9800325998370009
0.9800325998370009
0.9591185317046221
0.9531240438161679
0.9531240438161679
0.9535470626733275
0.9358824215560481
0.9337311833420324
0.9253405498828827
0.9107566285837465
0.9286350046785494
0.9343740700895004
0.9145366872723507
0.9309002699850617
0.9195008197056326
0.9211245785108904
0.9056326121669432
0.9070444618658304
0.9110723626852659
0.91664237831536
0.904131966545448
0.9312447577811529
0.915821069372578
0.9214162154876103
0.9378844491601
0.9211207580531816
0.915510530669813
0.894099100491484
0.8957097215883159
0.9171478931970121
0.9284493195906207
0.9171478931970121
0.9115467077791611
0.9009318684827975
0.8900340005556511
0.8897189487977715
0.8790533705548055
0.8843710679501748
0.8890269551128654
0.8783055154137325
0.8783055154137325
0.8988348887325377
0.8879742352180283
0.8819043256953476
0.8819043256953476
0.8766335891348279
0.8713922941077897
0.8713922941077897
0.8689506601215083
0.8741370698156947
0.884841383350852
0.8856280819857253
0.8806754188753745
0.8867927007107479
0.8712719060131598
0.8489768198767315
0.8196905305370947
0.8526440420575783
0.8514521335340295
0.8713922941077897
0.8566020845322591
0.8614106394163579
0.8717461654497243
0.8769570894798764
0.8819043256953476
0.8616584772807862
0.876950315370145
0.8666226477385276
0.8627009808878552
0.8678164318971127
0.865046670490692
0.8702154361012341
0.8264965837683992
0.8264965837683992
0.816839915067068
0.8264652681931574
0.8221146919993559
0.8126828363556657
0.789231419969645
0.7985393792361754
0.8126995597082647
0.8066618179372159
0.8072509334673483
0.8049252165325982
0.8189960813584624
0.8095921718109288
0.8284494760447842
0.8073457902401698
0.8214632204781214
0.8001363349183653
0.8095381349912675
0.8168884867222159
0.8073937014764899
0.8216172422060367
0.8028817830725928
0.8075257173795344
0.8143923920325495
0.810018281535649
0.8286502327184968
0.8077204023149969
0.789762296449944
0.7766800743302049
0.8034047226798462
0.8029096898160857
0.803116388121192
0.8077622873814271
0.7942487537917386
0.7828787534258052
0.7828787534258052
0.7873708711771269
0.7675819309123117
0.7701004197397846
0.7791611317358971
0.7555174359033399
0.7476740642646732
0.7488875472373158
0.7482620649574178
0.7796653586856538
0.7673137460650578
0.7766098855926669
0.7721844965280439
0.7723746742296489
0.7504806881430258
0.7545447373463017
0.7456619072015682
0.7372773019825758
0.7374701670644391
0.7292161520190024
0.7292161520190024
0.7239246556086589
0.7315112540192926
0.7481186365648517
0.7439369962830751
0.733920322476241
0.7422504397699892
0.725091401099692
0.7210658203671925
0.7210658203671925
0.7130707603467622
0.717058983653061
0.7091010210484285
0.7179384193879235
0.7099666611934864
0.7139432709370885
0.7099666611934864
0.7060084614179285
0.7014910561440941
0.7057434370523663
0.709654547186251
0.709654547186251
0.701850180663874
0.6854670288892034
0.6816937208749652
0.694512229132387
0.688964124412967
0.6908036172485055
0.6946230355938918
0.7023138741682551
0.6857810441370223
0.6796049485813573
0.6698860780417702
0.6646950921518614
0.6610809763657497
0.6610809763657497
0.6610809763657497
0.6679999192647712
0.6722845437416604
0.6646950921518614
0.6719707106500004
0.663083097704461
0.6577236477115118
0.6505696530295184
0.654138915318744
0.656913747970443
0.656913747970443
0.6604901374775852
0.656913747970443
0.6498170727716583
0.6463152601261772
0.6364353773309172
0.6329883075806284
0.6364353773309172
0.6398970306825135
0.6437632135306554
0.6368421052631579
0.640295358649789
0.6366461631802134
0.6298085266385145
0.6371641906931
0.6406141596477919
0.6207224214567127
0.6105626958225556
0.6105626958225556
0.6138200125082066
0.6335651313683843
0.6239448865872079
0.6231734708201994
0.6198143183714014
0.6269007953602911
0.6238282296223552
0.630702569257982
0.608449543131875
0.6174012158054711
0.60851133111658
0.6052444100038745
0.6150852285231038
0.6018518518518519
0.601645594409018
0.5984663869395533
0.5921456859369392
0.5993531526856211
0.591681634348692
0.591681634348692
0.5948482195872944
0.579197914050259
0.5761345119643785
0.5784645156666228
0.558168914867233
0.5606442544491427
0.5577037908784704
0.5732261653921731
0.566495501012861
0.564408251390486
0.5531260637039687
0.5531260637039687
0.5479088028299811
0.5450391737993309
0.5417487498105774
0.5430534472211523
0.5497255687113811
0.5497255687113811
0.5467667337709368
0.5467667337709368
0.543416442968288
0.5405689243118355
0.5310047139087908
0.5310047139087908
0.5215565917945005
0.5242332716269905
0.5232359589542328
0.5259242365002824
0.5008283587976964
0.510400307682446
0.512585296768379
0.5190759385339955
0.5110450804116556
0.5278559276775441
0.5196981479250408
0.5251269537690431
0.5273628523161732
0.5343242517782848
0.5474663097655529
0.548021681606239
0.5374529623192319
0.5494884667805324
0.5295015919565463
0.5151112857123504
0.5214204026558502
0.5374982510144116
0.5478800461494421
0.5420832937231551
0.541157287182186
0.5581264507311096
0.5581264507311096
0.5581264507311096
0.5581264507311096
0.5301241816071489
0.5357486201592472
0.5503360896697553
0.5409324113316976
0.5535907614579574
0.5486126608643904
0.5543253275361648
0.5574144110884043
0.5522945802301082
0.5487880689194542
0.5621977194365667
0.5675214885345321
0.5589075159117252
0.5428075505684588
0.551037415943445
0.5558685062329073
0.5558685062329073
0.55886681919529
0.5732059012798818
0.5773898066233462
0.5796312145024508
0.5831967556315871
0.5740945468528443
0.5601898968744669
0.5348585518791875
0.5521344101528699
0.5757445178588528
0.5868931268836097
0.5939283183530377
0.5857781350090728
0.59982167463727
0.5985808872420327
0.592119785723835
0.592119785723835
0.5889087811946346
0.5953437946858323
0.6072205936009863
0.6006753878154525
0.6141009409534232
0.6141009409534232
0.6278448462450452
0.631270212786621
0.6410193193361012
0.6235677701675489
0.6235677701675489
0.5993172020234743
0.5977261327537201
0.5892965072620377
0.6063773361205579
0.6041790600832838
0.6009548487640769
0.6009548487640769
0.6218573399190139
0.6232834304402356
0.6199401131196629
0.6094207065529915
0.6181372749687467
0.6238023727765184
0.6271745832947273
0.6218558738928242
0.6319369624949795
0.615590363421881
0.606479739054071
0.6117763965720218
0.599707260688754
0.5989617152489677
0.6147147273249973
0.599043551972874
0.6037069896003152
0.5851254111516678
0.6023815753367836
0.5893834436832638
0.5604050908011157
0.5432455145567979
0.5579747774480712
0.5517585340623614
0.5635992614906229
0.5672398568132401
0.5676777518525166
0.5646894657711465
0.552860510098795
0.5324128247133162
0.5290348492915254
0.5324128247133162
0.5357673364084121
0.5454456794279297
0.5497839602752412
0.5437432111203816
0.5486492387826852
0.5399167398261165
0.5366480885469818
0.5579183534116958
0.5367517584458321
0.5247602893394392
0.5406943817851967
0.5166635694465005
0.49912672048517603
0.5199073403793253
0.533736571158489
0.5465771003561701
0.5314367957677995
0.537222168300495
0.5329371455119146
0.5449577678529829
0.5369172399637151
0.5323542850106449
0.529697381402947
0.5300561752539154
0.5179568906873281
0.5069929515614051
0.49532954327369283
0.4967139550629025
0.5072178939753791
0.5107091525075714
0.5007712901580826
0.507888928421868
0.552827528692268
0.5432303990905125
0.5336341477759118
0.5202328051924497
0.5367900436398901
0.5281790697903433
0.5230095317736677
0.5270592272677238
0.5244631614329485
0.5244631614329485
0.531503517149312
0.5319769153760084
0.5275596612779061
0.5265901179004866
0.5400820956590016
0.5372019629550073
0.5282226668375041
0.5191817604843041
0.5061267011724241
0.4975604948006505
0.5013982812175752
0.5013982812175752
0.4935169937595496
0.4850289576873226
0.4750871063104407
0.48200552651729534
0.48376138421477005
0.48077646081089104
0.48077646081089104
0.4792251433089543
0.4966476185377996
0.4740796393688956
0.4721034630183839
0.46923664689932176
0.47715277447577387
0.47939371675034353
0.4816414686825054
0.47939371675034353
0.47085838738696084
0.45842918172855734
0.4653386454183267
0.45590106297112054
0.4642844857832784
0.4683554782896643
0.471011583011583
0.48365992710053274
0.4817589342774829
0.4783183879436735
0.48983017136396784
0.4760423148724331
0.4675695184408621
0.48023943735711416
0.4675973187806473
0.4615251318213807
0.44294038985932804
0.44282310381411205
0.44321393984226193
0.42677571496705585
0.43286039176450136
0.42677571496705585
0.43286039176450136
0.4234404133278299
0.42405753508628125
0.45115731659474306
0.44485916409878046
0.43861544444924594
0.44485916409878046
0.44485916409878046
0.46754664657779527
0.46754664657779527
0.46754664657779527
0.4577008162331223
0.45137419571845533
0.45137419571845533
0.4577008162331223
0.45320060932824835
0.45944041390238827
0.45944041390238827
0.4707162577983979
0.4707162577983979
0.4582359781146684
0.46996331225100724
0.4635944631611973
0.4635944631611973
0.46821652607333564
0.4723681030125909
0.47065715514556483
0.4584299732381802
0.45226550991553843
0.44615293892173197
0.45226550991553843
0.45955376969440626
0.45595934237516456
0.45595934237516456
0.4497233526910238
0.44354055366682854
0.44354055366682854
0.4496583418999819
0.464580366585093
0.45570581740444627
0.45458222114373537
0.4524917775324631
0.45822010869565216
0.4488876810187522
0.435450439724728
0.44169708279590547
0.44070151269479474
0.4396036489462095
0.4483750175213761
0.4548658183851541
0.43330279754774154
0.4396036489462095
0.43604331212165837
0.4454816850684737
0.44991544971556724
0.44991544971556724
0.44991544971556724
0.4525240214851553
0.44613950573137856
0.4398108701652486
0.4335373843500703
0.4335373843500703
0.46485761679824256
0.45830780529170945
0.4518163053444982
0.451087287691489
0.45363689587782735
0.46016284405569496
0.45516981651636207
0.45516981651636207
0.45516981651636207
0.45516981651636207
0.46159759535014255
0.46592108295629603
0.46592108295629603
0.4526332261292461
0.4526332261292461
0.4590138846954011
0.4622240802675585
0.45584562618627417
0.45584562618627417
0.45584562618627417
0.45352828989192623
0.4599882506193967
0.4614224300475149
0.47457025205678677
0.47457025205678677
0.4743272528710134
0.44904381505688695
0.44904381505688695
0.44904381505688695
0.4554829838432451
0.46197963600838815
0.46100497916878364
0.47413704716336297
0.45948167038031734
0.44688560857458903
0.4533159649055592
0.4533159649055592
0.4547492839461372
0.4547492839461372
0.4482923241680967
0.4482923241680967
0.4547492839461372
0.4612640760268177
0.4428117953545393
0.4493607139244292
0.449495303518856
0.4408931430621298
0.4425283086483959
0.42645490103117223
0.43944662735943085
0.43248129539021873
0.4522107398493699
0.44959543241444533
0.44902524203174043
0.44713112777867886
0.42680988222481797
0.4142887526142285
0.4205832087160863
0.4269339437073066
0.43353041114509006
