1,2282,518,324,634
2,2312,507,322,649
3,2318,507,322,649
4,2318,502,323,649
5,2318,500,323,648
6,2321,507,322,649
7,2322,517,320,648
8,2325,517,320,648
9,2332,522,318,648
10,2335,525,317,647
11,2338,520,318,647
12,2340,518,319,647
13,2334,517,319,648
14,2335,522,318,648
15,2334,515,320,648
16,2334,513,320,647
17,2331,515,320,648
18,2328,515,320,648
19,2325,514,320,649
20,2325,514,320,649
21,2322,512,320,648
22,2315,511,322,649
23,2312,509,322,649
24,2308,502,324,649
25,2299,497,325,649
26,2296,494,325,650
27,2292,490,327,649
28,2292,490,327,649
29,2287,501,324,650
30,2288,508,323,650
31,2291,511,322,650
32,2289,515,321,650
33,2286,515,321,650
34,2277,515,321,650
35,2279,513,322,650
36,2279,511,322,650
37,2273,508,323,650
38,2271,513,321,650
39,2274,516,321,649
40,2274,513,321,650
41,2274,513,321,650
42,2273,508,323,650
43,2272,504,324,649
44,2272,501,324,650
45,2272,499,325,650
46,2272,501,324,650
47,2272,499,325,650
48,2275,497,325,649
49,2281,497,325,649
50,2283,490,327,649
51,2283,487,327,649
52,2285,485,328,649
53,2288,485,328,649
54,2285,483,328,648
55,2288,480,329,649
56,2285,483,328,648
57,2288,478,329,648
58,2287,476,330,648
59,2288,478,329,648
60,2288,478,329,648
61,2285,480,329,649
62,2285,480,329,649
63,2282,478,329,648
64,2275,476,330,648
65,2272,471,331,648
66,2272,471,331,648
67,2269,471,330,648
68,2263,474,330,647
69,2260,474,330,647
70,2263,472,330,647
71,2263,476,330,648
72,2260,478,329,648
73,2266,476,330,648
74,2272,476,330,648
75,2276,480,329,649
76,2279,478,329,648
77,2284,476,330,648
78,2288,478,329,648
79,2284,474,331,647
80,2287,474,331,647
81,2288,480,329,649
82,2288,478,329,648
83,2285,480,329,649
84,2288,483,328,648
85,2285,480,329,649
86,2288,478,329,648
87,2287,476,330,648
88,2291,476,329,648
89,2293,474,331,647
90,2296,469,331,647
91,2305,467,331,647
92,2308,467,331,647
93,2312,469,330,647
94,2315,467,330,647
95,2321,465,331,646
96,2324,468,330,646
97,2324,468,330,646
98,2327,459,332,645
99,2333,456,332,645
100,2333,458,331,646
101,2333,461,331,645
102,2330,458,331,646
103,2326,456,333,645
104,2330,456,332,645
105,2329,454,333,645
106,2335,445,334,644
107,2338,447,334,644
108,2342,449,333,645
109,2336,451,332,645
110,2333,455,332,646
111,2339,458,331,646
112,2345,452,332,644
113,2352,448,332,643
114,2352,448,332,643
115,2352,448,332,643
116,2348,443,334,643
117,2345,443,334,643
118,2348,446,333,643
119,2345,447,333,644
120,2345,452,332,644
121,2346,456,330,645
122,2352,457,330,644
123,2361,447,332,642
124,2367,439,333,640
125,2370,432,334,639
126,2377,428,334,638
127,2377,426,334,638
128,2376,423,336,639
129,2373,422,336,640
130,2370,424,335,640
131,2373,426,335,641
132,2370,424,335,640
133,2373,422,336,640
134,2373,418,337,639
135,2376,412,338,637
136,2379,407,339,637
137,2381,405,341,642
138,2381,405,341,642
139,2385,410,339,642
140,2388,415,338,642
141,2395,414,337,640
142,2399,417,335,640
143,2401,421,336,643
144,2404,419,337,642
145,2404,417,337,642
146,2401,417,337,642
147,2404,413,338,641
148,2401,414,338,642
149,2400,412,339,642
150,2400,408,340,641
151,2400,403,342,641
152,2396,403,343,641
153,2393,402,343,642
154,2403,401,342,641
155,2406,395,343,639
156,2412,391,344,638
157,2416,394,343,638
158,2418,391,345,641
159,2421,387,346,640
160,2424,383,347,639
161,2427,381,348,638
162,2425,389,344,640
163,2431,386,345,638
164,2434,380,347,637
165,2436,381,348,641
166,2436,384,348,640
167,2436,386,347,641
168,2440,384,347,640
169,2443,385,346,639
170,2446,381,348,638
171,2443,378,348,639
172,2443,380,348,639
173,2443,380,348,639
174,2442,376,350,638
175,2439,372,350,640
176,2439,377,349,640
177,2443,377,348,640
178,2453,377,347,638
179,2461,366,352,638
180,2461,363,353,639
181,2464,366,352,639
182,2464,362,353,638
183,2467,360,354,637
184,2475,364,351,636
185,2476,362,354,640
186,2473,364,353,640
187,2480,363,353,639
188,2483,359,354,638
189,2483,359,354,638
190,2483,359,354,638
191,2483,362,353,638
192,2486,362,353,638
193,2497,360,352,635
194,2502,359,354,638
195,2502,359,354,638
196,2505,357,354,638
197,2509,360,353,637
198,2514,359,354,641
199,2510,359,355,640
200,2511,366,352,641
201,2511,363,353,641
202,2514,364,353,640
203,2518,365,352,639
204,2528,360,353,637
205,2540,359,354,638
206,2543,357,354,638
207,2550,354,355,636
208,2562,350,356,637
209,2569,352,355,635
210,2581,350,356,637
211,2581,350,356,637
212,2584,351,356,636
213,2589,348,358,639
214,2586,352,357,640
215,2593,356,355,639
216,2600,359,354,638
217,2604,360,353,637
218,2608,355,356,640
219,2608,353,357,639
220,2615,350,357,637
221,2619,350,356,637
222,2622,353,356,637
223,2627,351,358,639
224,2627,348,358,639
225,2630,349,358,638
226,2634,345,359,637
227,2633,340,361,637
228,2633,342,360,638
229,2637,343,359,637
230,2651,342,358,633
231,2674,335,359,633
232,2685,331,362,634
233,2693,328,364,637
234,2700,328,364,635
235,2715,327,365,636
236,2713,327,366,640
237,2706,330,366,642
238,2703,334,364,643
239,2703,334,364,643
240,2706,335,364,642
241,2703,334,364,643
242,2706,335,364,642
243,2706,332,365,642
244,2703,332,365,642
245,2699,331,366,643
246,2692,332,366,645
247,2689,334,365,645
248,2692,335,365,644
249,2689,334,365,645
250,2693,337,364,645
251,2703,339,363,643
252,2721,339,361,641
253,2732,335,361,637
254,2738,330,363,635
255,2746,327,365,638
256,2738,322,369,638
257,2731,325,368,640
258,2739,330,365,640
259,2750,328,364,637
260,2753,327,365,636
261,2754,328,366,639
262,2755,330,365,640
263,2762,331,364,639
264,2755,330,365,640
265,2749,340,361,642
266,2759,342,360,640
267,2771,348,355,639
268,2789,352,352,635
269,2801,348,354,637
270,2805,348,357,639
271,2809,351,355,638
272,2813,351,354,638
273,2814,350,356,642
274,2810,350,357,642
275,2803,346,359,643
276,2803,348,358,643
277,2810,347,358,642
278,2816,342,360,640
279,2819,336,362,639
280,2827,337,360,638
281,2830,338,360,637
282,2834,333,364,639
283,2827,334,364,641
284,2828,336,362,641
285,2843,341,359,639
286,2853,343,358,637
287,2862,341,359,639
288,2851,341,360,641
289,2858,342,359,640
290,2865,342,359,638
291,2865,342,359,638
292,2873,345,356,637
293,2896,351,353,636
294,2911,348,355,637
295,2915,342,359,640
296,2901,342,360,642
297,2905,345,359,642
298,2901,344,360,643
299,2898,344,360,643
300,2901,347,359,642
301,2916,349,356,640
302,2930,352,354,638
303,2942,351,355,638
304,2938,345,357,640
305,2941,344,358,638
306,2949,345,356,637
307,2953,340,360,640
308,2953,340,360,640
309,2957,341,359,639
310,2957,341,359,639
311,2960,344,358,638
312,2964,342,358,638
313,2976,341,359,639
314,2979,342,359,638
315,2986,343,358,637
316,3002,345,357,637
317,3003,339,361,641
318,2995,335,363,642
319,2991,332,365,642
320,2988,334,364,643
321,2991,335,364,642
322,2999,336,362,641
323,3006,339,361,641
324,3014,341,359,639
325,3017,339,359,638
326,3021,340,358,637
327,3033,343,358,639
328,3033,345,357,640
329,3029,342,359,640
330,3029,340,360,640
331,3033,343,358,639
332,3036,344,358,638
333,3040,342,358,638
334,3052,345,357,640
335,3060,351,354,638
336,3075,353,354,639
337,3075,353,354,639
338,3079,356,352,638
339,3091,359,352,640
340,3088,358,352,641
341,3088,358,352,641
342,3091,361,351,640
343,3095,362,350,639
344,3098,361,351,638
345,3111,364,350,640
346,3118,368,348,638
347,3137,370,347,638
348,3142,363,351,640
349,3130,354,356,642
350,3134,357,354,642
351,3138,360,352,641
352,3138,362,352,641
353,3142,367,349,641
354,3150,373,346,640
355,3160,380,343,638
356,3177,387,340,637
357,3182,386,342,641
358,3178,383,344,641
359,3178,381,344,641
360,3174,376,347,641
361,3175,380,345,642
362,3175,380,345,642
363,3170,370,349,643
364,3173,366,350,642
365,3174,371,348,642
366,3181,377,346,640
367,3184,377,346,640
368,3188,373,346,640
369,3192,381,343,639
370,3202,386,340,636
371,3211,384,342,638
372,3211,384,342,638
373,3218,390,339,637
374,3231,396,338,637
375,3227,390,340,639
376,3220,384,343,640
377,3224,389,340,640
378,3231,396,338,637
379,3230,391,340,638
380,3223,382,343,640
381,3223,380,344,640
382,3226,378,344,640
383,3229,379,344,639
384,3233,377,344,638
385,3238,374,346,641
386,3238,379,345,641
387,3238,379,345,641
388,3234,374,347,641
389,3237,367,349,641
390,3233,364,351,642
391,3238,377,346,640
392,3246,388,341,639
393,3253,389,339,638
394,3265,390,340,639
395,3265,395,339,638
396,3265,395,339,638
397,3261,387,342,640
398,3254,383,344,641
399,3254,381,344,641
400,3257,382,344,640
401,3258,386,342,641
402,3261,387,342,640
403,3264,378,344,640
404,3264,383,343,639
405,3272,396,337,637
406,3285,402,336,638
407,3285,400,336,638
408,3281,394,339,639
409,3285,397,337,639
410,3285,402,336,638
411,3285,400,336,638
412,3285,397,337,639
413,3288,401,336,637
414,3292,401,335,637
415,3301,402,336,638
416,3304,400,336,638
417,3300,389,340,640
418,3299,382,343,640
419,3299,382,343,640
420,3303,388,341,639
421,3307,393,338,638
422,3314,397,336,636
423,3330,404,334,636
424,3339,412,333,637
425,3343,417,332,637
426,3343,417,332,638
427,3342,412,335,639
428,3343,414,333,639
429,3346,417,332,638
430,3349,418,332,637
431,3355,421,333,639
432,3352,420,333,640
433,3352,418,333,640
434,3352,418,333,640
435,3349,417,333,641
436,3342,416,335,642
437,3338,413,336,642
438,3342,419,334,641
439,3346,424,332,640
440,3353,430,330,640
441,3353,430,330,640
442,3356,430,330,640
443,3356,428,330,640
444,3359,428,330,640
445,3366,430,329,638
446,3372,426,330,637
447,3381,429,330,639
448,3378,431,330,639
449,3381,429,330,639
450,3381,429,330,639
451,3378,428,330,640
452,3378,431,330,639
453,3379,438,327,638
454,3379,446,326,638
455,3383,451,324,639
456,3382,449,326,638
457,3379,443,327,640
458,3382,439,328,639
459,3378,438,329,640
460,3382,436,328,640
461,3378,436,330,640
462,3382,439,328,639
463,3382,441,327,640
464,3382,439,328,639
465,3382,441,327,640
466,3378,438,329,640
467,3378,433,330,641
468,3382,446,326,639
469,3379,453,325,639
470,3383,451,324,639
471,3386,454,323,638
472,3389,455,323,637
473,3392,447,326,640
474,3391,444,328,641
475,3388,437,330,641
476,3380,428,334,644
477,3384,434,331,642
478,3388,441,329,642
479,3388,441,329,642
480,3388,444,328,641
481,3388,444,328,641
482,3388,446,328,641
483,3392,454,325,640
484,3396,460,323,640
485,3395,455,325,640
486,3395,452,326,641
487,3395,450,326,641
488,3395,447,327,641
489,3399,458,323,639
490,3405,464,322,638
491,3405,454,324,639
492,3405,451,325,640
493,3408,459,323,638
494,3415,462,323,640
495,3415,465,322,639
496,3412,467,322,640
497,3411,464,324,641
498,3415,470,322,640
499,3415,475,321,639
500,3412,474,321,641
501,3411,466,324,642
502,3408,461,325,643
503,3405,461,325,643
504,3408,464,325,642
505,3409,473,322,642
506,3409,471,322,642
507,3408,468,324,643
508,3412,476,321,641
509,3415,477,321,640
510,3415,477,321,640
511,3415,479,320,640
512,3415,472,322,641
513,3418,472,321,641
514,3422,475,320,640
515,3422,475,320,640
516,3425,483,318,639
517,3429,489,316,637
518,3428,481,321,642
519,3424,473,323,643
520,3428,476,322,642
521,3424,473,323,643
522,3424,468,324,643
523,3424,463,325,644
524,3423,461,327,643
525,3424,463,325,644
526,3424,468,324,643
527,3424,470,324,644
528,3424,473,323,643
529,3425,480,321,643
530,3425,478,322,642
531,3428,478,321,642
532,3425,485,320,642
533,3428,486,320,641
534,3425,483,321,642
535,3425,480,321,643
536,3422,477,322,644
537,3418,477,323,644
538,3422,482,321,643
539,3419,482,321,643
540,3418,477,323,644
541,3422,480,321,643
542,3419,487,320,642
543,3419,484,321,643
544,3415,479,323,644
545,3409,478,323,645
546,3406,478,323,645
547,3406,481,323,644
548,3406,483,322,644
549,3406,483,322,644
550,3406,486,322,644
551,3407,488,321,644
552,3410,493,320,643
553,3407,493,320,644
554,3406,488,322,645
555,3403,488,322,645
556,3401,492,321,645
557,3401,495,320,645
558,3398,495,320,645
559,3392,499,320,645
560,3389,509,319,645
561,3386,511,319,646
562,3380,508,320,647
563,3377,511,320,646
564,3371,508,320,647
565,3364,498,323,648
566,3358,498,323,648
567,3353,505,321,648
568,3350,510,320,648
569,3345,517,318,647
570,3343,525,317,647
571,3343,525,317,647
572,3340,528,317,646
