1.0
0.8681135225375626
0.9365609348914858
0.813953488372093
0.8770764119601329
0.948943661971831
0.875
0.9279437609841827
0.9070175438596492
0.948943661971831
0.948943661971831
0.9279437609841827
0.771513353115727
0.8173076923076923
0.771513353115727
0.7270029673590505
0.7418397626112759
0.7825503355704698
0.7667560321715817
0.8315217391304348
0.7255936675461742
0.6464379947229552
0.75642965204236
0.9054878048780488
0.7912552891396333
0.8512898330804249
0.704225352112676
0.6587615283267457
0.7638888888888888
0.9052924791086351
0.864406779661017
0.847457627118644
0.8115055079559363
0.8264058679706602
0.8560975609756097
0.9368686868686869
0.9545454545454546
0.8790697674418605
0.98989898989899
0.9101654846335697
0.8943089430894309
0.8088235294117647
0.8208955223880597
0.8517350157728707
0.7100297914597815
0.8308605341246291
0.9077809798270894
0.7989130434782609
0.8645533141210374
0.8061420345489443
0.7792706333973128
0.7353787152444871
0.7024647887323944
0.6397188049209139
0.6517150395778364
0.6121372031662269
0.6393013100436681
0.6282722513089005
0.6853932584269663
0.6549957301451751
0.910828025477707
0.8557993730407524
0.8452012383900929
0.9139559286463799
0.9372384937238494
0.8054211035818006
0.7688808007279345
0.8933200398803589
0.908183632734531
1.0
0.9154929577464789
0.8667917448405253
0.7946210268948656
0.851528384279476
0.9630266552020637
0.8777969018932874
0.8181818181818182
0.8144796380090498
0.7847533632286996
0.7063253012048193
1.0
1.0
1.0
0.961038961038961
0.9419054996127033
0.9894291754756871
0.9358541525995948
0.85
0.8123515439429929
0.696061140505585
0.670547147846333
0.6529411764705882
0.6723452583759227
0.676056338028169
0.5842818428184282
0.6034939121228163
0.6830309498399146
0.6846234309623431
0.7770880361173815
0.7971751412429379
0.8232636928289102
0.8173076923076923
0.9370748299319728
0.9483834373227453
1.0
0.9963414634146341
1.0
0.928610653487095
0.8973091707852828
1.0
0.9878603945371776
0.8259351620947631
0.8115107913669065
0.8593194514982224
0.9314709733740725
0.8369081343585593
0.9314709733740725
0.8817635270541082
0.866907921190189
1.0
0.9688249400479616
0.9215358931552587
0.88
0.9125475285171103
0.8910625239739164
0.7683529859262077
0.6978636826042727
0.7323076923076923
0.8070175438596491
0.7105781865965834
0.67430441898527
0.8105263157894737
0.8712121212121212
0.8432320441988951
0.9082850323900443
0.865857658248606
0.9184361307718234
0.8447051559123187
0.8523780111179741
0.8859784283513097
0.9232827832292596
0.9203619909502262
0.9590214067278288
0.8035215204024595
0.8564397046759639
0.9095491458975077
0.7643280632411067
0.8832335329341318
0.8281584582441114
0.7595785440613027
0.71943751417555
0.6942590120160214
0.5961639978884392
0.5706585817753074
0.6171068742347385
0.5909167651527942
0.5999348428082749
0.7117626280466266
0.6177624352738114
0.7248201438848921
0.7207540195897246
0.7865168539325843
0.9038294168842471
0.8560032726528942
0.8673965936739659
0.8463531287365484
0.8453350031308704
0.8058871963771099
0.8056361375880646
0.7907623817473567
0.8673323823109843
0.8266666666666667
0.8419157927688214
0.8845553822152886
0.8582422656610743
0.7904761904761904
0.835287548855388
0.8484259619121648
0.8645544554455445
0.8573288206196303
0.8926677874046295
0.9585062240663901
0.831799952819061
0.877431906614786
0.8137254901960784
0.8133583753961733
0.7628156904889845
0.7250665877478544
0.8441994750656168
0.9122945951296773
0.8513734764416955
0.8037259912620559
0.741033964056686
0.7894097643915472
0.800065364817387
0.7806799941631403
0.8127257571547652
0.8280841699903727
0.8352611046471836
0.7950169875424689
0.8032205240174672
0.7880844645550528
0.7613243480808672
0.8126701640215154
0.7843542244884787
0.7985801344474461
0.8217332734620566
0.7815610503085169
0.780564263322884
0.7509863701578192
0.8151796060254924
0.807594476744186
0.7703363035354988
0.8066429418742586
0.704688995215311
0.6632109834687587
0.5554775515662087
0.5452624735901186
0.600326264274062
0.5910901847156828
0.6615006615006614
0.6872407291011943
0.7797680131853095
0.7380606921248418
0.7306585155948601
0.6969113684148184
0.7237145232157701
0.6591019065131133
0.6027321267595868
0.4707568259548694
0.5448800706665761
0.5266037152439169
0.6347587886166489
0.7369177519652704
0.8401730610167335
0.7976078652389004
0.7645417471560421
0.68966134032912
0.7000789745458964
0.6756583172768144
0.6699356236086879
0.7245989304812834
0.7473076923076923
0.7224990417784591
0.7482684963428053
0.8362947859015438
0.8814737448678239
0.8239961617950989
0.7802189700298595
0.7894575543977934
0.8593001306809932
0.8276890308839191
0.7979497693490518
0.8552582544533055
0.8568791708078943
0.752064528519301
0.8279700817533484
0.7857339955849889
0.8202403634764767
0.7593406986306268
0.8164733519307004
0.8427394752898109
0.8347826086956521
0.7899785577248618
0.7993779160186625
0.723987108655617
0.7243205895900506
0.7105753646677472
0.7676636324230602
0.7765451664025357
0.8266794166865886
0.821914184434686
0.8296239865048702
0.0
0.0
0.0
0.0
0.0
0.0
0.0
0.0
0.0
0.5993127147766323
0.6339211904105815
0.6372831354920279
0.6690151181564655
0.6593390380643258
0.6332160045973709
0.6613873448564684
0.7188503664662769
0.7288135593220338
0.7372451102788181
0.736008177868643
0.7463519313304721
0.7619453924914675
0.6745098039215687
0.7036219893362751
0.6182278481012659
0.6161616161616161
0.5849489065036768
0.6437594744820616
0.6799387442572741
0.685608400247066
0.6422405524649913
0.7395069953364424
0.7316151966229727
0.7527453473586868
0.7341620846282573
0.7848052448900887
0.7327172347575612
0.7543176210881704
0.7777193904361535
0.7752442996742671
0.7295735900962861
0.7702265372168284
0.7507409602845287
0.7251184834123223
0.7386246502724194
0.7132009345794392
0.6498516320474778
0.6980797636632201
0.6521202140798683
0.6303169872663235
0.6843640606767795
0.7002405291641611
0.694176851186197
0.7749442142174051
0.7695984703632888
0.7737023088259375
0.7980643044619422
0.8377908996179229
0.9396075442941513
0.8122151321786691
0.9569069673781716
0.9427527405602923
0.9192473539788318
0.8320079522862823
1.0
0.9566244363324028
0.9692982456140351
0.8813521379001567
0.9406175771971497
0.876348726801899
0.9856276667415226
1.0
0.8946404031149794
0.8585164835164835
0.8529819694868238
0.8215874502458441
0.9159878985338609
0.8918032786885246
0.8955223880597015
0.8846971307120085
0.8520540821632865
0.9316770186335404
0.8828293736501079
0.8679642293529721
0.7925178439576668
0.832638036809816
0.9240764331210191
0.9293534932221064
0.8961293483586478
0.8611383709519136
0.9015306122448979
0.8984312682797129
0.9247730220492867
0.8984547461368654
0.9827586206896551
0.8823529411764706
0.9743589743589743
0.9619072298522934
0.952832674571805
0.8969072164948454
0.839479968161316
0.9911123081066523
0.84346035015448
0.8945548833189283
0.8050478677110531
0.8666666666666667
0.9202111145606955
0.8809595202398801
0.8326029798422436
0.9502262443438914
0.8340425531914893
0.8412656208455198
1.0
1.0
0.8092922744462453
0.9383309759547384
0.9679019550627371
0.870406732117812
0.9084905660377358
0.9730549006399462
0.8803565306822078
0.8582995951417004
0.8075521695925804
0.7726971504307488
0.8487706298416975
0.8904593639575972
0.9813084112149533
0.973712639539071
0.9643366619115549
0.7575551782682513
0.8732099196646874
0.856994459833795
0.9505703422053232
0.9396306818181818
0.8139281828073993
0.8315608919382504
0.9896536212325686
0.9078276980083372
0.9813084112149533
0.8849557522123894
1.0
1.0
0.8134637081609628
0.7943686006825939
0.9550173010380623
0.9632478632478633
0.8675834970530452
0.8202511773940345
0.8347826086956521
0.8188533239535701
0.8541062801932368
0.8019352887813729
0.7876376988984088
0.8242664029014177
1.0
0.893735130848533
0.8821603927986906
0.9114740008594757
0.9088699878493317
0.8641975308641975
0.7175226586102719
0.7421576128538638
0.7462743599541459
0.9397441188609162
0.9135896459840122
1.0
0.8859794497845542
0.853625170998632
0.8406466512702079
0.8337696335078534
0.9795918367346939
0.9224199288256227
0.9326923076923077
0.906744379683597
0.9789739276703112
0.8386308068459658
0.8931144915932746
0.9247787610619469
0.9017264276228419
0.8567860116569526
0.8761061946902655
0.7839459864966242
1.0
0.7879893828798938
0.7535736482287135
0.6555899746550268
0.6422719825232114
0.6170500676589986
0.6138059701492538
0.614667095529109
0.7889379029521547
0.8865248226950354
0.8245494729683781
0.901036084315827
0.8980406386066764
0.9053117782909931
0.8468431771894094
0.7915993537964459
0.8974964572508266
0.8159722222222222
0.9496043315285297
0.9983186212694409
0.8871595330739299
0.9859262076835299
0.7496977025392987
0.7356812522234081
0.8004694835680751
0.7511792452830188
0.8743801652892562
0.9480286738351255
0.9574660633484163
0.9387755102040817
0.9277703005832212
0.9689814814814814
0.8698795180722891
0.8386463952918097
0.8280224929709465
0.9425587467362925
1.0
0.9348970799425562
1.0
1.0
0.9769884942471235
0.8466603951081844
0.9375
0.8019034191046881
0.7458933959101576
0.7263157894736842
0.9068425391591096
0.9079965606190885
0.9263157894736842
0.9768339768339769
0.9877989263055149
0.9056994818652849
0.8652931854199684
0.9368421052631579
0.8095238095238095
0.8485169491525424
0.966129927817879
0.9988649262202043
0.9869540555870675
0.9770114942528736
0.9790575916230366
1.0
0.9234350750129333
0.9196675900277008
0.8692579505300353
0.8785714285714286
0.8191011235955056
0.880093131548312
0.8009977827050998
0.9245049504950495
0.8882282996432818
0.85
0.9898348157560356
0.9206541490006057
0.8880553952683208
0.8691372321945571
0.7432208079690094
0.9282994923857868
0.9282994923857868
0.8587155963302753
0.908747640025173
0.8309352517985612
0.8389380530973451
0.9986693280106453
1.0
1.0
0.889602053915276
0.8505523066926576
0.8664666166541636
0.773071104387292
1.0
0.9056316590563166
0.8092485549132948
0.7899860917941586
1.0
0.988399071925754
1.0
1.0
0.9609022556390977
0.9722222222222222
0.9959316517493898
0.8711566617862372
0.9984375
0.8933333333333333
0.8933333333333333
0.8666666666666667
0.7559943582510579
0.9372349448685326
0.9068585944115156
0.8616251005631537
0.8753016894609815
0.7339449541284404
0.7951070336391437
0.8325991189427313
0.8823529411764706
0.7674418604651163
0.757071547420965
0.757071547420965
0.8653846153846154
0.9090909090909091
0.9238845144356955
0.9404255319148936
0.8943231441048035
0.8238884045335658
0.9959183673469387
1.0
0.9164969450101833
0.8501440922190202
0.7927063339731286
0.9320388349514563
0.8422071636011617
0.8992248062015504
0.8268858800773694
0.8575581395348837
0.7710144927536232
1.0
1.0
0.9666666666666667
0.9274673008323424
1.0
0.8810939357907254
0.8501783590963139
0.7491638795986622
0.7366071428571429
1.0
0.9310344827586207
0.9482758620689655
0.9137931034482759
0.9482758620689655
0.7881040892193308
0.8849009900990099
0.9310344827586207
0.9137931034482759
0.8423841059602649
0.8423841059602649
0.9137931034482759
0.825
0.6834701055099648
0.78
0.7952941176470588
0.6713615023474179
