1,590,356,9,53
2,590,360,11,48
3,590,362,11,46
4,589,362,11,45
5,589,363,11,44
6,589,364,12,44
7,588,364,12,44
8,588,364,12,43
9,588,364,12,44
10,589,363,12,45
11,588,364,12,44
12,588,363,12,45
13,588,364,12,45
14,588,363,12,45
15,588,363,12,45
16,588,364,11,45
17,588,364,12,45
18,588,364,12,46
19,588,364,11,46
20,589,364,11,46
21,588,364,11,46
22,588,364,11,46
23,588,365,11,47
24,587,365,11,46
25,588,365,11,46
26,588,365,11,47
27,587,364,13,46
28,586,363,13,48
29,586,364,14,48
30,585,364,14,47
31,585,363,14,49
32,585,364,15,48
33,584,364,16,47
34,584,363,15,49
35,584,364,16,48
36,584,364,16,49
37,583,364,17,50
38,582,363,18,51
39,582,363,18,52
40,582,364,18,50
41,582,363,18,52
42,581,365,17,51
43,581,365,16,52
44,581,364,16,53
45,580,365,16,52
46,580,364,16,53
47,579,365,16,52
48,579,366,16,51
49,579,364,16,52
50,579,366,14,51
51,579,364,13,53
52,579,364,13,53
53,579,363,13,54
54,579,363,12,54
55,580,364,11,54
56,579,364,12,55
57,579,365,10,56
58,578,365,11,56
59,578,364,12,58
60,578,365,11,57
61,577,364,11,58
62,577,365,10,57
63,577,365,10,57
64,577,365,11,58
65,575,365,12,58
66,575,365,12,59
67,574,364,13,59
68,574,366,14,56
69,573,364,14,58
70,572,365,16,58
71,572,365,15,59
72,571,366,15,58
73,570,366,17,59
74,570,364,17,62
75,569,365,17,62
76,568,366,18,60
77,568,369,18,59
78,567,369,18,60
79,567,371,18,57
80,566,371,18,59
81,566,370,18,60
82,566,372,18,58
83,565,375,17,55
84,566,369,18,61
85,565,369,18,61
86,565,366,18,64
87,564,363,17,67
88,563,362,17,70
89,564,362,17,70
90,563,361,17,70
91,563,362,16,70
92,563,362,15,71
93,563,363,15,72
94,563,363,14,72
95,563,363,14,73
96,562,362,14,74
97,562,364,14,73
98,561,365,14,74
99,561,362,13,75
100,561,365,14,75
101,560,364,14,76
102,559,364,16,76
103,558,362,17,78
104,557,364,18,74
105,556,361,20,78
106,556,360,20,79
107,555,360,20,80
108,554,362,21,77
109,554,361,21,79
110,553,361,23,81
111,551,362,22,81
112,550,362,22,81
113,549,359,24,87
114,549,359,23,88
115,548,363,25,84
116,546,361,26,88
117,546,361,26,87
118,544,360,27,90
119,544,357,28,92
120,543,355,26,95
121,543,356,27,94
122,542,355,26,96
123,541,353,25,98
124,543,354,24,97
125,541,352,23,96
126,541,350,22,101
127,542,354,21,100
128,541,353,21,101
129,542,351,20,103
130,541,355,19,102
131,540,353,19,106
132,538,358,20,104
133,537,356,21,107
134,537,357,21,105
135,536,353,21,111
136,536,356,20,109
137,534,351,21,114
138,533,356,24,112
139,534,355,22,111
140,533,355,23,111
141,531,359,24,109
142,530,357,25,110
143,528,354,28,111
144,529,353,28,113
145,528,354,27,112
146,526,355,28,111
147,523,357,29,110
148,521,354,31,115
149,520,356,32,114
150,520,359,32,112
151,518,358,33,116
152,520,360,30,113
153,523,361,25,111
154,527,358,21,111
155,529,356,20,113
156,510,369,34,113
157,509,366,40,116
158,507,359,40,126
159,505,356,42,129
160,504,356,40,130
161,504,358,39,126
162,503,359,38,126
163,502,357,36,130
164,503,360,35,127
165,501,354,33,132
166,501,356,32,133
167,500,358,31,137
168,499,364,29,137
169,499,355,34,144
170,497,359,29,146
171,494,358,31,148
172,494,358,30,153
173,492,360,29,155
174,490,360,32,156
175,489,362,32,156
176,489,360,32,160
177,486,362,34,157
178,485,362,36,158
179,485,355,34,165
180,482,358,38,165
181,479,354,40,161
182,478,353,41,167
183,476,350,42,166
184,476,350,44,168
185,471,357,45,162
186,465,362,50,156
187,461,367,52,156
188,457,361,54,171
189,458,359,52,174
190,454,360,54,179
191,453,356,55,186
192,448,358,57,191
193,443,354,60,206
194,446,352,60,209
195,439,359,60,201
196,440,355,61,205
197,436,351,58,206
198,435,351,58,208
199,435,351,58,208
200,432,351,57,205
201,433,348,54,211
202,429,347,51,212
203,433,351,49,210
204,433,348,46,215
205,430,347,49,227
206,419,348,59,239
207,415,355,58,247
208,408,356,59,251
209,406,353,66,258
210,396,354,69,261
211,395,354,67,266
212,394,347,65,276
213,393,340,65,285
214,389,342,69,281
215,386,339,71,285
216,384,340,67,282
217,380,357,66,263
218,376,354,64,266
219,371,346,67,274
220,355,339,82,279
221,349,343,72,268
222,341,339,73,272
223,324,340,78,276
224,326,338,81,274
225,311,340,82,279
226,301,344,88,273
227,287,352,84,269
228,275,353,74,265
229,276,353,75,267
230,261,355,75,265
231,252,352,76,265
232,240,357,77,253
233,223,362,91,238
234,222,361,91,240
235,211,356,91,240
236,202,354,87,241
237,196,349,90,242
238,187,344,86,247
239,185,352,88,245
240,179,343,89,251
241,167,343,92,252
242,155,345,97,263
243,147,344,92,259
244,148,345,89,260
245,138,344,80,256
246,129,340,80,253
247,117,347,82,242
248,109,344,87,241
249,111,348,80,239
250,100,347,86,233
251,90,345,88,228
252,77,344,98,225
253,69,347,100,217
254,62,343,102,212
255,60,346,104,210
256,53,344,105,218
257,48,343,111,224
258,37,345,111,217
259,35,349,111,220
260,36,344,110,229
261,28,347,116,224
262,22,346,111,215
263,18,353,117,208
264,17,354,107,205
265,14,355,111,202
266,13,353,99,207
267,8,356,97,202
268,5,355,94,202
269,2,355,90,198
270,3,357,89,198
271,2,352,83,204
272,1277,353,82,203
273,1274,353,79,204
274,1269,353,83,204
275,1269,357,81,200
276,1265,356,79,205
277,1265,355,76,209
278,1267,357,70,201
279,1267,359,64,199
280,1266,356,68,202
281,1268,357,63,196
282,1264,359,68,190
283,1264,362,60,190
284,1258,365,66,184
285,1259,366,64,183
286,1256,365,60,180
287,1255,368,58,180
288,1250,364,59,178
289,1251,368,55,173
290,1248,366,58,175
291,1248,363,57,176
292,1244,365,59,169
293,1240,363,60,169
294,1237,363,62,164
295,1238,363,60,166
296,1236,360,57,168
297,1234,362,61,164
298,1232,361,58,165
299,1229,366,58,159
300,1230,365,56,162
301,1227,364,58,161
302,1228,365,55,162
303,1229,361,53,165
304,1226,362,54,162
305,1225,364,53,158
306,1223,365,55,158
307,1221,365,53,157
308,1225,364,49,158
309,1221,364,50,153
310,1220,367,52,150
311,1223,365,46,147
312,1226,369,40,140
313,1220,366,43,136
314,1219,363,43,136
315,1220,368,42,133
316,1217,367,43,130
317,1216,365,41,131
318,1217,366,42,130
319,1214,364,42,132
320,1213,366,44,128
321,1214,366,42,128
322,1212,365,43,131
323,1209,364,41,131
324,1210,364,40,131
325,1204,366,49,126
326,1206,365,43,128
327,1204,366,44,125
328,1204,365,41,125
329,1203,360,41,128
330,1203,361,41,127
331,1200,365,41,123
332,1199,361,40,125
333,1200,364,41,120
334,1200,363,36,122
335,1202,364,36,120
336,1199,365,36,116
337,1200,364,36,119
338,1200,363,34,119
339,1199,362,33,120
340,1199,363,33,120
341,1199,361,31,122
342,1199,363,31,119
343,1199,361,31,120
344,1199,361,31,120
345,1198,361,32,120
346,1198,363,30,117
347,1197,365,30,113
348,1197,362,29,114
349,1196,366,30,107
350,1196,367,29,107
351,1195,363,31,109
352,1193,364,31,107
353,1192,363,31,107
354,1192,364,30,105
355,1192,362,32,108
356,1191,360,29,110
357,1191,361,31,109
358,1190,363,32,106
359,1186,365,34,103
360,1189,361,34,105
361,1185,363,34,106
362,1185,368,37,100
363,1183,368,39,99
364,1183,369,36,98
365,1184,367,35,100
366,1182,366,35,102
367,1180,366,37,100
368,1179,367,38,99
369,1177,366,37,100
370,1177,367,35,97
371,1177,367,30,96
372,1176,366,26,96
373,1176,366,25,98
374,1173,364,27,98
375,1174,366,26,97
376,1172,363,27,100
377,1171,360,24,104
378,1171,365,24,99
379,1167,367,25,98
380,1167,362,26,100
381,1166,364,24,98
382,1163,363,28,99
383,1159,363,29,96
384,1159,357,27,103
385,1158,354,29,105
386,1156,359,29,101
387,1154,358,29,100
388,1153,360,27,98
389,1153,362,26,95
390,1155,364,22,93
391,1149,364,26,92
392,1149,365,26,91
393,1148,363,23,92
394,1147,360,22,95
395,1146,359,23,98
396,1144,360,24,96
397,1143,359,22,98
398,1141,363,23,93
399,1139,363,22,93
400,1140,361,22,95
401,1136,359,26,98
402,1133,364,28,92
403,1132,361,31,93
404,1130,362,31,92
405,1130,366,34,90
406,1129,364,30,89
407,1127,368,28,86
408,1126,364,20,87
409,1122,364,23,88
410,1124,365,20,87
411,1122,365,19,88
412,1119,365,19,87
413,1117,363,20,90
414,1114,366,21,87
415,1116,365,18,88
416,1114,365,19,88
417,1112,367,19,87
418,1108,367,21,87
419,1106,366,22,87
420,1105,365,23,88
421,1103,365,23,89
422,1099,366,26,86
423,1098,367,23,85
424,1095,365,26,86
425,1095,367,25,84
426,1093,367,23,83
427,1091,364,23,84
428,1088,365,22,82
429,1086,363,21,85
430,1087,360,20,87
431,1085,359,19,90
432,1083,359,20,91
433,1081,358,20,92
434,1080,358,18,92
435,1080,359,20,91
436,1077,362,20,87
437,1075,360,21,89
438,1071,360,24,89
439,1069,358,25,89
440,1067,359,27,89
441,1064,356,27,93
442,1061,353,29,93
443,1059,356,27,90
444,1058,362,23,85
445,1058,362,23,86
446,1056,357,22,90
447,1053,358,23,89
448,1052,356,20,91
449,1051,358,21,88
450,1052,358,19,88
451,1050,360,18,88
452,1047,358,19,89
453,1045,361,19,85
454,1041,362,22,85
455,1041,358,23,88
456,1038,361,24,84
457,1034,357,28,86
458,1031,361,29,82
459,1030,362,30,83
460,1030,364,29,81
461,1027,363,30,80
462,1022,362,30,81
463,1020,363,30,79
464,1022,360,24,82
465,1022,361,25,80
466,1019,360,28,83
467,1018,357,26,88
468,1016,356,27,87
469,1015,354,23,88
470,1017,353,20,90
471,1015,357,19,85
472,1013,358,17,84
473,1011,356,19,85
474,1007,354,23,86
475,1007,355,23,84
476,1006,356,24,83
477,1005,356,25,83
478,1002,357,28,82
479,1001,353,28,86
480,1001,358,28,81
481,996,354,33,85
482,993,352,33,87
483,991,349,31,91
484,990,351,25,88
485,990,351,22,88
486,988,353,21,85
487,988,353,18,86
488,987,353,17,86
489,984,352,17,87
490,985,351,16,88
491,983,354,16,86
492,980,357,19,83
493,977,356,21,82
494,976,356,22,82
495,973,359,26,78
496,973,358,23,80
497,971,356,23,79
498,969,358,25,77
499,965,357,24,80
500,966,358,24,78
501,965,352,24,82
502,964,350,23,85
503,963,348,23,87
504,963,348,23,87
505,962,348,20,86
506,961,350,21,82
507,959,352,20,81
508,959,352,18,80
509,958,352,18,79
510,955,354,19,78
511,955,355,20,77
512,955,353,19,77
513,954,354,19,77
514,954,353,17,78
515,952,356,18,74
516,952,354,18,77
517,951,356,17,73
518,949,357,19,73
519,947,354,18,75
520,945,351,19,77
521,946,350,18,79
522,944,348,19,80
523,943,351,18,76
524,942,351,19,77
525,940,352,18,76
526,941,352,17,75
527,938,353,19,72
528,937,354,20,71
529,935,355,21,70
530,934,357,22,69
531,935,357,21,70
532,933,355,19,71
533,932,357,21,68
534,931,355,21,71
535,930,358,21,68
536,930,359,21,67
537,929,359,21,67
538,928,358,22,68
539,928,354,21,72
540,927,355,20,69
541,927,357,22,66
542,926,355,21,67
543,925,357,20,65
544,925,358,19,63
545,924,357,17,65
546,924,357,19,64
547,923,358,18,63
548,922,358,18,63
549,921,358,18,62
550,920,357,19,63
551,920,357,19,63
552,920,357,19,63
553,919,357,19,63
554,919,358,18,61
555,918,360,19,59
556,918,359,19,60
557,917,360,17,57
558,916,360,17,57
559,916,359,17,58
560,914,360,18,57
561,914,359,18,58
562,913,359,18,57
563,913,358,18,57
564,912,359,17,56
565,912,359,17,56
566,911,359,18,56
567,911,358,17,56
568,911,359,17,55
569,910,358,16,57
570,910,359,16,56
571,911,359,15,56
572,910,359,15,55
573,910,359,16,56
574,910,358,15,57
575,909,358,15,56
576,910,359,15,56
577,909,355,15,59
578,907,356,16,57
579,909,357,14,54
580,907,357,16,54
581,907,359,15,52
582,906,359,16,52
583,906,358,16,52
584,906,358,15,53
585,906,357,15,53
586,906,358,15,52
587,905,358,15,52
588,905,358,14,52
589,905,357,14,52
590,905,358,15,52
591,905,358,15,52
592,904,357,15,53
593,904,356,14,53
594,904,357,14,52
595,904,358,14,50
596,904,359,14,49
597,903,359,13,49
598,903,359,13,47
599,903,357,13,49
600,901,357,14,50
601,903,356,13,51
602,901,357,14,49
603,901,357,14,49
604,901,358,14,49
605,901,356,14,50
606,901,356,14,50
607,901,356,14,50
608,901,356,14,50
609,901,356,14,49
610,900,356,14,50
611,900,355,14,51
612,900,356,14,49
613,900,356,14,49
614,900,355,13,48
615,900,356,14,48
616,901,356,14,49
