1.0
1.0
1.0
1.0
1.0
1.0
1.0
0.9426168686618848
0.9426168686618848
0.9676813228109733
0.9426168686618848
0.9122446357445715
0.9122446357445715
0.8879868070531524
0.8839982241390245
0.9084484420173466
0.9084484420173466
0.8263772954924875
0.8263772954924875
0.7742681047765794
0.7742681047765794
0.7742681047765794
0.7521345573602106
0.7521345573602106
0.7521345573602106
0.7521345573602106
0.7539488891742648
0.7483630761330081
0.7483630761330081
0.7483630761330081
0.7483630761330081
0.7483630761330081
0.6774483378256964
0.6774483378256964
0.6774483378256964
0.5700724777115003
0.5700724777115003
0.5700724777115003
0.5700724777115003
0.5700724777115003
0.5700724777115003
0.4843669912865197
0.4843669912865197
0.4843669912865197
0.4843669912865197
0.4688100422697579
0.4688100422697579
0.4688100422697579
0.4688100422697579
0.5086505190311419
0.5086505190311419
0.5068545803971813
0.5068545803971813
0.5068545803971813
0.5068545803971813
0.5628604382929643
0.5628604382929643
0.5628604382929643
0.5628604382929643
0.5628604382929643
0.5690848500384517
0.5831464274271067
0.5831464274271067
0.6369639079428169
0.6369639079428169
0.6369639079428169
0.6369639079428169
0.6466064218419535
0.6466064218419535
0.6235188624863895
0.6235188624863895
0.559104
0.559104
0.4793784768847113
0.4793784768847113
0.4563466700754186
0.4563466700754186
0.4586182654822011
0.4586182654822011
0.4586182654822011
0.4530580942033617
0.4530580942033617
0.4530580942033617
0.43769968051118213
0.43769968051118213
0.38480204342273305
0.38480204342273305
0.33405639913232105
0.33405639913232105
0.3015812292782453
0.3015812292782453
0.3015812292782453
0.3015812292782453
0.3015812292782453
0.3015812292782453
0.2881917878092323
0.2881917878092323
0.2933299324065808
0.2901498246732547
0.2901498246732547
0.2907606962953517
0.2731794413977809
0.2731794413977809
0.29169324996810003
0.29169324996810003
0.2907652051822069
0.2907652051822069
0.2907652051822069
0.2907652051822069
0.2590749601275917
0.2590749601275917
0.27304059229001787
0.27304059229001787
0.24116371060354727
0.24116371060354727
0.24606060606060606
0.24606060606060606
0.208235069156734
0.208235069156734
0.2169089517980107
0.2169089517980107
0.1699579564275704
0.1699579564275704
0.2069317023445464
0.2069317023445464
0.22178318781467082
0.22178318781467082
0.2102312543798178
0.2102312543798178
0.2102312543798178
0.2102312543798178
0.20929936305732483
0.20929936305732483
0.20929936305732483
0.20929936305732483
0.19737679867566535
0.19737679867566535
0.19737679867566535
0.19737679867566535
0.15976331360946747
0.15976331360946747
0.15976331360946747
0.15976331360946747
0.15976331360946747
0.15976331360946747
0.15976331360946747
0.15976331360946747
0.15976331360946747
0.15976331360946747
0.1511102627727938
0.1511102627727938
0.1511102627727938
0.1511102627727938
0.1511102627727938
0.1511102627727938
0.1345884747487597
0.1345884747487597
0.12870405697570902
0.12870405697570902
0.14594594594594595
0.14594594594594595
0.1272334202327208
0.1272334202327208
0.1272334202327208
0.1421939586645469
0.1421939586645469
0.1421939586645469
0.16603053435114504
0.16603053435114504
0.16321985364301622
0.16321985364301622
0.14659286123305976
0.14659286123305976
0.1463662975690467
0.1463662975690467
0.1463662975690467
0.1463662975690467
0.1463662975690467
0.1463662975690467
0.1450566229800229
0.1450566229800229
0.13753180661577608
0.13753180661577608
0.12555654496883348
0.12555654496883348
0.12732129229203765
0.12732129229203765
0.12732129229203765
0.12732129229203765
0.12872861413216308
0.12872861413216308
0.15271061338763045
0.15271061338763045
0.15271061338763045
0.15271061338763045
0.15271061338763045
0.15271061338763045
0.13435969209237228
0.13435969209237228
0.13435969209237228
0.13435969209237228
0.1555004135649297
0.1555004135649297
0.1555004135649297
0.1555004135649297
0.13584329687102517
0.13584329687102517
0.13584329687102517
0.13584329687102517
0.13584329687102517
0.13584329687102517
0.14420142421159715
0.14420142421159715
0.14420142421159715
0.14420142421159715
0.14420142421159715
0.14420142421159715
0.15770062317181738
0.15770062317181738
0.1493609715775418
0.1493609715775418
0.13554580710788988
0.13554580710788988
0.128726717945458
0.128726717945458
0.128726717945458
0.128726717945458
0.128726717945458
0.128726717945458
0.1383147853736089
0.12356979405034325
0.1623409669211196
0.1623409669211196
0.18900343642611683
0.18900343642611683
0.190391345847916
0.190391345847916
0.2062249379415696
0.2062249379415696
0.2062249379415696
0.2062249379415696
0.2062249379415696
0.21196690006365373
0.21196690006365373
0.21196690006365373
0.2214440341270852
0.2214440341270852
0.24343949044585989
0.24343949044585989
0.2487581199847153
0.2487581199847153
0.19931271477663232
0.19931271477663232
0.17422555817059984
0.17422555817059984
0.14062301335028607
0.14062301335028607
0.13386727688787187
0.13386727688787187
0.12352268394967594
0.12352268394967594
0.10372864130089564
0.10372864130089564
0.1327737504769172
0.12282263191354101
0.13584329687102517
0.13584329687102517
0.13584329687102517
0.13584329687102517
0.14053160371359533
0.14053160371359533
0.14053160371359533
0.14053160371359533
0.1555004135649297
0.1555004135649297
0.16382382892057026
0.16382382892057026
0.17532467532467533
0.17532467532467533
0.16382382892057026
0.16382382892057026
0.18224656138563422
0.18224656138563422
0.18224656138563422
0.18224656138563422
0.18224656138563422
0.18224656138563422
0.1800356506238859
0.1800356506238859
0.19737679867566535
0.19737679867566535
0.1871538608441021
0.1871538608441021
0.1871538608441021
0.17347588137966144
0.17347588137966144
0.17347588137966144
0.17347588137966144
0.17347588137966144
0.17347588137966144
0.17347588137966144
0.20170635425951866
0.20170635425951866
0.20170635425951866
0.20170635425951866
0.20170635425951866
0.18299584957866935
0.19093790788737647
0.19093790788737647
0.18326439707286032
0.18326439707286032
0.18326439707286032
0.18326439707286032
0.19474320626233055
0.19474320626233055
0.19474320626233055
0.19474320626233055
0.19474320626233055
0.19474320626233055
0.16603053435114504
0.16603053435114504
0.1478567382136338
0.15968203497615263
0.12857948493013346
0.1394318972607073
0.10397969920158445
0.12344901429741136
0.10103322403019241
0.11079208538792834
0.11790284507392222
0.13855497912185247
0.14062301335028607
0.14062301335028607
0.14767234800305265
0.14767234800305265
0.1555004135649297
0.1555004135649297
0.1555004135649297
0.17533252720677148
0.16511672044031125
0.16511672044031125
0.15370991207540008
0.16031554170112602
0.1423258120505827
0.15405811623246493
0.12439408246773685
0.13525710290472256
0.09883321894303362
0.11894021221170341
0.09019511596514909
0.10925209139717817
0.11283144236193819
0.12296792966032007
0.13032422123331214
0.12010066058508966
0.0
0.0
0.0
0.0
0.0
0.0
0.0
0.0
0.0
0.0
0.0
0.0
0.0
0.0
0.0
0.0
0.0
0.0
0.0
0.0
0.0
0.0
0.0
0.0
0.0
0.0
0.0
0.0
0.0
0.0
0.0
0.0
0.0
0.0
0.0
0.0
0.0
0.0
0.0
0.0
0.0
0.0
0.0
0.0
0.0
0.0
0.0
0.0
0.0
0.0
0.0
0.0
0.0
0.0
0.0
0.0
0.0
0.0
0.0
0.0
0.0
0.0
0.0
0.0
0.0
0.0
0.0
0.0
0.0
0.0
0.0
0.0
0.0
0.0
0.0
0.0
0.0
0.0
0.0
0.0
0.0
0.0
0.0
0.0
0.0
0.0
0.0
0.0
0.0
0.0
0.0
0.0
0.0
0.0
0.0
0.0
0.0
0.0
0.0
0.0
0.0
0.0
0.0
0.0
0.0
0.0
0.0
0.0
0.0
0.0
0.0
0.0
0.0
0.0
0.0
0.0
0.0
0.0
0.0
0.0
0.0
0.0
0.0
0.0
0.0
0.0
0.0
0.0
0.0
0.0
0.0
0.0
0.0
0.0
0.0
0.0
0.0
0.0
0.0
0.0
0.0
0.0
0.0
0.0
0.0
0.0
0.0
0.0
0.0
0.0
0.0
0.0
0.0
0.0
0.0
0.0
0.0
0.0
0.0
0.0
0.0
0.0
0.0
0.0
0.0
0.0
0.0
0.0
0.0
0.0
0.0
0.0
0.0
0.0
0.0
0.0
0.0
0.0
0.0
0.0
0.0
0.0
0.0
0.0
0.0
0.0
0.0
0.0
0.0
0.0
0.0
0.0
0.0
0.0
0.0
0.0
0.0
0.0
0.0
0.0
0.0
0.0
0.0
0.0
0.0
0.0
0.0
0.0
0.0
0.0
0.0
0.0
0.0
0.0
0.0
0.0
0.0
0.0
0.0
0.0
0.0
0.0
0.0
0.0
0.0
0.0
0.0
0.0
0.0
0.0
0.0
0.0
0.0
0.0
0.0
0.0
0.0
0.0
0.0
0.0
0.0
0.0
0.0
0.0
0.0
0.0
0.0
0.0
0.0
0.0
0.0
0.0
0.0
0.0
0.0
0.0
0.0
0.0
0.0
0.0
0.0
0.0
0.0
0.0
0.0
0.0
0.0
0.0
0.0
0.0
0.0
0.0
0.0
0.0
0.0
0.0
0.0
0.0
0.0
0.0
0.0
0.0
0.0
0.0
0.0
0.0
0.0
0.0
0.0
0.0
0.0
0.0
0.0
0.0
0.0
0.0
0.0
0.0
0.0
0.0
0.0
0.0
0.0
0.0
0.0
0.0
0.0
0.0
0.0
0.0
0.0
0.0
0.0
0.0
0.0
0.0
0.0
0.0
0.0
0.0
0.0
0.0
0.0
0.0
0.0
0.0
0.0
0.0
0.0
0.0
0.0
0.0
0.0
0.0
0.0
0.0
0.0
0.0
0.0
0.0
0.0
0.0
0.0
0.0
0.0
0.0
0.0
0.0
0.0
0.0
0.0
0.0
0.0
0.0
0.0
0.0
0.0
0.0
0.0
0.0
0.0
0.0
0.0
0.0
0.0
0.0
0.0
0.0
0.0
0.0
0.0
0.0
0.0
0.0
0.0
0.0
0.0
0.0
0.0
0.0
0.0
0.0
0.0
0.0
0.0
0.0
0.0
0.0
0.0
0.0
0.08728456834246684
0.08728456834246684
0.127084345151368
0.11294061226121013
0.18506534973817532
0.1690395195497879
0.20974023195104208
0.20974023195104208
0.24974411463664278
0.23053665910808768
0.2944764046887841
0.2944764046887841
0.32028500300454976
0.2999746428873299
0.2611726117261173
0.24262745414882445
0.28566943964840685
0.28566943964840685
0.3142857142857143
0.29577464788732394
0.2602739726027397
0.2602739726027397
0.3065500807436291
0.28818298318511903
0.25295561850802645
0.25295561850802645
0.2992565055762082
0.28100183262064754
0.24598930481283424
0.22919109026963658
0.2678384523766557
0.2678384523766557
0.22001875455839962
0.204870519636426
0.29419225890763734
0.27672240549046373
0.3240398184522674
0.3240398184522674
0.34816068954902263
0.33034629404617255
0.3617607717563131
0.34271212181767313
0.3839479392624729
0.3839479392624729
0.4137544084642514
0.3938675517622886
0.3877559149207361
0.3684603299293009
0.3850883935434281
0.3656113169417312
0.31033368344509976
0.31033368344509976
0.3745925507410144
0.3546922516811582
0.3753687640350491
0.3568480952174102
0.4265853439770383
0.4265853439770383
0.40620384047267355
0.38573508005822416
0.3465346534653465
0.3465346534653465
0.4241211774792798
0.4028716216216216
0.45556461475743987
0.4337917879730951
0.37221368178324366
0.37221368178324366
0.41878876506479756
0.39750658123478866
0.33732591853224964
0.33732591853224964
0.3814852492370295
0.36072144288577157
0.30201342281879195
0.30201342281879195
0.4395493283258703
0.4151559615657689
0.45098396501457727
0.45098396501457727
0.4227189701661303
0.4070537634408602
0.36563460174899554
0.36563460174899554
0.38986836856800955
0.3700849323686694
0.3880540805182089
0.3880540805182089
0.37756043550470564
0.3589034113663669
0.36523192645215213
0.3706733794839522
0.4140428566067475
0.3944709670256467
0.4197269755816189
0.4197269755816189
0.43655571964103146
0.4225505268289025
0.0
0.0
0.0
0.0
0.0
0.0
0.0
0.0
0.0
0.0
0.3916256157635468
0.3916256157635468
0.0
0.0
0.0
0.0
0.0
0.0
0.48521162672106066
0.48521162672106066
0.4777777777777778
0.5005372492836676
0.5508455963101252
0.5814109742441209
0.45653654108034497
0.48158836430797647
0.4344502907781778
0.4281562802712302
0.37361140222175643
0.37361140222175643
0.3421186011150532
0.3421186011150532
0.0
0.0
0.0
0.0
0.0
0.0
0.0
0.0
0.0
0.0
0.0
0.0
0.0
0.0
0.0
0.0
0.0
0.0
0.0
0.0
0.0
0.0
0.0
0.0
0.0
0.0
0.0
0.0
0.0
0.0
0.0
0.0
0.0
0.0
0.0
0.0
0.0
0.0
0.0
0.0
0.0
0.0
0.0
0.0
0.0
0.0
0.0
0.0
0.0
0.0
0.0
0.0
0.0
0.0
0.0
0.0
0.0
0.0
0.0
0.0
0.0
0.0
0.0
0.0
0.0
0.0
0.0
0.0
0.0
0.0
0.0
0.0
0.0
0.0
0.0
0.0
0.0
0.0
0.0
0.0
0.0
0.0
0.0
0.0
0.0
0.0
0.0
0.0
0.0
0.0
0.0
0.0
0.0
0.0
0.0
0.0
0.0
0.0
0.0
0.0
0.0
0.0
0.0
0.0
0.0
0.0
0.3012083701738874
0.3201435263630021
0.0
0.0
0.0
0.0
0.0
0.0
0.0
0.0
0.0
0.0
0.0
0.0
0.0
0.0
0.0
0.0
0.0
0.0
0.0
0.0
0.0
0.0
0.0
0.0
0.0
0.0
0.0
0.0
0.0
0.0
0.0
0.0
0.0
0.0
0.0
0.0
0.0
0.0
0.0
0.0
0.0
0.0
0.0
0.0
0.0
0.0
0.0
0.0
0.0
0.0
0.0
0.0
0.0
0.0
0.0
0.0
0.0
0.0
0.0
0.0
0.0
0.0
0.0
0.0
0.0
0.0
0.0
0.0
0.0
0.0
0.0
0.0
0.0
0.0
0.0
0.0
0.0
0.0
0.0
0.0
0.0
0.0
0.0
0.0
0.0
0.0
0.0
0.0
0.0
0.0
0.0
0.0
0.0
0.0
0.0
0.0
0.0
0.0
0.0
0.0
0.0
0.0
0.0
0.0
0.0
0.0
0.0
0.0
0.0
0.0
0.0
0.0
0.0
0.0
0.0
0.0
0.0
0.0
0.0
0.0
0.0
0.0
0.0
0.0
0.0
0.0
0.0
0.0
0.0
0.0
0.0
0.0
0.0
0.0
0.0
0.0
0.0
0.0
0.0
0.0
0.0
0.0
0.0
0.0
0.0
0.0
0.0
0.0
0.0
0.0
0.0
0.0
0.0
0.0
0.0
0.0
0.0
0.0
0.0
0.0
0.0
0.0
0.0
0.0
0.0
0.0
0.0
0.0
0.0
0.0
0.0
0.0
0.0
0.0
0.0
0.0
0.0
0.0
0.0
0.0
0.0
0.0
0.0
0.0
0.0
0.0
0.0
0.0
0.0
0.0
0.0
0.0
0.0
0.0
0.0
0.0
0.0
0.0
0.0
0.0
0.0
0.0
0.0
0.0
0.0
0.0
0.0
0.0
0.0
0.0
0.0
0.0
0.0
0.0
0.0
0.0
0.0
0.0
0.0
0.0
0.0
0.0
0.0
0.0
0.0
0.0
0.0
0.0
0.0
0.0
0.0
0.0
0.0
0.0
0.0
0.0
0.0
0.0
0.0
0.0
0.0
0.0
0.0
0.0
0.0
0.0
0.0
0.0
0.0
0.0
0.0
