1.0
1.0
1.0
1.0
1.0
1.0
1.0
0.9426168686618848
0.9426168686618848
0.9676813228109733
0.9426168686618848
0.9122446357445715
0.9122446357445715
0.8879868070531524
0.8839982241390245
0.9084484420173466
0.9084484420173466
0.8263772954924875
0.8263772954924875
0.7742681047765794
0.7742681047765794
0.7742681047765794
0.7521345573602106
0.7521345573602106
0.7521345573602106
0.7521345573602106
0.7539488891742648
0.7483630761330081
0.7483630761330081
0.7483630761330081
0.7483630761330081
0.7483630761330081
0.6774483378256964
0.6774483378256964
0.6774483378256964
0.5700724777115003
0.5700724777115003
0.5700724777115003
0.5700724777115003
0.5700724777115003
0.5700724777115003
0.4843669912865197
0.4843669912865197
0.4843669912865197
0.4843669912865197
0.4688100422697579
0.4688100422697579
0.4688100422697579
0.4688100422697579
0.5086505190311419
0.5086505190311419
0.5068545803971813
0.5068545803971813
0.5068545803971813
0.5068545803971813
0.5628604382929643
0.5628604382929643
0.5628604382929643
0.5628604382929643
0.5628604382929643
0.5690848500384517
0.5831464274271067
0.5831464274271067
0.6369639079428169
0.6369639079428169
0.6369639079428169
0.6369639079428169
0.6466064218419535
0.6466064218419535
0.6235188624863895
0.6235188624863895
0.559104
0.559104
0.4793784768847113
0.4793784768847113
0.4563466700754186
0.4563466700754186
0.4586182654822011
0.4586182654822011
0.4586182654822011
0.4530580942033617
0.4530580942033617
0.4530580942033617
0.43769968051118213
0.43769968051118213
0.38480204342273305
0.38480204342273305
0.33405639913232105
0.33405639913232105
0.3015812292782453
0.3015812292782453
0.3015812292782453
0.3015812292782453
0.3015812292782453
0.3015812292782453
0.2881917878092323
0.2881917878092323
0.2933299324065808
0.2901498246732547
0.2901498246732547
0.2907606962953517
0.2731794413977809
0.2731794413977809
0.29169324996810003
0.29169324996810003
0.2907652051822069
0.2907652051822069
0.2907652051822069
0.2907652051822069
0.2590749601275917
0.2590749601275917
0.27304059229001787
0.27304059229001787
0.24116371060354727
0.24116371060354727
0.24606060606060606
0.24606060606060606
0.208235069156734
0.208235069156734
0.2169089517980107
0.2169089517980107
0.1699579564275704
0.1699579564275704
0.2069317023445464
0.2069317023445464
0.22178318781467082
0.22178318781467082
0.2102312543798178
0.2102312543798178
0.2102312543798178
0.2102312543798178
0.20929936305732483
0.20929936305732483
0.20929936305732483
0.20929936305732483
0.19737679867566535
0.19737679867566535
0.19737679867566535
0.19737679867566535
0.15976331360946747
0.15976331360946747
0.15976331360946747
0.15976331360946747
0.15976331360946747
0.15976331360946747
0.15976331360946747
0.15976331360946747
0.15976331360946747
0.15976331360946747
0.1511102627727938
0.1511102627727938
0.1511102627727938
0.1511102627727938
0.1511102627727938
0.1511102627727938
0.1345884747487597
0.1345884747487597
0.12870405697570902
0.12870405697570902
0.14594594594594595
0.14594594594594595
0.1272334202327208
0.1272334202327208
0.1272334202327208
0.1421939586645469
0.1421939586645469
0.1421939586645469
0.16603053435114504
0.16603053435114504
0.16321985364301622
0.16321985364301622
0.14659286123305976
0.14659286123305976
0.1463662975690467
0.1463662975690467
0.1463662975690467
0.1463662975690467
0.1463662975690467
0.1463662975690467
0.1450566229800229
0.1450566229800229
0.13753180661577608
0.13753180661577608
0.12555654496883348
0.12555654496883348
0.12732129229203765
0.12732129229203765
0.12732129229203765
0.12732129229203765
0.12872861413216308
0.12872861413216308
0.15271061338763045
0.15271061338763045
0.15271061338763045
0.15271061338763045
0.15271061338763045
0.15271061338763045
0.13435969209237228
0.13435969209237228
0.13435969209237228
0.13435969209237228
0.1555004135649297
0.1555004135649297
0.1555004135649297
0.1555004135649297
0.13584329687102517
0.13584329687102517
0.13584329687102517
0.13584329687102517
0.13584329687102517
0.13584329687102517
0.14420142421159715
0.14420142421159715
0.14420142421159715
0.14420142421159715
0.14420142421159715
0.14420142421159715
0.15770062317181738
0.15770062317181738
0.1493609715775418
0.1493609715775418
0.13554580710788988
0.13554580710788988
0.128726717945458
0.128726717945458
0.128726717945458
0.128726717945458
0.128726717945458
0.128726717945458
0.1383147853736089
0.12356979405034325
0.1623409669211196
0.1623409669211196
0.18900343642611683
0.18900343642611683
0.190391345847916
0.190391345847916
0.2062249379415696
0.2062249379415696
0.2062249379415696
0.2062249379415696
0.2062249379415696
0.21196690006365373
0.21196690006365373
0.21196690006365373
0.2214440341270852
0.2214440341270852
0.24343949044585989
0.24343949044585989
0.2487581199847153
0.2487581199847153
0.19931271477663232
0.19931271477663232
0.17422555817059984
0.17422555817059984
0.14062301335028607
0.14062301335028607
0.13386727688787187
0.13386727688787187
0.12352268394967594
0.12352268394967594
0.10372864130089564
0.10372864130089564
0.1327737504769172
0.12282263191354101
0.13584329687102517
0.13584329687102517
0.13584329687102517
0.13584329687102517
0.14053160371359533
0.14053160371359533
0.14053160371359533
0.14053160371359533
0.1555004135649297
0.1555004135649297
0.16382382892057026
0.16382382892057026
0.17532467532467533
0.17532467532467533
0.16382382892057026
0.16382382892057026
0.18224656138563422
0.18224656138563422
0.18224656138563422
0.18224656138563422
0.18224656138563422
0.18224656138563422
0.1800356506238859
0.1800356506238859
0.19737679867566535
0.19737679867566535
0.1871538608441021
0.1871538608441021
0.1871538608441021
0.17347588137966144
0.17347588137966144
0.17347588137966144
0.17347588137966144
0.17347588137966144
0.17347588137966144
0.17347588137966144
0.20170635425951866
0.20170635425951866
0.20170635425951866
0.20170635425951866
0.20170635425951866
0.18299584957866935
0.19093790788737647
0.19093790788737647
0.18326439707286032
0.18326439707286032
0.18326439707286032
0.18326439707286032
0.19474320626233055
0.19474320626233055
0.19474320626233055
0.19474320626233055
0.19474320626233055
0.19474320626233055
0.16603053435114504
0.16603053435114504
0.1478567382136338
0.15968203497615263
0.12857948493013346
0.1394318972607073
0.10397969920158445
0.12344901429741136
0.10103322403019241
0.11079208538792834
0.11790284507392222
0.13855497912185247
0.14062301335028607
0.14062301335028607
0.14767234800305265
0.14767234800305265
0.1555004135649297
0.1555004135649297
0.1555004135649297
0.17533252720677148
0.16511672044031125
0.16511672044031125
0.15370991207540008
0.16031554170112602
0.1423258120505827
0.15405811623246493
0.12439408246773685
0.13525710290472256
0.09883321894303362
0.11894021221170341
0.09019511596514909
0.10925209139717817
0.11283144236193819
0.12296792966032007
0.13032422123331214
0.12010066058508966
0.0
0.0
0.0
0.0
0.0
0.0
0.0
0.0
0.0
0.0
0.0
0.0
0.0
0.0
0.0
0.0
0.0
0.0
0.0
0.0
0.0
0.0
0.0
0.0
0.0
0.0
0.0
0.0
0.0
0.0
0.0
0.0
0.0
0.0
0.0
0.0
0.0
0.0
0.0
0.0
0.0
0.0
0.0
0.0
0.0
0.0
0.0
0.0
0.0
0.0
0.0
0.0
0.0
0.0
0.0
0.0
0.0
0.0
0.0
0.0
0.0
0.0
0.0
0.0
0.0
0.0
0.0
0.0
0.0
0.0
0.0
0.0
0.0
0.0
0.0
0.0
0.0
0.0
0.0
0.0
0.0
0.0
0.0
0.0
0.0
0.0
0.0
0.0
0.0
0.0
0.0
0.0
0.0
0.0
0.0
0.0
0.0
0.0
0.0
0.0
0.0
0.0
0.0
0.0
0.0
0.0
0.0
0.0
0.0
0.0
0.0
0.0
0.0
0.0
0.0
0.0
0.0
0.0
0.0
0.0
0.0
0.0
0.0
0.0
0.0
0.0
0.0
0.0
0.0
0.0
0.0
0.0
0.0
0.0
0.0
0.0
0.0
0.0
0.0
0.0
0.0
0.0
0.0
0.0
0.0
0.0
0.0
0.0
0.0
0.0
0.0
0.0
0.0
0.0
0.0
0.0
0.0
0.0
0.0
0.0
0.0
0.0
0.0
0.0
0.0
0.0
0.0
0.0
0.0
0.0
0.0
0.0
0.0
0.0
0.0
0.0
0.0
0.0
0.0
0.0
0.0
0.0
0.0
0.0
0.0
0.0
0.0
0.0
0.0
0.0
0.0
0.0
0.0
0.0
0.0
0.0
0.0
0.0
0.0
0.0
0.0
0.0
0.0
0.0
0.0
0.0
0.0
0.0
0.0
0.0
0.0
0.0
0.0
0.0
0.0
0.0
0.0
0.0
0.0
0.0
0.0
0.0
0.0
0.0
0.0
0.0
0.0
0.0
0.0
0.0
0.0
0.0
0.0
0.0
0.0
0.0
0.0
0.0
0.0
0.0
0.0
0.0
0.0
0.0
0.0
0.0
0.0
0.0
0.0
0.0
0.0
0.0
0.0
0.0
0.0
0.0
0.0
0.0
0.0
0.0
0.0
0.0
0.0
0.0
0.0
0.0
0.0
0.0
0.0
0.0
0.0
0.0
0.0
0.0
0.0
0.0
0.0
0.0
0.0
0.0
0.0
0.0
0.0
0.0
0.0
0.0
0.0
0.0
0.0
0.0
0.0
0.0
0.0
0.0
0.0
0.0
0.0
0.0
0.0
0.0
0.0
0.0
0.0
0.0
0.0
0.0
0.0
0.0
0.0
0.0
0.0
0.0
0.0
0.0
0.0
0.0
0.0
0.0
0.0
0.0
0.0
0.0
0.0
0.0
0.0
0.0
0.0
0.0
0.0
0.0
0.0
0.0
0.0
0.0
0.0
0.0
0.0
0.0
0.0
0.0
0.0
0.0
0.0
0.0
0.0
0.0
0.0
0.0
0.0
0.0
0.0
0.0
0.0
0.0
0.0
0.0
0.0
0.0
0.0
0.0
0.0
0.0
0.0
0.0
0.0
0.0
0.0
0.0
0.0
0.0
0.0
0.0
0.0
0.0
0.0
0.0
0.0
0.0
0.0
0.0
0.0
0.0
0.0
0.0
0.0
0.0
0.0
0.0
0.0
0.0
0.08728456834246684
0.08728456834246684
0.127084345151368
0.11294061226121013
0.18506534973817532
0.1690395195497879
0.20974023195104208
0.20974023195104208
0.24974411463664278
0.23053665910808768
0.2944764046887841
0.2944764046887841
0.32028500300454976
0.2999746428873299
0.2611726117261173
0.24262745414882445
0.28566943964840685
0.2675642216032188
0.30011976047904193
0.30011976047904193
0.26399130637273927
0.24666972898484152
0.29229810276987805
0.29229810276987805
0.2392871819778085
0.22257030184646004
0.2849264705882353
0.26687811508835524
0.2128397917871602
0.2128397917871602
0.2514874060351277
0.23555274172558124
0.20760424902884253
0.19259887964691902
0.25971790938680833
0.26340475029079585
0.3109399191873419
0.29345355639181786
0.33541698429638667
0.31773732510907177
0.3241890347246857
0.3241890347246857
0.36981972858010936
0.33120743277823705
0.35572636433512683
0.36116684673560734
0.355048226509023
0.3364403528960491
0.34667441667358634
0.32825552825552823
0.27590276138777436
0.27590276138777436
0.3353599324466962
0.31657161886525415
0.3388195962453388
0.32126390592614523
0.38581510847782524
0.38581510847782524
0.36585365853658536
0.3465346534653465
0.30949105914718017
0.29172320217096337
0.36221979223619466
0.36221979223619466
0.39214348377034797
0.37221368178324366
0.3340183074911265
0.3340183074911265
0.37685343772938584
0.35680185176255
0.3000046204315483
0.3000046204315483
0.321011673151751
0.30201342281879195
0.2656104380242311
0.24816176470588236
0.3687680263700041
0.34669609477050584
0.4112538768276473
0.3888549751460713
0.3643339728084077
0.3490309278350515
0.3323597232897771
0.31377899045020463
0.3370683039140445
0.34201201663842246
0.337482309395072
0.32421945172996086
0.3101547965881568
0.3101547965881568
0.340766073871409
0.32374392220421394
0.34865242134650487
0.34865242134650487
0.3918944392082941
0.37233765751031483
0.0
0.0
0.0
0.0
0.0
0.0
0.0
0.0
0.0
0.0
0.0
0.0
0.3319391634980989
0.33651278138115226
0.36864235465351336
0.34750417960353475
0.3539902280130293
0.33346699815542546
0.3689892051030422
0.3689892051030422
0.37058823529411766
0.35056805008115
0.34775615248512143
0.32119336665873205
0.4292270038751785
0.4030433476824507
0.3575809290171191
0.3363431151241535
0.3823260319681395
0.4213055450569624
0.4246575342465753
0.4246575342465753
0.4109368285345939
0.38855994924931275
0.4340941356339412
0.4340941356339412
0.46376729737362327
0.4376213457591391
0.4171505891638947
0.39342535617273683
0.36788832656693177
0.3458823529411765
0.380417064808049
0.380417064808049
0.35842690414292827
0.35842690414292827
0.417622011136587
0.417622011136587
0.39477924589107316
0.39477924589107316
0.4571133684610788
0.4571133684610788
0.4314531191632424
0.40668100057685247
0.47851907335081056
0.47851907335081056
0.47851907335081056
0.47851907335081056
0.451799317047544
0.42602817482842253
0.42602817482842253
0.451799317047544
0.42602817482842253
0.42602817482842253
0.52847293849411
0.52847293849411
0.52847293849411
0.52847293849411
0.4996537949400799
0.4719013016885357
0.4719013016885357
0.4996537949400799
0.4719013016885357
0.4996537949400799
0.4719013016885357
0.4719013016885357
0.4719013016885357
0.4719013016885357
0.4719013016885357
0.4719013016885357
0.4719013016885357
0.4719013016885357
0.4719013016885357
0.4719013016885357
0.4719013016885357
0.4719013016885357
0.4719013016885357
0.4719013016885357
0.4996537949400799
0.4400286797091058
0.46692404006677796
0.4400286797091058
0.46692404006677796
0.4400286797091058
0.46692404006677796
0.4400286797091058
0.4763185108583247
0.4725875496415493
0.4725875496415493
0.4725875496415493
0.4792511700468019
0.4792511700468019
0.4792511700468019
0.4792511700468019
0.44468557336621456
0.44468557336621456
0.46608939386355674
0.46608939386355674
0.4951253126435608
0.48753237519679044
0.484035122729994
0.484035122729994
0.47681461622480387
0.47681461622480387
0.4730462205578003
0.4730462205578003
0.495148544563369
0.495148544563369
0.48770777346471583
0.48770777346471583
0.47450901602290424
0.47450901602290424
0.49737311910226983
0.49737311910226983
0.44805194805194803
0.44805194805194803
0.48756822316555487
0.48756822316555487
0.3800226790908643
0.3800226790908643
0.4060883106444969
0.4331575444165685
0.44435548438751
0.44435548438751
0.384470489744663
0.40909575034614976
0.318997818913931
0.318997818913931
0.2747596932714116
0.2747596932714116
0.34335378323108384
0.34335378323108384
0.34335378323108384
0.34335378323108384
0.350802356286817
0.37269068015275053
0.34549805563864794
0.34549805563864794
0.33447032452977293
0.33447032452977293
0.3630232096806189
0.38822103242751793
0.38283959179629445
0.38283959179629445
0.38283959179629445
0.38283959179629445
0.38283959179629445
0.38283959179629445
0.3826243877287961
0.4089213471339253
0.4089213471339253
0.4089213471339253
0.3883546444045229
0.3883546444045229
0.4145133505598622
0.4145133505598622
0.4081409941616195
0.4081409941616195
0.4081409941616195
0.4081409941616195
0.32793214072100485
0.32793214072100485
0.35189593135898145
0.37674051524888663
0.30370055295618886
0.30370055295618886
0.2563774830910156
0.2563774830910156
0.27899159663865547
0.3024347153977806
0.2365920608108108
0.2365920608108108
0.25865033311841823
0.2815098468271335
0.24812994229536225
0.24812994229536225
0.2715001088613107
0.2957621477701353
0.2363268403743992
0.2363268403743992
0.25835521911529946
0.25835521911529946
0.28118282388717036
0.3048539541837988
0.20896656534954408
0.20896656534954408
0.23237800154918667
0.2567140600315956
0.21288734757802885
0.21288734757802885
0.1860316785372595
0.20851386481802425
0.1659375
0.1659375
0.1277834690246401
0.1473314683780374
0.10622495324605931
0.10622495324605931
0.10570714434492814
0.10570714434492814
0.10570714434492814
0.10570714434492814
0.11518771331058021
0.13258232235701906
0.13258232235701906
0.13258232235701906
0.0
0.0
0.0
0.0
0.0
0.0
0.0
0.0
0.0
0.0
0.0
0.0
0.0
0.0
0.0
0.0
0.0
0.0
0.0
0.0
0.0
0.0
0.0
0.0
0.0
0.0
0.0
0.0
0.0
0.0
0.0
0.0
0.0
0.0
0.0
0.0
0.0
0.0
0.0
0.0
0.0
0.0
0.0
0.0
0.0
0.0
0.0
0.0
0.0
0.0
0.0
0.0
0.19086892488954343
0.18032980672616586
0.1647710702828813
0.14961717805537966
0.13814903705438156
0.13814903705438156
0.12263987528148276
0.12263987528148276
0.1375387797311272
0.1375387797311272
0.1375387797311272
0.1375387797311272
0.13948126801152738
0.13948126801152738
0.13948126801152738
0.13948126801152738
0.15559971942950665
0.17218071860547848
0.15510467366445788
0.15510467366445788
0.15510467366445788
0.15510467366445788
0.17089698626879868
0.17089698626879868
0.1871271017899114
0.1871271017899114
0.1871271017899114
0.1871271017899114
0.0
0.0
0.0
0.0
0.0
0.0
0.0
0.0
0.0
0.0
0.0
0.0
0.0
0.0
0.0
0.0
0.0
0.0
0.0
0.0
0.0
0.0
0.0
0.0
0.0
0.0
0.0
0.0
0.0
0.0
0.0
0.0
0.0
0.0
0.0
0.0
0.0
0.0
0.0
0.0
0.0
0.0
0.0
0.0
0.12129674599320059
0.1063855277345154
0.14178015564202334
0.12725090036014405
0.16018729591522396
0.14550763428432387
0.15434565434565434
0.15434565434565434
0.16617026557458425
0.15145202793775273
0.16777337800791958
0.15343883506829534
0.17591245493073565
0.1607867624102404
0.19602450306288285
0.18154872174879585
0.19291990322169872
0.19291990322169872
0.22738853503184714
0.21164486921529174
0.2251448952296032
0.21731426401721302
0.16748329621380847
0.16748329621380847
0.14044908084727434
0.14044908084727434
0.12468986576754247
0.12468986576754247
0.1390020366598778
0.1390020366598778
0.14931262729124237
0.14931262729124237
0.11317395727365208
0.11317395727365208
0.0949415353329944
0.0949415353329944
0.07447146212938861
0.07447146212938861
0.09447019236873849
0.09447019236873849
0.08658668190185996
0.08658668190185996
0.0
0.0
0.0
0.0
0.0
0.0
0.0
0.0
0.0
0.0
0.07880710659898477
