1.0
0.14245889245889246
0.13288377627925427
0.1385811925524393
0.13909916729750188
0.10641038679277263
0.10127366822647123
0.10427716961968175
0.10727496917385944
0.11464688369368929
0.09975614666994788
0.10670774123024943
0.09365020423319718
0.09032063826584374
0.09234447729941568
0.07463363045777308
0.06592353530791853
0.05673843819562982
0.06042122223500978
0.057984396641443586
0.05509652025856668
0.05581304897416783
0.05425733478785095
0.04944059725627523
0.046725784447476125
0.04430012007901974
0.04125186684292004
0.04200636290907738
0.04363881225970415
0.0
0.0
0.0
0.0
0.0
0.0
0.0
0.0
0.0
0.0
0.0
0.0
0.0
0.0
0.0
0.0
0.0
0.0
0.0
0.0
0.0
0.0
0.0
0.0
0.0
0.0
0.0
0.0
0.0
0.0
0.0
0.0
0.0
0.0
0.0
0.0
0.0
0.0
0.0
0.0
0.0
0.0
0.0
0.0
0.0
