1.0
0.9746835443037974
0.9873438800999167
1.0
0.9737104825291182
0.9737104825291182
0.948743223262691
0.9006569460022432
0.9478065962215818
0.8797898640296663
0.9478065962215818
0.8372093023255814
0.9509221631759925
0.9291418614781473
0.9408962334375465
0.9642910953744162
0.8892829606784888
0.9503239740820735
0.913769123783032
0.8878534196809351
0.8276515151515151
0.8229166666666666
0.7333333333333333
0.7407659574468085
0.7173728092564233
0.6846938775510204
0.6751054852320675
0.6996519144704128
0.7187340479836651
0.7931034482758621
0.8556534244112889
0.8332445391582313
0.80564038081552
0.9040835707502374
0.9025641025641026
0.8678756476683938
0.8804171911526704
0.8516935218678067
0.8473684210526315
0.8680330816253147
0.8736097067745198
0.948397976391231
0.9490381370232872
0.8993495378295104
0.9347412151635797
0.91228370738393
0.7733228097868982
0.702830866503808
0.8449768160741885
0.8584364624207667
0.7222371605270234
0.6980854197349042
0.6223354958294718
0.4936977015146701
0.4690831556503198
0.5276392140893821
0.7053571428571429
0.744317512660464
0.6840605130453847
0.6812725789535019
0.6165768934813675
0.7220872382274673
0.6527415143603134
0.6339373970345964
0.4991485738612175
0.4913424322672642
0.45074977947662453
0.5383465071565905
0.5555555555555556
0.48507858025781386
0.49182115594329334
0.4785992217898833
0.4168575355016033
0.13151872817054078
0.0
0.0
0.534288638689867
0.8416746360641802
0.8110691264725495
0.9463379260333575
0.8830920186669857
0.7559709241952233
0.8903934593765969
0.8716934487021014
0.9106751000387246
0.8027618551328817
0.7372153788727137
0.7018469656992085
0.6865979381443299
0.7464212678936605
0.7091428571428572
0.667302192564347
0.601360544217687
0.547212104230877
0.5649311789347696
0.5193213949104618
0.5050732807215332
0.4758515505846467
0.5018766756032171
0.5151515151515151
0.4576017930519238
0.5457675172134467
0.5173288250211328
0.5345454545454545
0.5780707841776545
0.5978309986443742
0.5316992693848692
0.5150454863540938
0.47896604156107453
0.5698324022346368
0.5713560182833926
0.5970528455284553
0.5912906610703043
0.6101651842439644
0.683311432325887
0.7526315789473684
0.7757190265486725
0.8674698795180723
0.8093385214007782
0.7849698299506308
0.7003367003367004
0.7666494579246257
0.8476141611082606
0.919103580213173
0.8923076923076924
0.8656716417910447
0.8485995457986374
0.8784119106699751
0.8001871782873187
0.8521419828641371
0.890625
0.8925291635641598
0.9685059208868733
0.7516311439756416
0.7144697294976384
0.96875
0.8563899868247694
0.8742527754056362
0.8626609442060086
0.8273464658169177
0.8560311284046692
0.9054593874833555
0.8692476260043828
0.8923135464231354
0.8802163833075735
0.8122255401370103
0.7702215352910871
0.8598615916955017
0.8268808114961961
0.8417173982697853
0.9126246408653034
0.8584701145865593
0.7790927021696252
0.8759248719408081
0.8354966887417219
0.781757342917338
0.7294362292051756
0.82591787715887
0.7778487752928648
0.6237123056752201
0.8105646630236795
0.8273978146499393
0.8104985812728009
0.9791666666666666
0.9181658622202721
0.8224891558224892
0.8146330060776064
0.8512160228898427
0.8564485981308412
0.8130293159609121
0.8313545601726929
0.837225369628299
0.8520357497517378
0.856272838002436
0.8312807881773399
0.7634573977237773
0.7722328854766475
0.848172757475083
0.9337655510776239
0.8949211908931699
0.8942206654991244
0.8452922646132307
0.906934306569343
0.853185595567867
0.865533801256003
0.8765933862922594
0.813953488372093
0.8499544211485871
0.8396801218583397
0.9443908090364935
0.7849541284403669
0.8585562477097838
0.9064914992272025
0.850373199097379
0.9342105263157895
0.7239742285520515
0.839670717365739
0.9571517284206168
0.9275521405049396
0.8691588785046729
0.8671328671328671
0.8534764349043397
0.8762589928057554
0.8156203657933762
0.8871010287523081
0.9318057828696127
0.9621896162528216
0.9458655562165378
0.9458867688457929
0.8845120859444942
0.9439222042139385
0.8936170212765957
0.8323244552058111
0.8050089445438283
0.8495684340320592
0.79968
0.7403906742281033
0.8582995951417004
0.9310344827586207
0.95
0.9344262295081968
0.9674818597151303
0.8662391204764086
0.7862318840579711
0.6600169061707524
0.5733409285103959
0.5031392342730518
0.4282415044539756
0.3016659162539397
0.4439004487964096
0.5161290322580645
0.6715558601782042
0.8401685848597827
1.0
0.918026706231454
0.8872009115077858
0.8550782818145323
0.8424530249845137
0.7673808482728465
0.7155715571557155
0.7654961112420458
0.7870553359683794
0.8137755102040817
0.7964087668339055
0.7590666291818948
0.7707969749854566
0.8197474167623421
0.6630552546045504
0.7864416642420716
0.7395348837209302
0.8104803493449781
0.8491115642295368
0.8334304018637158
0.7788461538461539
0.8653846153846154
0.8653846153846154
0.8962795941375423
0.9486600846262341
0.9994538503549972
0.8691588785046729
0.7110933758978452
0.6703717899578383
0.8190997055111485
0.7765913757700206
0.7318611987381703
0.6024935826916025
0.7508090614886731
0.7078039927404719
0.718278778962854
0.7480804387568556
0.7162759089364594
0.693881029486961
0.6061338570781085
0.5218568665377176
0.6469957081545065
0.5352718078381795
0.6330275229357798
0.6345760980592441
0.5070714039323905
0.47066389630948846
0.39775910364145656
0.48344370860927155
0.45941807044410415
0.38917716827279464
0.38565919154406514
0.3616964165883774
0.34804813619019664
0.3004119573254463
0.2803752382863449
0.26499815973500185
0.3021681546159129
0.3358148567729406
0.45298165137614677
0.5295622085151196
0.483885749198106
0.5897872340425532
0.6965079965931674
0.7746713957855206
0.8817326227463431
0.8900692840646651
0.8681597783421843
0.8318716824371105
0.7789955437793569
0.7774217402021197
0.7667413492656211
0.7074626865671642
0.6070038910505836
0.702576112412178
0.6576797385620915
0.7202457493927704
0.7863198735450496
0.8560697115384616
0.7994295150878247
0.7671068427370948
0.833487797343219
0.8632559608400442
0.8372533543804263
0.8123717847561938
0.8509630565203663
0.816632475934985
0.8736517719568567
0.8291545189504373
0.8729924856343009
0.7846323326907189
0.730100291989336
0.7569230769230769
0.6459684893419834
0.491183879093199
0.5001024800163968
0.8425110132158591
0.8321096426823299
0.8715
0.9555555555555556
0.9777777777777777
0.9552772808586762
0.9433721078869999
0.8679927667269439
0.8340718857705564
0.8420180009474183
0.8578667953667953
0.9149516488966031
0.8798813643104301
0.8456456456456456
0.7902789219724609
0.8065796937039138
0.8554783777727986
0.7593664664117968
0.6246197525856824
0.5674687199230029
0.8539667680786333
0.9782608695652174
0.9550898203592815
0.9043877674362384
0.9218106995884774
0.9024215674579507
0.8613330153809468
0.7679461904209672
0.7698560148629819
0.7861970828886518
0.7451118136049643
0.7877620396600566
0.6379746835443038
0.6582597730138714
0.6834516415261757
0.7767957176646334
0.7560672059738643
0.7466401194624191
0.7709337153275166
0.7124268054651919
0.7051369396375528
0.0
0.0
0.0
0.0
0.0
0.0
0.0
0.0
0.0
0.0
0.0
0.0
0.0
0.0
0.0
0.0
0.0
0.0
0.0
0.0
0.0
0.0
0.0
0.0
0.0
0.0
0.0
0.0
0.0
0.0
0.0
0.0
0.0
0.0
0.0
0.0
0.0
0.0
0.0
0.0
0.0
0.0
0.0
0.0
0.0
0.0
0.0
0.0
0.0
0.0
0.0
0.0
0.0
0.0
0.0
0.0
0.0
0.0
0.0
0.0
0.0
0.0
0.0
0.0
0.0
0.0
0.0
0.0
0.0
0.0
0.0
0.0
0.0
0.0
0.0
0.0
0.0
0.0
0.0
0.0
0.0
0.0
0.0
0.0
0.0
0.0
0.0
0.0
0.0
0.0
0.0
0.0
0.0
0.0
0.0
0.0
0.0
0.0
0.0
0.0
0.0
0.0
0.0
0.0
0.0
0.0
0.0
0.0
0.0
0.0
0.0
0.0
0.0
0.0
0.0
0.0
0.0
0.0
0.0
0.0
0.0
0.0
0.0
0.0
0.0
0.0
0.0
0.0
0.0
0.0
0.0
0.0
0.0
0.0
0.0
0.0
0.0
0.0
0.0
0.0
0.0
0.0
0.0
0.0
0.0
0.0
0.0
0.0
0.0
0.0
0.0
0.0
0.0
0.0
0.0
0.0
0.0
0.0
0.0
0.0
0.0
0.0
0.0
0.0
0.0
0.0
0.0
0.0
0.0
0.0
0.0
0.0
0.0
0.0
0.0
0.0
0.0
0.0
0.0
0.0
0.0
0.0
0.0
0.0
0.0
0.0
0.0
0.0
0.0
0.0
0.0
0.0
0.0
0.0
0.0
0.0
0.0
0.0
0.0
