1.0
0.9746835443037974
0.9376522162688748
0.987012987012987
0.9996583532627263
0.9996583532627263
0.9250243427458618
0.948743223262691
0.9478065962215818
0.9730781706130393
0.8991570402747424
0.8355461677730839
0.9274243360098826
0.9274673008323424
0.9183343143025309
0.9191440471061324
0.8905756801442958
0.9048178613396005
0.8699426217448875
0.8443743427970557
0.7871510057039928
0.8229166666666666
0.7333333333333333
0.7216050406234455
0.6988231393999669
0.6669980119284294
0.6751054852320675
0.7182235834609495
0.7582121701669359
0.8379506641366223
0.8784940102681118
0.8784940102681118
0.8754635955494827
0.9298691150615355
0.9283063098261379
0.8671171171171171
0.9302679080372411
0.9210526315789473
0.8698830409356725
0.8688888888888889
0.8968421052631579
0.9487179487179487
1.0
0.8993495378295104
0.9347412151635797
0.91228370738393
0.7542161149281699
0.6044444444444445
0.7088533255028631
0.7918898240244836
0.6821940463065049
0.6465863453815262
0.5483214649033571
0.5589210700862259
0.4072164948453608
0.5271728068389986
0.6458241272646928
0.7492195629552549
0.7717511622758468
0.8634329260916899
0.6521364761597245
0.8547708138447146
0.7568448500651891
0.6768905341089371
0.5736145574855253
0.5058614914786721
0.45579641847313856
0.552751135790005
0.5641768720201926
0.5139442231075697
0.48897247392716703
0.5440267335004177
0.4742547425474255
0.6532621391623561
0.6341776210323822
0.7217912552891397
0.6247501520813418
0.8617133235108398
0.8301886792452831
0.8848314606741573
0.8630282940689002
0.7906812566184257
0.8330914368650217
0.8149882903981265
0.8704503392967304
0.7669902912621359
0.7372153788727137
0.7018469656992085
0.6865979381443299
0.7124268054651919
0.6453458138325533
0.667302192564347
0.6010086859064163
0.6032934131736527
0.59389745202894
0.5327102803738317
0.5319762510602205
0.5018766756032171
0.515702479338843
0.5294117647058824
0.4912556494399686
0.5701290459064946
0.5408749447635881
0.5586854460093896
0.5962777380100215
0.6337408312958435
0.529282038716001
0.5657186779400462
0.5199449793672627
0.6511897852582704
0.652930934416715
0.7065544197233915
0.6772836538461539
0.7221052631578947
0.783410138248848
0.89375
0.8762886597938144
0.8656361474435196
0.8350877192982457
0.8101557991921523
0.7450385887541345
0.7653543307086614
0.8745445080687142
0.9494725152692949
0.8656716417910447
0.897138437741686
0.8656716417910447
0.9228479285537088
0.8403832671184857
0.9104046242774566
0.9226190476190477
0.9095283926852743
0.9547641963426372
0.8006828851899275
0.7222222222222222
0.9407305306685044
0.8607432721059376
0.8742527754056362
0.8626609442060086
0.8273464658169177
0.8560311284046692
0.8804204993429697
0.8482095136290754
0.8438471384165296
0.8817423540315107
0.8176739461655663
0.8395061728395061
0.9114075594321874
0.874
0.8888176866388978
0.89111328125
0.8587155963302753
0.7446808510638298
0.8545505697003798
0.7947494033412887
0.7612781954887218
0.7583473456641845
0.832944470368642
0.7344871253693541
0.5948178745775441
0.7595584545910687
0.7752808988764045
0.7433751743375174
0.9579087284005317
0.9368421052631579
0.8224891558224892
0.83202416918429
0.8900523560209425
0.85814696485623
0.851877133105802
0.861336315348057
0.8188782489740082
0.8520357497517378
0.856272838002436
0.8312807881773399
0.7634573977237773
0.6952264381884945
0.8594512708298266
0.8974402155607949
0.8495726495726496
0.8724844167408726
0.8924611973392461
0.9321080270067517
0.87715967343839
0.9417202572347267
0.9537688442211055
0.9249161073825504
0.83959565134465
0.8292682926829268
0.9060324825986079
0.7849541284403669
0.8346898173268222
0.9322498531427452
0.8832011535688536
0.8819548872180452
0.6932880203908242
0.8761828065230521
0.9706129303106633
0.9266802443991853
0.8955954323001631
0.9222462203023758
0.8801732435033687
0.9044554455445545
0.8156203657933762
0.8871010287523081
0.9318057828696127
0.9480079118395027
0.9156661786237189
0.9458867688457929
0.8845120859444942
0.9102844638949672
0.8318478906714201
0.863342566943675
0.911984410522897
0.8956776080597985
0.8439716312056738
0.8108108108108109
0.8214285714285714
0.8825161887141536
0.9174714661984197
0.9666666666666667
0.9674818597151303
0.8662391204764086
0.7862318840579711
0.6600169061707524
0.5332580144047451
0.47707789787551247
0.4282415044539756
0.29931972789115646
0.417636252296387
0.4032712915961647
0.4727551803530315
0.7686762778505898
0.867603550295858
0.8953168044077136
0.9407921600653328
0.8801652892561983
0.8424530249845137
0.7673808482728465
0.6943231441048034
0.7310375872158451
0.716921692169217
0.7635232168501676
0.7735243269943196
0.6983962752198655
0.720108695652174
0.7910204081632654
0.7599100365476525
0.7350332594235033
0.7524401064773736
0.8246445497630331
0.8639596917605217
0.894375
0.8925
0.9287054409005628
0.9287054409005628
0.943900267141585
0.9486600846262341
0.9994538503549972
0.8670199951818839
0.6885868478912652
0.6130728775356874
0.7495448108436172
0.8876971608832808
0.7900943396226415
0.6644760861628332
0.7749040210143463
0.7619222303741746
0.6617463987195448
0.7431225437656306
0.7062223733424006
0.693881029486961
0.5828220858895705
0.5317565771990433
0.604972742986305
0.5013927576601671
0.6317066594769479
0.6409227683049148
0.6827408045270021
0.5232025492929695
0.48001508295625944
0.5362318840579711
0.5007183300938055
0.4003185174460692
0.3999444521594223
0.36953939553913157
0.38212053308173133
0.33273552062453843
0.28993462747642096
0.2827109266943292
0.30739299610894943
0.34788525393282893
0.4365079365079365
0.5057618437900128
0.5075208479463799
0.5700532049657968
0.6965079965931674
0.7922461019806153
0.8844232779649205
0.8872109485606419
0.8681318681318682
0.8511044776119403
0.7789955437793569
0.804911838790932
0.775525620042805
0.7155617058749528
0.6737852429514097
0.6789890607317993
0.6351084812623274
0.6866911864868547
0.826441551008728
0.8560697115384616
0.840568271507498
0.8065635847270433
0.8538185225675464
0.8632559608400442
0.8177416835858191
0.8123717847561938
0.8509630565203663
0.816632475934985
0.8736517719568567
0.8663380690055088
0.8945877018985549
0.8234971177600878
0.7896692679301375
0.7979722117912129
0.6890616324264298
0.5748987854251012
0.588223632038065
0.8670453228236931
0.9352857817666509
0.821095703568993
0.9357177380376994
0.9555555555555556
0.9120879120879121
0.9020902090209021
0.8644671801356478
0.8295081967213115
0.8226402418542157
0.8539558417663293
0.8745652677950383
0.8805758791597829
0.8984070796460177
0.8448714980319518
0.7883211678832117
0.82
0.7446515568735438
0.6282306163021869
0.5641567422205148
0.7828689845728759
0.8581962563811685
0.8937300743889479
0.8283625391667634
0.9218106995884774
0.8609817269795772
0.8607347735872086
0.7187147688838782
0.7698560148629819
0.7545719277810133
0.8158781675196605
0.9207604950874059
0.9104400567815202
0.7175450604608715
0.7431259044862518
0.7943262411347518
0.7722824649563608
0.8391162724826512
0.785941607859416
0.8221955248535816
0.7766771724448447
0.7410867196014324
0.0
0.0
0.0
0.7716158752657689
0.5733157199471598
0.6136248948696383
0.6906474820143885
0.6108128834355828
0.7727797001153403
0.7342947451600158
0.8677426116118214
0.7400125496758
0.7891982415742097
0.8084577114427861
0.9114893617021277
0.8881987577639752
0.9412515964240102
0.940825883354619
0.7134502923976608
0.8246367914876203
0.8339114466435421
0.6532946088219278
0.7489108910891089
0.8145454545454546
0.913770347558293
0.9267955801104972
0.9130434782608695
0.8970588235294118
0.8738621586475943
0.9087254670134783
0.8925401775005997
0.9086468001954079
0.9076923076923077
0.88183092013078
0.8814065732015629
0.9574468085106383
0.9118432769367765
0.8591549295774648
0.8864592094196804
0.7371316306483301
0.84704921380437
0.8896723351306511
0.7234501347708895
0.8096873305620821
0.8120586637696904
0.8561892046538242
0.9447852760736196
0.9305555555555556
0.9057915057915058
0.78996138996139
0.8059900801220908
0.7795910342115612
0.8482744537471921
0.7773795300677021
0.8008474576271186
0.8027075452916583
0.8175519630484989
0.8850226928895613
0.8972617743702082
0.7001040582726327
0.6708757637474542
0.8010540184453228
0.8503021850302185
0.8772182254196643
0.8339324227174695
0.7305989279888138
0.7305989279888138
0.7540032490136923
0.6239870340356564
0.6626506024096386
0.5746009715475364
0.49468822170900695
0.4010731052984574
0.4010731052984574
0.42665773610180846
0.43645448620464916
0.3106332138590203
0.28808145338390895
0.4056234155335331
0.42891107941036616
0.3730999539382773
0.4158598432457354
0.406314819082738
0.40779467680608367
0.43957139297283826
0.4952879581151832
0.5988072648414204
0.6018808777429467
0.6206482593037215
0.6430348258706468
0.7275661717236928
0.7918552036199095
0.8907563025210085
0.8222984562607204
0.8288227334235453
0.8245614035087719
0.8922670191672174
0.9285714285714286
0.7364016736401674
0.7392887146457575
0.8088235294117647
0.7294050343249427
0.7854006586169044
0.742
0.8328060355317596
0.7749562171628721
0.6861515766181081
0.647078632766459
0.5836419753086419
0.5231316725978647
0.5115452930728241
0.42797632098224075
0.3817097415506958
0.31211926899647324
0.2649668967460206
0.2838052394813443
0.20117489436256827
0.1628021706956093
0.1403195780328886
0.14208848146671982
0.09613632709929801
0.09472900737532985
0.08239406477386217
0.07062957540263542
0.061511423550087874
0.05361550415942956
0.05250142666920297
0.053220811923639706
0.05318763036183912
0.055338019531065714
0.058100881630293394
0.06225330856744834
0.07147379294258772
0.07190498270143025
0.07821684222778327
0.08024359663263478
0.08813885367026625
0.10135614043377593
0.1115343347639485
0.11890243902439024
0.11975957472514195
0.09960906958561376
0.12971151821436092
0.1576544442859181
0.17054376272172142
0.17644480163658946
0.18234528458170632
0.17074701820464533
0.16453325007805183
0.16893732970027248
0.16693591814754982
0.16068559185859668
0.15199967285515661
0.1628708605195125
0.16331243813922797
0.1620007465472191
0.15698808683740817
0.15866396928285373
0.17402945113788487
0.17718120805369128
0.17069914900717503
0.15581720215525843
0.15581720215525843
0.15415780817521763
0.15208299823065788
0.14835362203153063
0.1512483994878361
0.14835362203153063
0.1512483994878361
0.15287232772005255
0.1454733657138307
0.1454733657138307
0.14352997525345254
0.14636683738796416
0.13652149614785836
0.14352997525345254
0.14266910109974099
0.13696790653954613
0.19669232369461204
0.22523353707761504
0.257464900138422
0.27739281074058036
0.27902562480227777
0.3106972144387671
0.3186344238975818
0.330749354005168
0.37772552372808893
0.4399633363886343
0.45060018467220686
0.5308219178082192
0.5106903657908295
0.521111704970604
0.5762614678899083
0.5584632516703786
0.5987939980367409
0.7294893421254409
0.7710207880856345
0.7917386524265745
