1,1508,524,78,77
2,1504,524,79,78
3,1504,526,79,78
4,1504,526,79,78
5,1504,529,79,78
6,1504,530,79,78
7,1504,531,79,78
8,1504,532,79,78
9,1504,530,80,79
10,1504,532,80,79
11,1504,531,80,79
12,1503,535,80,79
13,1493,535,81,80
14,1486,537,80,80
15,1484,538,80,80
16,1485,537,83,82
17,1488,535,85,84
18,1498,533,84,83
19,1508,531,84,83
20,1518,527,84,83
21,1529,524,83,83
22,1541,521,83,83
23,1553,518,79,81
24,1566,521,77,78
25,1574,517,77,78
26,1578,506,76,78
27,1578,491,75,78
28,1579,477,75,78
29,1581,463,74,76
30,1587,455,73,75
31,1592,450,73,75
32,1594,451,73,75
33,1597,453,74,76
34,1601,461,72,75
35,1603,468,72,76
36,1608,480,72,75
37,1610,499,73,76
38,1612,484,70,74
39,1612,454,72,75
40,1615,422,71,72
41,1616,394,72,72
42,1617,368,72,68
43,1618,347,73,67
44,1619,331,76,67
45,1621,318,77,67
46,1626,308,77,67
47,1628,300,78,67
48,1627,295,80,68
49,1625,295,83,72
50,1627,301,83,74
51,1629,306,84,76
52,1636,319,84,80
53,1638,331,81,78
54,1646,348,80,80
55,1656,379,77,80
56,1663,409,76,79
57,1648,377,80,81
58,1633,336,85,83
59,1616,297,88,80
60,1613,273,93,79
61,1595,255,95,77
62,1587,239,100,78
63,1577,228,104,79
64,1569,221,107,79
65,1566,213,106,78
66,1558,210,107,78
67,1554,214,107,80
68,1549,223,104,81
69,1538,230,101,81
70,1528,237,100,82
71,1528,246,98,84
72,1522,278,94,86
73,1513,302,90,87
74,1501,307,91,88
75,1497,312,93,90
76,1494,320,94,92
77,1470,371,87,87
78,1473,362,93,92
79,1477,343,97,96
80,1471,341,100,98
81,1463,334,100,98
82,1461,335,101,99
83,1452,348,98,98
84,1449,359,94,96
85,1448,375,94,95
86,1444,396,92,93
87,1445,421,87,88
88,1447,442,87,87
89,1446,466,85,84
90,1438,424,90,92
91,1433,389,91,94
92,1426,360,89,92
93,1424,339,90,90
94,1427,330,90,88
95,1430,320,89,85
96,1430,319,87,84
97,1427,313,86,81
98,1419,310,84,80
99,1412,309,82,78
100,1418,315,80,77
101,1415,316,79,75
102,1415,325,77,74
103,1416,336,74,73
104,1418,348,72,71
105,1415,365,68,70
106,1419,384,66,67
107,1418,403,63,65
108,1422,424,62,63
109,1426,433,63,63
110,1422,419,64,65
111,1415,402,62,65
112,1412,393,63,64
113,1410,381,63,65
114,1407,371,61,63
115,1404,364,61,61
116,1399,361,61,61
117,1397,361,61,61
118,1393,362,61,61
119,1388,367,60,60
120,1387,374,59,60
121,1387,383,59,61
122,1385,397,58,60
123,1380,414,57,60
124,1375,437,57,58
125,1374,463,57,58
126,1370,451,57,59
127,1361,427,59,61
128,1356,402,59,62
129,1351,385,59,61
130,1348,366,60,60
131,1343,357,61,60
132,1339,346,61,60
133,1333,340,63,61
134,1330,337,65,62
135,1330,334,65,63
136,1323,345,65,63
137,1318,347,64,64
138,1312,356,65,66
139,1305,369,65,67
140,1304,386,66,68
141,1297,407,67,69
142,1294,432,67,69
143,1290,465,66,66
144,1282,444,68,70
145,1273,417,69,72
146,1272,386,70,73
147,1267,362,73,74
148,1257,342,76,74
149,1251,321,79,75
150,1244,309,81,75
151,1234,296,84,77
152,1227,289,88,79
153,1224,285,88,80
154,1216,287,89,81
155,1213,292,89,82
156,1205,301,87,82
157,1200,311,87,83
158,1191,333,85,85
159,1182,357,82,85
160,1187,377,84,86
161,1185,424,82,83
162,1172,448,79,80
163,1145,430,81,85
164,1144,387,87,91
165,1133,364,89,93
166,1123,347,90,92
167,1115,337,91,92
168,1109,331,92,92
169,1104,327,93,92
170,1101,328,93,92
171,1094,331,91,90
172,1087,337,88,88
173,1081,351,85,87
174,1077,371,82,85
175,1075,391,81,85
176,1071,412,80,82
177,1066,433,78,79
178,1058,427,77,79
179,1051,397,75,79
180,1043,368,77,80
181,1032,346,79,78
182,1024,328,79,76
183,1018,314,79,75
184,1011,305,79,73
185,998,296,80,72
186,992,291,79,71
187,983,289,77,70
188,975,288,76,69
189,962,293,76,70
190,954,300,75,70
191,947,307,74,71
192,937,322,73,71
193,929,341,71,71
194,922,362,70,70
195,911,387,69,72
196,900,411,67,69
197,895,398,69,72
198,894,368,72,74
199,890,342,74,74
200,886,322,74,71
201,881,307,74,68
202,878,297,73,68
203,876,289,73,65
204,874,284,71,64
205,871,279,71,61
206,871,280,70,61
207,869,284,67,61
208,867,287,66,59
209,865,294,64,58
210,861,301,62,58
211,858,312,60,56
212,856,322,59,57
213,855,339,56,55
214,852,356,55,54
215,850,377,53,53
216,844,399,52,53
217,841,427,50,50
218,837,417,52,52
219,835,403,54,55
220,835,391,55,57
221,832,381,58,58
222,829,372,59,60
223,821,369,60,62
224,818,368,62,63
225,816,360,64,65
226,811,358,64,65
227,802,370,64,66
228,776,385,61,65
229,775,397,63,67
230,749,379,62,64
231,743,346,64,65
232,746,318,68,65
233,752,293,73,66
234,748,280,76,67
235,744,271,79,67
236,741,265,79,69
237,737,263,80,68
238,735,264,79,68
239,732,266,76,67
240,729,273,75,67
241,728,280,73,65
242,725,289,70,64
243,722,300,68,63
244,720,313,65,62
245,716,331,62,60
246,716,350,60,60
247,715,366,59,59
248,707,379,59,59
249,707,389,58,58
250,712,376,58,59
251,712,363,59,58
252,716,356,59,59
253,717,349,59,59
254,718,344,59,58
255,720,343,57,56
256,722,343,57,56
257,724,344,56,56
258,725,349,59,58
259,725,360,59,58
260,725,369,59,58
261,718,391,55,56
262,722,407,56,56
263,724,433,55,55
264,722,426,56,56
265,714,407,58,60
266,711,391,58,61
267,712,380,59,62
268,708,368,62,62
269,705,359,62,62
270,700,354,64,63
271,698,352,64,63
272,696,352,64,63
273,683,363,63,64
274,677,374,62,64
275,676,393,61,63
276,664,417,59,61
277,660,447,59,61
278,652,441,60,62
279,635,416,63,66
280,624,400,64,67
281,608,373,67,68
282,600,336,70,69
283,589,312,74,69
284,572,291,73,65
285,566,275,75,64
286,558,269,77,65
287,560,286,78,70
288,551,293,75,68
289,534,308,75,72
290,500,326,69,70
291,479,333,68,70
292,473,327,69,70
293,461,316,72,72
294,446,294,76,73
295,425,284,74,71
296,403,231,81,66
297,395,227,85,69
298,392,227,90,72
299,389,232,93,76
300,386,241,95,81
301,382,252,95,84
302,379,264,92,85
303,376,279,91,85
304,372,295,89,85
305,373,321,85,84
306,369,347,82,82
307,368,379,79,79
308,366,412,76,75
309,361,420,77,76
310,353,383,81,81
311,346,351,85,86
312,342,328,86,85
313,335,307,87,82
314,332,293,88,82
315,325,275,91,81
316,316,265,89,78
317,309,257,91,78
318,301,252,91,77
319,294,251,92,76
320,286,249,91,77
321,280,252,91,78
322,272,260,90,79
323,265,272,88,78
324,261,284,86,79
325,250,302,85,80
326,246,324,82,79
327,238,348,80,79
328,243,376,77,76
329,241,410,75,74
330,241,385,78,79
331,250,383,77,79
332,247,382,81,80
333,192,303,85,82
334,182,277,89,81
335,175,260,92,80
336,165,248,95,78
337,157,240,97,79
338,151,233,98,80
339,143,232,100,81
340,136,234,100,81
341,128,239,100,82
342,123,246,98,83
343,119,257,96,83
344,113,272,93,84
345,108,289,91,84
346,102,318,86,82
347,95,348,83,82
348,102,385,82,79
349,96,430,76,72
350,96,415,78,76
351,77,391,82,82
352,65,365,85,86
353,58,339,86,86
354,60,322,89,87
355,52,311,90,86
356,51,306,93,88
357,46,307,92,88
358,42,311,93,88
359,49,320,92,89
360,44,332,87,87
361,40,351,85,86
362,35,371,81,83
363,39,386,81,82
364,38,416,80,81
365,35,459,79,77
366,25,462,79,77
367,16,438,80,81
368,12,414,81,83
369,10,404,80,83
370,4,392,79,83
371,1917,386,80,83
372,1912,386,80,81
373,1910,389,77,79
374,1909,396,75,78
375,1907,405,74,77
376,1903,417,74,76
377,1899,431,74,75
378,1901,445,73,74
379,1899,463,72,73
380,1888,445,73,75
381,1877,425,72,75
382,1871,408,70,72
383,1864,397,71,73
384,1854,383,70,71
385,1848,376,69,71
386,1838,370,69,71
387,1829,365,68,69
388,1821,370,67,68
389,1814,371,67,68
390,1808,379,66,69
391,1796,392,66,69
392,1789,409,65,68
393,1776,420,65,68
394,1775,445,65,68
395,1762,445,65,68
396,1753,421,64,69
397,1753,389,66,69
398,1747,364,67,68
399,1739,341,66,64
400,1733,324,68,65
401,1728,309,71,65
402,1725,299,69,62
403,1718,290,70,62
404,1713,282,71,63
405,1707,279,73,63
406,1705,278,72,64
407,1701,282,72,64
408,1694,288,72,65
409,1691,292,72,66
410,1688,306,71,67
411,1686,317,71,69
412,1683,337,70,69
413,1682,361,67,68
414,1677,387,65,66
415,1677,418,65,65
416,1676,451,64,64
417,1675,466,66,63
418,1678,444,68,68
419,1678,425,70,72
420,1681,408,71,74
421,1683,392,73,75
422,1677,382,74,75
423,1680,378,73,73
424,1681,379,73,73
425,1681,380,73,73
426,1683,385,73,73
427,1678,390,72,73
428,1675,399,72,75
429,1675,415,73,76
430,1676,427,72,75
431,1675,446,73,74
432,1674,451,73,75
433,1676,453,73,75
434,1677,452,72,74
435,1674,445,71,73
436,1674,447,70,72
437,1672,450,68,71
438,1669,454,68,71
439,1670,454,68,71
440,1672,449,69,71
441,1678,449,69,72
442,1678,444,69,72
443,1677,438,70,73
444,1677,435,70,73
445,1655,424,69,72
446,1643,422,69,72
447,1655,410,68,71
448,1658,408,71,74
449,1654,404,71,75
450,1656,401,72,75
451,1665,382,72,73
452,1665,367,71,70
453,1665,353,70,67
454,1658,339,70,66
455,1653,328,68,65
456,1648,316,69,64
457,1643,306,69,62
458,1628,300,67,61
459,1620,292,67,59
460,1614,288,67,59
461,1613,284,67,58
462,1612,284,65,57
463,1611,289,64,57
464,1608,294,62,56
465,1604,300,60,55
466,1600,307,60,55
467,1595,320,58,56
468,1590,335,58,56
469,1587,355,56,56
470,1583,375,56,57
471,1581,400,55,55
472,1576,432,54,55
473,1569,472,54,51
474,1569,490,54,52
475,1569,515,55,50
476,1573,528,57,51
477,1571,517,59,55
478,1565,514,62,58
479,1558,507,63,61
480,1569,506,63,62
481,1563,513,65,63
482,1564,521,65,63
483,1558,526,65,63
484,1553,544,68,64
485,1542,550,68,65
486,1519,544,69,67
487,1498,555,69,67
488,1486,564,69,67
489,1488,574,72,67
490,1485,588,76,68
491,1460,594,75,69
492,1455,603,77,68
493,1423,621,76,66
494,1419,620,77,68
495,1410,623,80,69
496,1404,635,82,69
497,1400,644,83,69
498,1373,641,79,67
499,1360,676,84,64
500,1353,668,86,67
501,1343,676,91,69
502,1357,685,95,70
503,1346,667,94,73
504,1319,649,85,72
505,1321,648,88,74
506,1316,643,88,75
507,1308,644,87,74
508,1300,646,88,74
509,1286,652,91,74
510,1283,651,91,75
511,1285,640,89,74
512,1282,630,84,73
513,1283,617,82,73
514,1280,606,82,74
515,1274,596,82,76
516,1266,588,83,77
517,1259,580,82,77
518,1252,579,85,79
519,1251,579,83,78
520,1246,579,82,78
521,1236,576,82,78
522,1214,576,81,77
523,1207,573,80,77
524,1198,574,80,77
525,1188,582,84,79
526,1179,588,87,81
527,1179,586,88,82
528,1177,588,90,84
529,1174,590,93,87
530,1167,598,96,88
531,1163,599,100,91
532,1173,592,99,91
533,1170,596,102,92
534,1166,598,105,94
535,1166,600,107,96
536,1163,600,107,97
537,1166,600,107,96
538,1166,600,110,98
539,1163,601,110,98
540,1169,597,110,98
541,1166,601,110,98
542,1161,600,112,99
543,1167,596,114,102
544,1167,594,118,105
545,1171,590,119,108
546,1171,591,120,108
547,1170,592,123,110
548,1153,595,125,111
549,1143,586,124,114
550,1136,578,127,116
551,1123,573,127,118
552,1120,567,130,120
553,1116,553,128,123
554,1108,546,127,122
555,1105,540,127,123
556,1103,542,128,123
557,1101,536,125,121
558,1100,531,120,118
559,1099,526,117,115
560,1100,522,114,113
561,1097,519,111,111
562,1096,516,108,108
563,1096,517,106,106
564,1095,519,104,104
565,1092,516,102,102
566,1094,518,103,103
567,1092,515,100,100
568,1092,514,97,98
569,1096,515,95,96
