1,1508,524,78,77
2,1506,523,78,77
3,1504,524,78,77
4,1505,526,78,77
5,1505,527,78,77
6,1506,527,78,77
7,1507,529,79,78
8,1506,529,79,78
9,1507,531,79,78
10,1507,530,79,78
11,1507,533,79,78
12,1505,534,79,78
13,1495,536,79,78
14,1490,537,79,78
15,1486,536,81,80
16,1485,535,83,82
17,1491,534,83,82
18,1499,533,83,82
19,1511,530,83,82
20,1521,525,83,82
21,1532,523,83,82
22,1543,520,81,80
23,1555,517,79,78
24,1566,520,79,78
25,1573,517,79,78
26,1576,505,79,78
27,1575,492,79,78
28,1578,476,78,77
29,1582,463,76,75
30,1588,453,74,73
31,1590,449,73,72
32,1593,449,73,72
33,1597,455,73,72
34,1601,461,73,72
35,1603,466,73,72
36,1607,481,73,72
37,1610,498,74,73
38,1612,487,74,73
39,1612,456,74,73
40,1612,419,74,73
41,1613,392,76,75
42,1614,364,76,75
43,1617,345,76,75
44,1620,327,74,73
45,1622,316,74,73
46,1624,305,74,73
47,1631,296,74,73
48,1634,290,74,73
49,1633,293,74,73
50,1633,299,74,73
51,1638,304,74,73
52,1641,316,76,75
53,1644,328,76,75
54,1646,348,78,77
55,1653,370,78,77
56,1665,405,78,77
57,1655,379,79,78
58,1640,336,81,80
59,1620,299,83,82
60,1618,271,85,84
61,1591,253,83,82
62,1591,240,85,84
63,1583,227,85,84
64,1596,219,85,84
65,1591,214,85,84
66,1594,220,83,82
67,1591,219,83,82
68,1567,216,85,84
69,1553,221,85,84
70,1538,233,85,84
71,1534,243,87,86
72,1525,275,87,86
73,1518,298,89,88
74,1499,356,89,88
75,1489,400,91,90
76,1487,388,91,90
77,1469,376,91,90
78,1480,352,91,90
79,1483,346,89,88
80,1473,342,89,88
81,1466,339,89,88
82,1469,342,89,88
83,1463,350,91,90
84,1452,358,91,90
85,1449,378,91,90
86,1446,395,91,90
87,1443,416,91,90
88,1443,436,91,90
89,1447,452,89,88
90,1441,425,89,88
91,1437,397,89,88
92,1429,359,87,86
93,1431,340,85,84
94,1429,335,83,82
95,1433,320,81,80
96,1432,317,80,79
97,1417,310,78,77
98,1420,305,76,75
99,1421,309,75,74
100,1419,312,73,72
101,1421,317,71,71
102,1418,329,70,69
103,1420,339,68,68
104,1421,349,67,66
105,1417,367,66,65
106,1420,384,64,63
107,1418,399,64,63
108,1420,421,63,62
109,1425,431,61,61
110,1422,421,60,59
111,1418,404,60,59
112,1416,394,59,58
113,1413,385,59,58
114,1410,374,59,58
115,1402,366,58,57
116,1401,362,58,57
117,1399,361,58,57
118,1393,361,58,57
119,1389,365,58,57
120,1386,372,58,57
121,1391,382,58,57
122,1387,396,59,58
123,1380,414,59,58
124,1377,438,59,58
125,1375,462,60,59
126,1367,448,60,59
127,1360,421,61,61
128,1356,400,61,61
129,1350,382,61,61
130,1347,365,63,62
131,1343,355,64,63
132,1337,345,64,63
133,1336,341,64,63
134,1331,332,66,65
135,1330,330,66,65
136,1324,342,66,65
137,1319,346,66,65
138,1315,355,66,65
139,1306,367,67,66
140,1305,384,67,66
141,1299,410,69,68
142,1295,437,69,68
143,1288,465,70,69
144,1279,440,70,69
145,1275,415,72,71
146,1277,381,72,71
147,1272,361,72,71
148,1258,340,73,72
149,1255,317,75,74
150,1250,307,75,74
151,1239,296,77,76
152,1232,289,78,77
153,1235,284,78,77
154,1224,286,80,79
155,1218,290,80,79
156,1213,299,80,79
157,1209,310,82,81
158,1195,331,84,83
159,1190,350,86,84
160,1186,375,87,86
161,1181,423,89,88
162,1160,450,91,90
163,1141,423,91,90
164,1142,386,93,92
165,1133,361,93,92
166,1122,342,93,92
167,1115,334,91,90
168,1109,329,91,90
169,1103,328,89,88
170,1101,328,87,86
171,1098,335,86,85
172,1092,339,86,85
173,1083,353,84,83
174,1077,371,82,81
175,1072,390,82,81
176,1070,411,82,81
177,1066,430,80,79
178,1059,427,79,77
179,1051,398,79,77
180,1042,368,77,76
181,1036,344,75,74
182,1028,330,75,74
183,1024,315,74,73
184,1011,302,74,73
185,1004,294,72,71
186,997,290,72,71
187,987,286,70,70
188,980,285,70,70
189,966,290,70,70
190,960,298,70,70
191,950,304,70,70
192,938,320,70,70
193,932,341,70,70
194,926,362,70,70
195,915,391,69,68
196,903,411,67,67
197,900,397,67,67
198,898,369,67,67
199,894,343,66,65
200,891,324,66,65
201,887,309,66,65
202,883,296,65,64
203,882,289,65,64
204,879,285,65,64
205,877,280,63,62
206,876,279,62,61
207,873,283,60,60
208,872,289,59,58
209,868,294,58,57
210,864,298,58,57
211,861,309,58,57
212,857,320,58,57
213,855,337,57,56
214,853,357,55,55
215,850,376,55,55
216,846,400,54,54
217,839,424,54,54
218,836,414,54,54
219,835,400,55,55
220,835,389,57,56
221,833,380,58,57
222,830,371,59,59
223,826,367,61,60
224,819,365,62,61
225,818,358,63,63
226,814,359,63,63
227,809,370,63,63
228,803,383,65,64
229,793,395,65,64
230,792,372,66,65
231,746,337,65,64
232,745,317,66,65
233,760,293,68,67
234,755,279,68,67
235,750,269,69,68
236,745,263,71,70
237,741,260,71,70
238,739,259,71,70
239,735,264,69,68
240,732,269,69,68
241,729,276,68,67
242,728,288,68,67
243,723,297,66,65
244,720,309,65,64
245,718,330,63,63
246,714,350,62,61
247,713,366,62,61
248,710,388,61,60
249,707,385,61,60
250,709,376,59,59
251,713,364,59,59
252,716,355,59,59
253,719,348,58,57
254,719,345,58,57
255,721,342,58,57
256,723,342,58,57
257,724,346,59,59
258,723,351,61,60
259,725,359,62,61
260,728,371,62,61
261,724,379,64,63
262,722,398,64,63
263,726,427,65,64
264,720,422,66,66
265,715,404,66,66
266,708,388,65,64
267,710,377,65,64
268,708,366,66,66
269,703,357,65,64
270,702,353,66,66
271,702,352,66,66
272,699,353,68,67
273,688,357,69,69
274,681,371,68,67
275,679,391,69,69
276,679,402,71,70
277,661,444,71,70
278,649,439,73,72
279,642,409,74,73
280,625,389,74,73
281,608,364,76,75
282,602,331,76,75
283,589,309,78,77
284,573,286,78,77
285,584,281,79,78
286,576,275,79,78
287,562,285,81,80
288,547,296,83,82
289,527,311,83,82
290,488,326,83,82
291,468,329,85,84
292,464,318,83,82
293,450,273,85,84
294,443,271,85,84
295,421,223,87,85
296,410,218,89,87
297,401,219,91,89
298,394,221,93,91
299,389,224,93,91
300,387,232,93,91
301,384,243,93,91
302,381,258,93,91
303,377,275,93,91
304,372,293,91,89
305,370,316,91,89
306,364,340,91,89
307,364,364,91,89
308,363,404,91,89
309,354,415,89,87
310,352,380,87,86
311,345,353,85,84
312,342,330,83,82
313,340,307,81,80
314,337,291,81,80
315,328,275,81,80
316,321,262,81,80
317,316,254,81,80
318,307,249,81,80
319,300,245,81,80
320,289,245,81,80
321,285,249,81,80
322,274,254,83,82
323,267,268,85,84
324,263,279,83,82
325,253,295,85,84
326,245,323,85,84
327,236,348,87,86
328,234,382,89,88
329,224,405,91,90
330,208,381,91,90
331,201,349,93,92
332,192,311,91,90
333,189,287,91,90
334,183,266,91,90
335,175,249,91,90
336,168,238,91,90
337,162,234,93,92
338,155,228,93,92
339,149,225,93,92
340,137,224,93,92
341,130,230,93,92
342,125,237,93,92
343,118,249,93,92
344,114,266,93,92
345,109,286,91,90
346,99,316,91,90
347,88,343,93,92
348,100,386,91,90
349,84,411,91,90
350,86,405,89,88
351,79,383,91,90
352,63,358,93,92
353,58,334,91,90
354,61,321,91,90
355,58,310,91,90
356,54,306,91,90
357,45,299,91,90
358,41,307,91,90
359,51,318,91,90
360,44,327,89,88
361,40,345,89,88
362,34,371,89,88
363,39,383,89,88
364,34,418,89,88
365,28,452,89,88
366,18,451,87,86
367,14,437,85,84
368,9,414,85,84
369,9,402,83,82
370,7,397,83,82
371,0,389,82,80
372,1915,389,81,79
373,1910,390,79,77
374,1908,396,77,75
375,1907,407,77,75
376,1894,412,76,74
377,1890,427,76,74
378,1896,441,76,74
379,1895,463,74,72
380,1889,448,74,72
381,1878,426,73,71
382,1871,409,71,69
383,1863,398,71,69
384,1854,384,71,69
385,1846,373,70,69
386,1836,369,70,69
387,1828,364,70,69
388,1819,367,70,69
389,1810,372,70,69
390,1803,376,70,69
391,1792,389,70,69
392,1785,404,70,69
393,1774,416,70,69
394,1772,446,69,68
395,1759,445,69,68
396,1754,419,67,66
397,1755,388,66,65
398,1749,364,66,65
399,1739,341,66,65
400,1733,321,66,65
401,1729,306,66,65
402,1726,294,66,65
403,1724,286,64,63
404,1718,282,64,63
405,1710,278,64,63
406,1707,278,64,63
407,1704,283,64,63
408,1697,288,64,63
409,1695,290,66,65
410,1690,303,67,66
411,1688,314,67,66
412,1685,337,67,66
413,1683,361,67,66
414,1673,386,69,68
415,1673,417,70,69
416,1672,451,72,71
417,1669,458,72,71
418,1674,440,70,69
419,1673,421,70,69
420,1676,409,72,71
421,1673,395,72,71
422,1676,383,72,71
423,1679,377,70,69
424,1681,378,70,69
425,1681,379,70,69
426,1681,385,70,69
427,1675,391,70,69
428,1678,400,69,68
429,1678,415,69,68
430,1678,431,69,68
431,1677,445,69,68
432,1677,455,67,66
433,1679,453,67,66
434,1681,451,67,66
435,1677,449,66,65
436,1674,448,66,65
437,1671,453,66,65
438,1668,453,66,65
439,1668,449,67,66
440,1670,439,67,66
441,1669,436,67,66
442,1667,431,67,66
443,1660,428,67,66
444,1656,424,67,66
445,1656,417,67,66
446,1655,417,67,66
447,1656,413,69,68
448,1652,411,69,68
449,1649,403,69,68
450,1657,392,67,66
451,1664,382,66,65
452,1665,371,67,66
453,1665,351,67,66
454,1660,338,67,66
455,1652,328,66,65
456,1646,318,64,64
457,1638,309,63,62
458,1628,297,62,61
459,1625,290,60,60
460,1621,286,59,58
461,1619,283,58,57
462,1618,287,57,56
463,1613,289,57,56
464,1610,293,55,55
465,1606,299,54,53
466,1602,309,53,52
467,1599,320,53,52
468,1594,336,53,52
469,1589,355,53,52
470,1585,373,54,53
471,1579,399,55,55
472,1573,431,55,55
473,1568,469,55,55
474,1568,490,55,55
475,1568,513,57,56
476,1572,526,58,57
477,1571,518,59,58
478,1567,512,60,60
479,1563,505,62,61
480,1568,503,62,61
481,1565,508,63,62
482,1561,510,63,62
483,1558,519,63,62
484,1551,539,65,64
485,1535,543,65,64
486,1518,542,65,64
487,1492,557,65,64
488,1483,563,63,62
489,1492,573,65,64
490,1486,578,66,65
491,1480,593,68,67
492,1469,598,68,67
493,1434,615,69,68
494,1426,621,69,68
495,1418,620,71,70
496,1404,646,69,68
497,1408,643,68,67
498,1387,642,68,67
499,1378,651,68,67
500,1375,653,68,67
501,1373,643,68,67
502,1362,634,66,65
503,1348,638,65,64
504,1320,648,65,64
505,1294,636,63,62
506,1285,639,63,62
507,1271,628,63,62
508,1260,615,63,62
509,1233,603,65,64
510,1205,601,65,64
511,1175,614,65,64
512,1159,634,65,64
513,1154,632,65,64
514,1167,630,66,65
515,1174,620,68,67
516,1177,611,69,68
517,1179,608,69,68
518,1179,603,69,68
519,1177,600,68,67
520,1175,599,68,67
521,1173,596,66,65
522,1170,583,66,65
523,1168,583,66,65
524,1171,577,66,65
525,1168,578,66,65
526,1173,576,65,64
527,1170,580,63,63
528,1172,582,63,63
529,1169,583,65,64
530,1173,584,65,64
531,1176,584,65,64
532,1196,582,65,64
533,1202,581,63,63
534,1205,581,63,63
535,1206,583,62,61
536,1202,585,61,60
537,1208,581,62,61
538,1210,582,62,61
539,1211,581,62,61
540,1211,582,62,61
541,1210,580,63,63
542,1211,580,62,61
543,1210,580,62,61
544,1212,581,61,60
545,1212,582,61,60
546,1211,581,59,59
547,1210,581,61,60
548,1191,586,59,59
549,1192,576,59,59
550,1188,579,61,60
551,1178,583,62,61
552,1178,588,62,61
553,1156,557,62,61
554,1142,547,62,61
555,1129,544,64,63
556,1106,570,64,63
557,1103,568,64,63
558,1105,567,62,61
559,1106,557,64,63
560,1107,545,64,63
561,1106,538,65,64
562,1107,532,65,64
563,1105,529,65,64
564,1105,528,66,66
565,1102,530,68,67
566,1103,532,69,69
567,1105,529,71,70
568,1106,525,73,72
569,1106,523,74,73
