1.0
0.8461538461538461
0.8461538461538461
0.9333333333333333
0.7021276595744681
1.0
0.8914100486223663
0.861244019138756
0.9649122807017544
1.0
0.861244019138756
0.8771929824561403
0.8308605341246291
0.7808219178082192
0.7681755829903978
0.8308605341246291
0.8308605341246291
0.8415300546448088
0.8142664872139973
0.8142664872139973
0.8142664872139973
0.8142664872139973
0.7887323943661971
0.9418960244648318
0.7887323943661971
0.7887323943661971
0.8688293370944993
0.7887323943661971
0.8627450980392157
0.8627450980392157
0.9424964936886395
0.9424964936886395
0.8627450980392157
0.8627450980392157
0.9789029535864979
0.8484438430311232
0.9093369418132612
0.8324324324324325
0.8324324324324325
0.8324324324324325
0.8324324324324325
0.6844444444444444
0.6215316315205327
0.6215316315205327
0.6215316315205327
0.6215316315205327
0.6339737108190091
0.5864509605662285
0.5757575757575758
0.6339737108190091
0.5757575757575758
0.5864509605662285
0.49079754601226994
0.5504828797190519
0.5
0.5504828797190519
0.49079754601226994
0.49079754601226994
0.49079754601226994
0.49079754601226994
0.5974842767295597
0.5863874345549738
0.5863874345549738
0.5974842767295597
0.657922350472193
0.5974842767295597
0.6457023060796646
0.6304347826086957
0.5517241379310345
0.5621301775147929
0.6189536031589339
0.6074950690335306
0.5621301775147929
0.6304347826086957
0.5459770114942529
0.5459770114942529
0.5560882070949185
0.6011505273250239
0.5560882070949185
0.6122840690978887
0.5285832642916322
0.4888152444076222
0.47146401985111663
0.48013245033112584
0.4505928853754941
0.45734767025089607
0.45734767025089607
0.4005722460658083
0.37706855791962174
0.37706855791962174
0.3364817001180638
0.3364817001180638
0.34258712344949793
0.3465507876154264
0.31487513572204123
0.3465507876154264
0.3527173913043478
0.30927835051546393
0.3218645948945616
0.3218645948945616
0.3218645948945616
0.3218645948945616
0.3218645948945616
0.35424764019988897
0.3613707165109034
0.3613707165109034
0.3613707165109034
0.32712915961646927
0.32712915961646927
0.36645962732919257
0.3329571106094808
0.37467700258397935
0.37467700258397935
0.37467700258397935
0.31076473453482706
0.28237585199610515
0.30525803310613436
0.3162768031189084
0.28237585199610515
0.26433691756272404
0.25514771709937334
0.2597402597402597
0.25514771709937334
0.23544874202027788
0.2396694214876033
0.21396396396396397
0.19863013698630136
0.19863013698630136
0.19863013698630136
0.21856800274066462
0.21856800274066462
0.22448979591836735
0.22448979591836735
0.22851002865329512
0.22448979591836735
0.2040085898353615
0.2040085898353615
0.20422535211267606
0.18234165067178504
0.20064
0.20064
0.18395179194418015
0.18395179194418015
0.20278137128072446
0.1842870999030068
0.1842870999030068
0.21019108280254778
0.19101876675603216
0.19443513241702984
0.21196754563894524
0.21196754563894524
0.16681299385425813
0.16681299385425813
0.1868228404099561
0.16681299385425813
0.16681299385425813
0.16074450084602368
0.16486983960031554
0.1498422712933754
0.16780641767490795
0.16294178794178793
0.1480904130943102
0.15508285926292356
0.15508285926292356
0.14094955489614244
0.1305243874513396
0.1436097114063216
0.13284470911589555
0.13675623800383876
0.12508087125296527
0.12210321324245375
0.11299333213191566
0.09407948094079481
0.09244242620823873
0.10170316301703163
0.09649122807017543
0.08821046707934721
0.07654744621882012
0.08421330517423442
0.08275042892965553
0.07654744621882012
0.08533975387907972
0.08412719710183819
0.07646900992755568
0.07782101167315175
0.08205732234000786
0.07799892415277031
0.08431952662721894
0.06837203819403513
0.07049723756906077
0.06296950950066284
0.06642652823392309
0.06642652823392309
0.0675990675990676
0.05768646898087238
0.05939639379037701
0.054716816476132295
0.04763894692854158
0.04847876964226011
0.047014186737050476
0.051719871318980454
0.04495977283483199
0.04095962551199532
0.04242867593269934
0.04034826927160756
0.041347831923748156
0.04165375317671853
0.03096488802875311
0.03467345020184704
0.03096488802875311
0.035418392709196354
0.026929550372685743
0.02872196577609922
0.02872196577609922
0.031416498254638985
0.02707060420909708
0.02575794922356421
0.02425117834879124
0.023832148694363144
0.021710016212025094
0.02267385093841536
0.023328785811732606
0.023168419238062402
0.020941696413394526
0.01934065934065934
0.023545392800543356
0.020754833528939403
0.018841377622805407
0.018841377622805407
0.0
0.0
0.0
0.0
0.0
0.0
0.0
0.0
0.0
0.0
0.0
0.0
0.0
0.0
0.0
0.0
0.0
0.0
0.0
0.0
0.0
0.0
0.0
0.0
0.0
0.0
0.0
0.0
0.0
0.0
0.0
0.0
0.0
0.0
0.0
0.0
0.0
0.0
0.0
0.0
0.0
0.0
0.0
0.0
0.0
0.0
0.0
0.0
0.0
0.0
0.0
0.0
0.0
0.0
0.0
0.0
0.0
0.0
0.0
0.0
0.0
0.0
0.0
0.0
0.0
0.0
0.0
0.0
0.0
0.0
0.0
0.0
0.0
0.0
0.0
0.0
0.0
0.0
0.0
0.0
0.0
0.0
0.0
0.0
0.0
0.0
0.0
0.0
0.0
0.0
0.0
0.0
0.0
0.0
0.0
0.0
0.0
0.0
0.0
0.0
0.0
0.0
0.0
0.0
0.0
0.0
0.0
0.0
0.0
0.0
0.0
0.0
0.0
0.0
0.0
0.0
0.0
0.0
0.0
0.0
0.0
0.0
0.0
0.0
0.0
0.0
0.0
0.0
0.0
0.0
0.0
0.0
0.0
0.0
0.0
0.0
0.0
0.0
0.0
0.0
0.0
0.0
0.0
0.0
0.0
0.0
0.0
0.0
0.0
0.0
0.0
0.0
0.0
0.0
0.0
0.0
0.0
0.0
0.0
0.0
0.0
0.0
0.0
0.0
0.0
0.0
0.0
0.0
0.0
0.0
0.0
0.0
0.0
0.0
0.0
0.0
0.0
0.0
0.0
0.0
0.0
0.0
0.0
0.0
0.0
0.0
0.0
0.0
0.0
0.0
0.0
0.0
0.0
0.0
0.0
0.0
0.0
0.0
0.0
0.0
0.0
0.0
0.0
0.0
0.0
0.0
0.0
0.0
0.0
0.0
0.0
0.0
0.0
0.0
0.0
0.0
0.0
0.0
0.0
0.0
0.0
0.0
0.0
0.0
0.0
0.0
0.0
0.0
0.0
0.0
0.0
0.0
0.0
0.0
0.0
0.0
0.0
0.0
0.0
0.0
0.0
0.0
0.0
0.0
0.0
0.0
0.0
0.0
0.0
0.0
0.0
0.0
0.0
0.0
0.0
0.0
0.0
0.0
0.0
0.0
0.0
0.0
0.0
0.0
0.0
0.0
0.0
0.0
0.0
0.0
0.0
0.0
0.0
0.0
0.0
0.0
0.0
0.0
0.0
0.0
0.0
0.0
0.0
0.0
0.0
0.0
0.0
0.0
0.0
0.0
0.0
0.0
0.0
0.0
0.0
0.0
0.0
0.0
0.0
0.0
0.0
0.0
0.0
0.0
0.0
0.0
0.0
0.0
0.0
0.0
0.0
0.0
0.0
0.0
0.0
0.0
0.0
0.0
0.0
0.0
0.0
0.0
0.0
0.0
0.0
0.0
0.0
0.0
0.0
0.0
0.0
0.0
0.0
0.0
0.0
0.0
0.0
0.0
0.0
0.0
0.0
0.0
0.0
0.0
0.0
0.0
0.0
0.0
0.0
0.0
0.0
0.0
0.0
0.0
0.0
0.0
0.0
0.0
0.0
0.0
0.0
0.0
0.0
0.0
0.0
0.0
0.0
0.0
0.0
0.0
0.0
0.0
0.0
0.0
0.0
0.0
0.0
0.0
0.0
0.0
0.0
0.0
0.0
0.0
0.0
0.0
0.0
