1,590,356,9,53
2,589,355,9,53
3,589,356,9,53
4,589,356,9,53
5,589,356,9,53
6,589,356,9,53
7,588,356,10,54
8,588,355,9,53
9,589,355,9,53
10,589,355,9,53
11,589,355,9,53
12,589,355,9,53
13,588,355,9,53
14,588,355,10,54
15,588,355,9,53
16,589,355,9,53
17,588,356,9,53
18,588,356,9,53
19,588,356,9,53
20,588,357,9,53
21,588,356,9,53
22,588,357,9,53
23,588,357,9,53
24,588,357,9,53
25,588,357,9,53
26,588,357,9,53
27,587,357,9,53
28,587,357,9,53
29,587,357,9,53
30,587,357,9,53
31,587,357,9,53
32,587,357,9,53
33,587,357,9,53
34,587,357,9,53
35,587,357,9,54
36,586,357,9,53
37,586,358,9,53
38,586,358,9,53
39,586,358,9,53
40,585,358,9,54
41,584,358,9,53
42,584,359,9,53
43,583,359,9,53
44,583,358,9,53
45,582,358,9,53
46,582,358,9,53
47,581,358,9,53
48,581,358,9,53
49,581,358,9,53
50,580,358,9,53
51,580,358,9,53
52,580,358,9,53
53,580,358,9,53
54,580,358,9,53
55,579,358,9,53
56,579,358,9,53
57,579,358,9,53
58,579,359,9,53
59,579,358,9,53
60,578,359,9,53
61,577,360,9,53
62,577,360,9,53
63,577,360,9,53
64,577,360,9,53
65,577,360,9,53
66,576,360,9,53
67,576,360,9,53
68,576,360,9,53
69,576,360,9,53
70,575,360,9,53
71,574,360,9,53
72,574,360,9,53
73,574,361,9,53
74,574,361,9,53
75,573,361,9,53
76,573,362,9,53
77,571,362,9,53
78,571,363,9,53
79,571,362,9,53
80,570,363,9,53
81,569,363,9,53
82,569,363,9,53
83,567,361,9,53
84,567,361,9,53
85,566,362,9,53
86,566,362,9,53
87,566,364,9,53
88,565,362,9,53
89,565,362,9,53
90,565,361,9,53
91,564,362,9,53
92,564,362,9,53
93,563,362,9,53
94,563,362,9,53
95,563,363,9,53
96,562,363,9,53
97,562,364,9,53
98,562,365,9,53
99,562,365,9,53
100,562,365,9,53
101,561,365,9,53
102,561,364,9,53
103,560,364,9,53
104,560,364,9,53
105,560,364,9,53
106,559,364,9,53
107,559,364,9,53
108,558,364,9,53
109,558,364,9,53
110,557,365,9,53
111,556,365,9,53
112,556,366,9,53
113,555,367,9,53
114,555,367,9,53
115,554,368,9,53
116,553,367,9,53
117,551,368,9,53
118,550,369,9,53
119,550,368,9,53
120,549,368,9,53
121,548,368,9,53
122,547,368,9,53
123,547,368,9,53
124,546,368,9,53
125,545,367,9,53
126,545,367,9,53
127,544,368,9,53
128,543,368,9,53
129,543,368,9,53
130,542,369,9,53
131,541,369,9,53
132,540,369,9,53
133,539,370,9,53
134,539,370,9,53
135,539,371,9,53
136,537,371,9,53
137,536,372,9,53
138,535,372,9,53
139,535,372,9,53
140,534,372,9,53
141,533,372,9,53
142,533,372,9,53
143,531,372,9,53
144,531,372,9,53
145,530,372,9,53
146,529,372,9,53
147,528,373,9,53
148,527,373,9,53
149,528,373,9,53
150,526,374,9,53
151,524,375,9,53
152,523,376,9,53
153,521,377,9,53
154,521,378,9,53
155,519,378,9,53
156,518,379,9,53
157,516,379,9,53
158,514,379,9,53
159,514,379,9,53
160,513,378,9,53
161,511,378,9,53
162,509,378,9,53
163,507,378,9,53
164,507,378,9,53
165,505,378,9,53
166,504,378,9,53
167,504,379,9,53
168,501,380,9,53
169,501,380,9,53
170,500,382,9,53
171,498,383,9,53
172,496,384,9,53
173,495,385,9,53
174,495,386,9,53
175,493,387,9,53
176,491,387,9,53
177,488,388,9,53
178,487,388,9,53
179,487,389,9,53
180,485,389,9,53
181,483,390,9,53
182,482,390,9,53
183,480,390,9,53
184,480,390,9,53
185,478,391,9,53
186,477,393,9,53
187,475,394,9,53
188,472,396,9,53
189,472,396,9,53
190,469,397,9,53
191,467,401,9,52
192,463,403,9,53
193,459,405,9,53
194,459,405,9,53
195,455,406,9,53
196,451,407,9,53
197,448,408,9,53
198,444,408,9,53
199,444,408,9,53
200,440,409,9,53
201,436,410,9,53
202,432,410,9,53
203,428,412,9,53
204,428,412,9,53
205,424,413,9,54
206,420,418,9,53
207,416,422,9,53
208,410,424,9,53
209,410,424,9,53
210,404,428,9,53
211,398,433,9,53
212,392,437,9,53
213,385,438,9,53
214,385,438,9,53
215,379,440,9,53
216,372,442,9,53
217,365,443,9,53
218,358,446,9,53
219,358,446,9,52
220,350,449,9,53
221,342,452,9,53
222,333,454,9,53
223,325,457,9,53
224,325,457,9,53
225,317,463,9,53
226,311,463,9,53
227,300,466,9,53
228,287,468,9,53
229,287,467,9,53
230,nan,nan,nan,nan
231,1275,0,9,43
232,1275,8,9,53
233,1275,26,9,53
234,1275,44,9,53
235,1275,62,9,53
236,1275,80,9,53
237,1275,97,9,53
238,1275,115,9,53
239,1275,132,9,53
240,1275,149,9,53
241,1275,167,9,53
242,1275,184,9,53
243,1275,201,9,53
244,1275,218,9,53
245,1275,233,9,53
246,1276,257,9,53
247,1277,266,9,52
248,1277,266,9,53
249,1278,266,9,52
250,1278,266,9,53
251,1278,265,9,53
252,0,265,8,53
253,0,265,8,53
254,1278,265,9,53
255,1278,265,9,53
256,1278,266,9,53
257,1278,266,9,53
258,1278,266,9,53
259,1278,266,9,53
260,1278,266,9,53
261,1278,266,9,53
262,1278,266,9,53
263,1278,267,9,53
264,1278,267,9,53
265,1278,267,9,53
266,1278,268,9,53
267,1277,268,9,53
268,1277,268,9,53
269,1277,268,9,53
270,1277,268,9,53
271,1278,269,9,53
272,1277,269,9,53
273,1277,269,9,53
274,1277,269,9,53
275,1277,269,9,53
276,1277,269,9,53
277,1277,269,9,53
278,1277,269,9,53
279,1277,269,9,53
280,1277,269,9,53
281,1277,269,9,53
282,1277,269,9,53
283,1277,269,9,53
284,1277,269,9,53
285,1277,269,9,53
286,1277,269,9,53
287,1278,269,9,53
288,1277,269,9,53
289,1277,269,9,53
290,1277,269,9,53
291,1277,269,9,53
292,1277,269,9,53
293,1278,269,9,53
294,1278,269,9,53
295,1277,269,9,53
296,1277,269,9,53
297,1277,269,9,53
298,1277,269,9,53
299,1277,269,9,53
300,1277,268,9,53
301,1277,269,9,53
302,1277,269,9,53
303,1278,269,9,53
304,1278,269,9,53
305,1278,269,9,53
306,1278,269,9,53
307,1278,269,9,53
308,1278,269,9,53
309,1278,269,9,53
310,1278,268,9,53
311,1278,268,9,53
312,1278,268,9,53
313,1278,269,9,53
314,1278,269,9,53
315,1278,269,9,53
316,1278,269,9,53
317,1278,269,9,53
318,1277,269,9,53
319,1277,269,9,53
320,1277,269,9,53
321,1277,269,9,53
322,1278,269,9,53
323,1278,269,9,53
324,1278,269,9,53
325,1278,269,9,53
326,1278,269,9,53
327,1278,269,9,53
328,1278,269,9,53
329,1277,269,9,53
330,1277,269,9,53
331,1277,269,9,53
332,1277,269,9,53
333,1277,269,9,53
334,1277,269,9,53
335,1277,269,9,53
336,1277,269,9,53
337,1277,269,9,53
338,1277,269,9,53
339,1277,269,9,53
340,1277,269,9,53
341,1277,269,9,53
342,1277,269,9,53
343,1277,268,9,53
344,1277,269,9,53
345,1277,269,9,53
346,1277,268,9,53
347,1277,269,9,53
348,1277,269,9,53
349,1277,269,9,53
350,1277,269,9,53
351,1277,269,9,53
352,1278,269,9,53
353,1278,269,9,53
354,1277,269,9,53
355,1277,269,9,53
356,1277,269,9,53
357,1277,269,9,53
358,1277,269,9,53
359,1277,269,9,53
360,1277,269,9,53
361,1277,269,9,53
362,1277,269,9,53
363,1277,269,9,53
364,1277,269,9,53
365,1278,269,9,53
366,1278,269,9,53
367,1278,269,9,53
368,1278,269,9,53
369,1277,270,9,53
370,1278,269,9,53
371,1278,269,9,53
372,1278,269,9,53
373,1277,269,9,53
374,1278,269,9,53
375,1278,269,9,53
376,1278,269,9,53
377,1278,269,9,53
378,1278,269,9,53
379,1278,269,9,53
380,1278,269,9,53
381,1278,269,9,53
382,1278,269,9,53
383,1278,269,9,53
384,1278,269,9,53
385,1278,269,9,53
386,1278,269,9,53
387,1278,269,9,53
388,1278,269,9,53
389,1278,269,9,53
390,1278,269,9,53
391,1278,269,9,53
392,1278,269,9,53
393,1278,269,9,53
394,1278,269,9,53
395,0,269,8,53
396,1278,270,9,53
397,1278,269,9,53
398,1278,269,9,53
399,1278,269,9,53
400,1278,269,9,53
401,1278,269,9,53
402,1278,269,9,53
403,0,269,8,53
404,1278,270,9,53
405,1278,270,9,53
406,1278,269,9,53
407,0,269,8,53
408,1278,269,9,53
409,1278,270,9,53
410,1278,270,9,53
411,0,269,8,53
412,1278,269,9,53
413,1278,269,9,53
414,1278,269,9,53
415,1278,270,9,53
416,0,269,8,53
417,0,269,8,53
418,1278,269,9,53
419,1278,269,9,53
420,1278,269,9,53
421,1278,270,9,53
422,0,269,8,53
423,0,269,8,53
424,0,269,8,53
425,0,269,8,53
426,0,269,8,53
427,0,270,8,53
428,0,270,8,53
429,0,269,8,53
430,0,269,8,53
431,0,269,8,53
432,0,269,8,53
433,0,269,8,53
434,0,270,8,53
435,0,270,8,53
436,0,270,8,53
437,0,269,8,53
438,0,269,8,53
439,1278,269,9,53
440,0,269,8,53
441,0,269,8,53
442,0,269,8,53
443,0,268,8,55
444,1278,269,9,53
445,0,269,8,53
446,0,269,8,53
447,0,269,8,53
448,0,269,8,53
449,0,269,8,53
450,0,269,8,53
451,0,269,8,53
452,0,269,8,53
453,0,270,8,53
454,0,269,8,53
455,0,269,8,53
456,0,269,8,53
457,0,269,8,53
458,0,269,8,53
459,0,269,8,53
460,1278,269,9,53
461,1278,269,9,53
462,1278,269,9,53
463,1278,269,9,53
464,1278,269,9,53
465,1278,269,9,53
466,1278,269,9,53
467,1278,269,9,53
468,1278,269,9,53
469,1278,269,9,53
470,0,269,8,53
471,0,269,8,53
472,0,269,8,53
473,0,269,8,53
474,0,269,8,53
475,0,269,8,53
476,0,270,8,53
477,0,269,8,53
478,0,269,8,53
479,0,269,8,53
480,0,269,8,53
481,0,269,8,53
482,0,269,8,53
483,0,270,8,53
484,0,270,8,53
485,0,270,8,53
486,0,270,9,53
487,0,270,8,53
488,0,269,8,53
489,0,270,8,53
490,0,270,8,53
491,0,270,9,53
492,0,270,9,53
493,0,269,8,53
494,0,270,8,53
495,0,270,8,53
496,0,270,8,53
497,0,270,8,53
498,0,269,8,53
499,0,270,8,53
500,0,270,9,53
501,0,270,9,53
502,0,270,9,53
503,0,270,9,53
504,0,269,9,53
505,0,270,9,53
506,0,270,9,53
507,0,270,9,53
508,0,270,9,53
509,0,269,9,53
510,0,270,9,53
511,0,270,9,53
512,0,270,9,53
513,0,270,9,53
514,0,269,9,53
515,0,270,9,53
516,0,270,9,53
517,0,270,9,53
518,0,270,9,53
519,0,269,8,53
520,0,270,8,53
521,0,270,8,53
522,0,270,8,53
523,0,269,9,53
524,0,270,9,53
525,0,270,9,53
526,0,270,9,53
527,0,269,9,55
528,1278,268,10,55
529,0,269,8,54
530,0,269,9,53
531,0,269,8,53
532,0,268,8,54
533,0,269,8,53
534,0,269,8,53
535,0,268,8,55
536,0,270,8,53
537,0,269,9,53
538,0,269,8,53
539,0,268,8,54
540,0,270,8,53
541,0,269,8,53
542,0,269,9,53
543,0,269,9,53
544,0,268,9,54
545,0,270,8,53
546,0,269,8,53
547,0,269,8,53
548,0,268,8,55
549,0,270,8,53
550,0,269,9,53
551,0,269,9,53
552,0,269,9,53
553,0,268,9,54
554,0,270,8,53
555,0,269,8,53
556,0,269,8,53
557,0,268,8,54
558,0,269,8,53
559,0,269,8,53
560,0,269,8,53
561,0,268,8,54
562,0,269,8,53
563,0,269,8,53
564,0,269,8,53
565,0,268,9,54
566,0,269,9,53
567,0,269,9,53
568,0,269,9,53
569,0,268,9,54
570,0,270,9,53
571,0,269,9,53
572,0,269,9,53
573,0,269,9,53
574,0,270,9,50
575,0,270,9,53
576,0,268,9,54
577,0,270,9,53
578,0,269,9,53
579,0,269,9,53
580,0,269,9,53
581,0,270,8,53
582,0,269,8,53
583,0,269,9,53
584,0,269,9,53
585,0,269,9,52
586,0,270,9,53
587,0,269,9,53
588,0,269,9,53
589,0,269,9,53
590,0,269,8,53
591,0,269,9,53
592,0,269,9,52
593,0,269,9,53
594,0,269,9,53
595,0,269,9,53
596,0,269,9,53
597,0,269,9,52
598,0,269,9,53
599,0,269,9,52
600,0,270,9,53
601,0,269,8,53
602,0,269,9,53
603,0,269,9,52
604,0,270,9,53
605,0,269,9,53
606,0,269,9,53
607,0,269,8,53
608,0,269,9,53
609,0,269,9,53
610,0,269,9,53
611,0,270,9,53
612,0,270,8,53
613,0,270,9,53
614,0,270,9,53
615,0,269,9,53
616,0,269,8,53
