1.0
0.7227272727272728
0.7465437788018433
0.7465437788018433
0.7465437788018433
0.9574468085106383
0.8914100486223663
0.7607655502392344
0.9233449477351916
0.9233449477351916
0.9233449477351916
0.9233449477351916
0.72
0.8160237388724035
0.72
0.8695652173913043
0.72
0.7346938775510204
0.7346938775510204
0.7346938775510204
0.7346938775510204
0.7346938775510204
0.821917808219178
0.821917808219178
0.821917808219178
0.821917808219178
0.6835443037974683
0.6835443037974683
0.7531380753138075
0.7531380753138075
0.7531380753138075
0.7531380753138075
0.7531380753138075
0.7531380753138075
0.7681564245810056
0.7267833109017496
0.7267833109017496
0.7267833109017496
0.7267833109017496
0.7412398921832885
0.7267833109017496
0.5980066445182725
0.5980066445182725
0.5980066445182725
0.5980066445182725
0.5980066445182725
0.5438066465256798
0.5438066465256798
0.5438066465256798
0.5438066465256798
0.5438066465256798
0.5438066465256798
0.47244094488188976
0.47244094488188976
0.47244094488188976
0.47244094488188976
0.47244094488188976
0.47244094488188976
0.47244094488188976
0.47244094488188976
0.5642633228840125
0.5642633228840125
0.5642633228840125
0.5642633228840125
0.5642633228840125
0.5642633228840125
0.5642633228840125
0.5309734513274337
0.5309734513274337
0.5309734513274337
0.5309734513274337
0.5309734513274337
0.5309734513274337
0.5309734513274337
0.5157593123209169
0.5157593123209169
0.5157593123209169
0.5157593123209169
0.5157593123209169
0.5157593123209169
0.44554455445544555
0.44554455445544555
0.44554455445544555
0.44554455445544555
0.44554455445544555
0.38571428571428573
0.38571428571428573
0.38571428571428573
0.3182086034177961
0.3182086034177961
0.3182086034177961
0.3182086034177961
0.3182086034177961
0.29252437703141926
0.29252437703141926
0.29252437703141926
0.29252437703141926
0.29252437703141926
0.29900332225913623
0.29900332225913623
0.29900332225913623
0.29900332225913623
0.29900332225913623
0.29900332225913623
0.3356121814791796
0.3356121814791796
0.3356121814791796
0.30388294879009564
0.30388294879009564
0.30388294879009564
0.30388294879009564
0.3479381443298969
0.3479381443298969
0.3479381443298969
0.26239067055393583
0.26239067055393583
0.26239067055393583
0.26239067055393583
0.26239067055393583
0.24139472507822976
0.24139472507822976
0.24139472507822976
0.24139472507822976
0.20247469066366705
0.20247469066366705
0.20247469066366705
0.18467852257181944
0.18467852257181944
0.18467852257181944
0.18467852257181944
0.18467852257181944
0.19306399713979264
0.19306399713979264
0.19306399713979264
0.19306399713979264
0.19306399713979264
0.19306399713979264
0.1725790987535954
0.1725790987535954
0.1725790987535954
0.1725790987535954
0.17104846373139057
0.17104846373139057
0.1744186046511628
0.1744186046511628
0.1744186046511628
0.18078339471041177
0.18078339471041177
0.18078339471041177
0.18230925050641458
0.18230925050641458
0.15789473684210525
0.15789473684210525
0.15789473684210525
0.15789473684210525
0.15789473684210525
0.1521555367709214
0.14184397163120568
0.14184397163120568
0.14184397163120568
0.14018691588785046
0.14018691588785046
0.1334321719792439
0.1334321719792439
0.1334321719792439
0.12356979405034325
0.12356979405034325
0.12356979405034325
0.12946535602972908
0.11635423400129283
0.10507880910683012
0.09724473257698542
0.08753444642567677
0.08753444642567677
0.08753444642567677
0.08160797944687925
0.07592800899887514
0.07123070834982193
0.07123070834982193
0.07123070834982193
0.07123070834982193
0.07218286325357573
0.07241518036743999
0.07241518036743999
0.07241518036743999
0.07063440156965337
0.07258064516129033
0.07258064516129033
0.06362672322375397
0.05963556046383214
0.058524734982332155
0.057185216562533094
0.057185216562533094
0.057185216562533094
0.05463375151760421
0.05205320994794679
0.04710808688824915
0.04512032085561497
0.04512032085561497
0.04452873752783046
0.04452873752783046
0.042583392476934
0.03949100482667837
0.03949100482667837
0.03892702951376601
0.036239178578618886
0.03346346904629113
0.029855697462265716
0.029855697462265716
0.029855697462265716
0.0279546513433763
0.025965283454344377
0.025174825174825177
0.025174825174825177
0.024796803967488634
0.02290756373817503
0.022180234946192392
0.020522175350587164
0.020141369613133692
0.019029495718363463
0.019524894240156198
0.018414322250639385
0.018614912613326897
0.01835610850499694
0.016952877280005024
0.017462165308498253
0.016675931072818232
0.016515276630883566
0.016515276630883566
0.0
0.0
0.0
0.0
0.0
0.0
0.0
0.0
0.0
0.0
0.0
0.0
0.0
0.0
0.0
0.0
0.0
0.0
0.0
0.0
0.0
0.0
0.0
0.0
0.0
0.0
0.0
0.0
0.0
0.0
0.0
0.0
0.0
0.0
0.0
0.0
0.0
0.0
0.0
0.0
0.0
0.0
0.0
0.0
0.0
0.0
0.0
0.0
0.0
0.0
0.0
0.0
0.0
0.0
0.0
0.0
0.0
0.0
0.0
0.0
0.0
0.0
0.0
0.0
0.0
0.0
0.0
0.0
0.0
0.0
0.0
0.0
0.0
0.0
0.0
0.0
0.0
0.0
0.0
0.0
0.0
0.0
0.0
0.0
0.0
0.0
0.0
0.0
0.0
0.0
0.0
0.0
0.0
0.0
0.0
0.0
0.0
0.0
0.0
0.0
0.0
0.0
0.0
0.0
0.0
0.0
0.0
0.0
0.0
0.0
0.0
0.0
0.0
0.0
0.0
0.0
0.0
0.0
0.0
0.0
0.0
0.0
0.0
0.0
0.0
0.0
0.0
0.0
0.0
0.0
0.0
0.0
0.0
0.0
0.0
0.0
0.0
0.0
0.0
0.0
0.0
0.0
0.0
0.0
0.0
0.0
0.0
0.0
0.0
0.0
0.0
0.0
0.0
0.0
0.0
0.0
0.0
0.0
0.0
0.0
0.0
0.0
0.0
0.0
0.0
0.0
0.0
0.0
0.0
0.0
0.0
0.0
0.0
0.0
0.0
0.0
0.0
0.0
0.0
0.0
0.0
0.0
0.0
0.0
0.0
0.0
0.0
0.0
0.0
0.0
0.0
0.0
0.0
0.0
0.0
0.0
0.0
0.0
0.0
0.0
0.0
0.0
0.0
0.0
0.0
0.0
0.0
0.0
0.0
0.0
0.0
0.0
0.0
0.0
0.0
0.0
0.0
0.0
0.0
0.0
0.0
0.0
0.0
0.0
0.0
0.0
0.0
0.0
0.0
0.0
0.0
0.0
0.0
0.0
0.0
0.0
0.0
0.0
0.0
0.0
0.0
0.0
0.0
0.0
0.0
0.0
0.0
0.0
0.0
0.0
0.0
0.0
0.0
0.0
0.0
0.0
0.0
0.0
0.0
0.0
0.0
0.0
0.0
0.0
0.0
0.0
0.0
0.0
0.0
0.0
0.0
0.0
0.0
0.0
0.0
0.0
0.0
0.0
0.0
0.0
0.0
0.0
0.0
0.0
0.0
0.0
0.0
0.0
0.0
0.0
0.0
0.0
0.0
0.0
0.0
0.0
0.0
0.0
0.0
0.0
0.0
0.0
0.0
0.0
0.0
0.0
0.0
0.0
0.0
0.0
0.0
0.0
0.0
0.0
0.0
0.0
0.0
0.0
0.0
0.0
0.0
0.0
0.0
0.0
0.0
0.0
0.0
0.0
0.0
0.0
0.0
0.0
0.0
0.0
0.0
0.0
0.0
0.0
0.0
0.0
0.0
0.0
0.0
0.0
0.0
0.0
0.0
0.0
0.0
0.0
0.0
0.0
0.0
0.0
0.0
0.0
0.0
0.0
0.0
0.0
0.0
0.0
0.0
0.0
0.0
0.0
0.0
0.0
0.0
0.0
0.0
0.0
0.0
0.0
0.0
0.0
0.0
0.0
0.0
0.0
0.0
0.0
0.0
0.0
0.0
0.0
0.0
