1.0
0.9245608060735963
0.9380837631689005
0.7781528965845778
0.6356902483502849
0.7142083897158322
0.687542612252849
0.6799222797927461
0.5194460568869724
0.5524631792788217
0.5348965011906943
0.5377503638505787
0.539672824393501
0.7040186531340008
0.7097294556851178
0.7139763299170327
0.718234568465299
0.7475149410806742
0.7449359112285987
0.7550744248985115
0.7546690618515192
0.7827135741361486
0.7962507540253353
0.7482820866768806
0.7479947432818236
0.7506455851039732
0.7298726337929423
0.7268922879514734
0.6948234661991148
0.698728648528348
0.5732583975950856
0.4711614562722596
0.4782974511259589
0.8159109071691887
0.7719251042596647
0.0816269363287487
0.585396558959295
0.43786508762102905
0.3890995014540922
0.27667604566852444
0.2764238607091319
0.18623581647755302
0.18568287319814317
0.1930366154837324
0.2065905038631711
0.2060842413143437
0.21034654330782782
0.21034654330782782
0.2116124001828301
0.5510601533188861
0.5479152269062428
0.5468179975678963
0.5661187348646071
0.5941849249000964
0.6028408455430041
0.6202032832229769
0.6407907471468134
0.667711415097103
0.08588843738455855
0.08681311432152516
0.0933915228817338
0.09799073060656424
0.09654658252789095
0.08996512573091749
0.0905437778521934
0.12276092064374321
0.12349964914872401
0.12540388212715303
0.12601900964721796
0.4817813765182186
0.6637849963332039
0.6810275166928933
0.7140246458211083
0.7247127100061003
0.7390435637078283
0.7463142694025591
0.7091768483010791
0.6823068018049945
0.6605627338566017
0.6293674562119974
0.6022101854406575
0.5841440355156066
0.006376719287869827
0.21072297016784294
0.2094466471298052
0.0015372697848422797
0.00013136001401173482
0.0
0.0
0.0
0.0
0.0
0.0018182108167594379
0.0018563751831949195
0.0
0.0
0.0025324194984979093
0.00416819538321299
0.0
0.0
0.0
0.0
0.0
0.0
0.0
0.0251540637959769
0.0
0.0
0.0
0.0
0.0
0.0
0.0
0.0
0.0
0.007185273958768162
0.0
0.0
0.0
0.0
0.0
0.0
0.0
0.0
0.0
0.0
0.0
0.0
0.0
0.0
0.0
0.0
0.0
0.0
0.0
0.14700652045050386
0.15396966420826153
0.14587758569981374
0.11980871144142052
0.11323731650373656
0.10475678692116114
0.10808722053546785
0.11713384874530298
0.08842748522679145
0.02629134243674395
0.029794149512459372
0.03070194620599169
0.1052247725937481
0.08922899220329195
0.07388692005693162
0.006337352373894289
0.005359561811649685
0.0051686778124565135
0.0054547478570633415
0.009021734560894607
0.004722512248012208
0.00504624357955616
0.0
0.0
0.003959248025678552
0.006356158911106514
0.007186858316221766
0.007117024212406862
0.006739011941925574
0.006008414499038246
0.006385687156977998
0.006265929555761661
0.006604927485584483
0.006471671882811376
0.006433497981079462
0.0067244781389552396
0.00754682904174622
0.0092165612606518
0.009114670598485357
0.009689774032937571
0.009689774032937571
0.009079157386222256
0.009384775808133473
0.009116585034500017
0.01361358987281729
0.012825156404346394
0.014284091093544565
0.013180035168402543
0.012682476800347316
0.013479821364968904
0.013548138959160568
0.013252297029493118
0.0011904383987809911
0.0016875092574959267
0.0032360234981837024
0.006682229980081815
0.008063490307773138
0.0007400491848073595
0.0008496883485742468
0.004122572927210822
0.002404427199287577
0.0040967442333871935
0.0031805806468028805
0.0049326926136906086
0.0
0.0
0.0
0.007229603323080825
0.007252785005821314
0.007252785005821314
0.007295276308590188
0.007509937719309604
0.004401386183694635
0.0042179684189890786
0.004642282205832803
0.0045715446741504545
0.004421686593903663
0.003682272488164124
0.003641949310011644
0.003367663304942803
0.0
0.0
0.0
0.0
0.0
0.0
0.0
0.0
0.0
0.0
0.0
0.0
0.0
0.0
0.0
0.008805087383821764
0.009131269409506303
0.009873989091593004
0.010028163511159588
0.012709759731975028
0.014784767477944763
0.008996016050034984
0.01215447951382082
0.0848154437393869
0.0
0.028573766132826084
0.03863273704543546
0.04906984627041254
0.05445304937076476
0.08669983279317961
0.0
1.0
1.0
1.0
1.0
1.0
1.0
1.0
1.0
0.0
0.0
0.0
0.0
0.0
0.0
1.0
0.0
0.0
0.0
0.0
0.0
0.0
0.0
0.0
0.0
0.0
0.0
0.0
0.0
0.0
0.0
0.0
0.0
0.0
0.0
0.0
0.0
0.0
0.0
0.0
0.0
0.0
0.0
0.0
0.0
0.0
0.0
0.0
0.0
0.0
0.0
0.0
0.0
0.0
0.0
0.0
0.0
0.0
0.0
0.0
0.0
0.0
0.0
0.0
0.0
0.0
0.0
0.0
0.0
0.0
0.0
0.0
0.0
0.0
0.0
0.0
0.0
0.0
0.0
0.0
0.0
0.0
0.0
0.0
0.0
0.0
0.0
0.0
0.0
0.0
0.0
0.0
0.0
0.0
0.0
0.0
0.0
0.0
0.0
0.0
0.0
0.0
0.0
0.0
0.0
0.0
0.0
0.0
0.0
0.0
0.0
0.0
0.0
0.0
