1,1616,342,71,97
2,1613,335,71,99
3,1615,335,71,99
4,1617,336,71,99
5,1620,336,71,98
6,1623,336,71,97
7,1626,338,70,97
8,1630,338,69,97
9,1633,339,69,97
10,1638,341,72,95
11,1640,342,75,93
12,1642,343,76,92
13,1644,345,76,92
14,1646,347,77,91
15,1648,349,77,91
16,1649,350,77,92
17,1650,352,77,92
18,1652,352,76,92
19,1653,352,76,93
20,1654,352,76,93
21,1655,352,76,93
22,1655,353,75,93
23,1656,354,74,93
24,1655,354,74,93
25,1656,355,74,92
26,1656,355,74,92
27,1656,356,74,92
28,1656,357,74,91
29,1655,357,73,91
30,1655,357,74,91
31,1655,357,74,91
32,1654,356,74,91
33,1654,356,74,91
34,1653,356,75,91
35,1652,355,75,91
36,1649,354,76,91
37,1648,353,76,92
38,1646,353,75,93
39,1644,353,75,93
40,1641,352,75,93
41,1638,351,75,92
42,1636,350,75,91
43,1633,350,75,90
44,1630,349,75,90
45,1628,348,74,89
46,1625,348,75,88
47,1623,347,75,87
48,1620,347,75,86
49,1618,346,75,86
50,1616,347,75,85
51,1615,346,75,85
52,1613,346,75,84
53,1612,346,76,84
54,1612,345,76,84
55,1610,345,76,85
56,1609,345,76,85
57,1609,344,77,85
58,1608,344,77,85
59,1608,344,77,85
60,1608,344,77,85
61,1608,343,78,86
62,1607,343,78,85
63,1609,343,78,85
64,1609,342,78,86
65,1610,342,78,86
66,1610,342,77,86
67,1612,342,78,86
68,1614,342,78,86
69,1615,341,77,86
70,1618,342,77,85
71,1620,342,77,85
72,1622,341,78,85
73,1624,341,78,85
74,1625,341,78,86
75,1627,341,78,86
76,1628,341,79,86
77,1631,341,78,86
78,1632,341,78,86
79,1634,341,78,87
80,1635,341,79,87
81,1637,341,79,88
82,1638,341,79,88
83,1639,341,79,89
84,1640,341,79,90
85,1641,342,80,91
86,1641,342,80,91
87,1643,343,78,92
88,1644,343,78,92
89,1645,343,78,93
90,1645,343,78,92
91,1646,342,79,90
92,1646,341,78,89
93,1647,341,78,87
94,1647,341,78,85
95,1647,341,78,83
96,1647,340,78,81
97,1648,340,78,80
98,1648,341,77,78
99,1649,341,77,76
100,1650,341,76,74
101,1650,341,76,73
102,1650,341,75,71
103,1652,342,74,70
104,1652,342,73,69
105,1652,342,73,68
106,1652,343,72,67
107,1652,343,72,67
108,1652,343,72,66
109,1652,343,72,66
110,1652,344,72,66
111,1652,344,72,66
112,1653,344,72,66
113,1653,343,72,65
114,1653,343,72,65
115,1653,343,72,65
116,1653,343,72,65
117,1653,344,72,66
118,1653,345,72,67
119,1653,345,72,69
120,1653,346,72,71
121,1652,346,72,73
122,1653,347,72,75
123,1652,347,73,77
124,1652,346,74,79
125,1652,345,75,81
126,1652,345,75,82
127,1649,345,77,84
128,1649,345,78,85
129,1649,344,78,86
130,1648,344,79,87
131,1649,344,79,88
132,1648,344,79,89
133,1648,344,78,90
134,1648,344,78,91
135,1648,344,78,92
136,1648,344,79,92
137,1649,345,78,93
138,1648,345,78,93
139,1648,345,79,93
140,1649,345,79,93
141,1649,345,79,94
142,1649,344,79,94
143,1649,344,79,94
144,1649,345,79,95
145,1649,345,79,95
146,1650,345,79,95
147,1650,345,78,95
148,1650,345,78,95
149,1649,345,78,95
150,1650,346,78,95
151,1650,346,78,95
152,1652,346,77,95
153,1650,346,78,95
154,1649,345,78,95
155,1649,346,78,96
156,1648,346,79,96
157,1646,346,79,96
158,1645,347,79,96
159,1642,345,79,97
160,1639,344,79,96
161,1636,344,79,96
162,1633,343,78,95
163,1630,342,78,94
164,1626,342,79,93
165,1625,342,79,92
166,1621,342,78,91
167,1619,342,78,90
168,1617,342,78,89
169,1614,343,78,89
170,1612,343,78,88
171,1610,344,78,87
172,1608,343,78,87
173,1606,343,78,87
174,1605,344,77,86
175,1603,344,78,86
176,1602,343,78,86
177,1600,343,78,86
178,1599,343,78,87
179,1599,343,78,87
180,1597,343,79,87
181,1599,343,78,87
182,1597,342,78,87
183,1598,342,78,87
184,1599,342,78,87
185,1601,343,77,86
186,1600,342,78,86
187,1603,342,77,86
188,1604,342,77,86
189,1605,342,77,86
190,1607,342,76,86
191,1608,343,76,85
192,1609,342,76,85
193,1610,342,76,85
194,1611,342,76,85
195,1612,342,77,84
196,1612,342,77,84
197,1612,342,77,84
198,1613,342,77,84
199,1614,342,77,84
200,1614,341,77,83
201,1614,342,77,82
202,1614,342,77,82
203,1615,342,77,81
204,1615,342,77,81
205,1615,342,77,80
206,1615,342,77,80
207,1615,342,77,79
208,1616,343,77,79
209,1616,342,77,79
210,1616,343,77,79
211,1616,343,78,79
212,1616,343,78,79
213,1616,343,78,80
214,1616,344,79,80
215,1616,343,79,80
216,1615,344,79,80
217,1615,344,80,80
218,1614,344,80,81
219,1612,344,81,81
220,1611,344,82,81
221,1615,344,81,82
222,1612,344,81,83
223,1610,344,82,83
224,1608,344,83,84
225,1606,342,85,85
226,1611,341,84,86
227,1607,340,85,87
228,1611,340,84,87
229,1613,339,84,88
230,1614,338,83,88
231,1609,342,82,89
232,1612,339,82,89
233,1614,337,82,89
234,1609,341,82,89
235,1612,338,82,89
236,1614,337,83,89
237,1609,341,82,89
238,1612,338,82,90
239,1614,337,82,89
240,1609,341,82,90
241,1612,339,82,90
242,1612,338,81,90
243,1614,338,81,90
244,1609,343,82,90
245,1612,341,82,90
246,1608,341,83,90
247,1611,341,83,89
248,1606,347,83,89
249,1610,343,83,90
250,1608,342,83,90
251,1608,341,83,89
252,1608,341,82,89
253,1609,340,82,88
254,1609,340,81,87
255,1609,340,80,86
256,1610,340,80,86
257,1610,340,80,85
258,1610,340,79,84
259,1609,340,79,83
260,1610,341,78,82
261,1610,341,77,81
262,1610,341,77,80
263,1610,341,77,80
264,1610,342,77,80
265,1609,342,77,80
266,1609,342,77,80
267,1609,343,76,80
268,1609,343,76,81
269,1609,344,76,82
270,1608,343,76,82
271,1608,343,76,83
272,1607,343,76,83
273,1607,343,76,84
274,1606,343,76,84
275,1605,343,76,84
276,1605,343,76,84
277,1605,343,76,84
278,1604,343,76,84
279,1604,344,76,84
280,1603,344,76,84
281,1602,344,76,84
282,1601,344,76,84
283,1601,344,76,84
284,1600,344,76,84
285,1599,344,77,84
286,1599,345,77,84
287,1599,344,77,84
288,1597,344,78,84
289,1596,344,78,85
290,1596,344,78,85
291,1596,344,78,85
292,1596,344,78,85
293,1597,345,77,85
294,1595,344,77,85
295,1595,344,77,85
296,1595,344,77,85
297,1594,345,77,85
298,1594,345,77,85
299,1594,345,77,85
300,1594,345,77,85
301,1594,345,77,85
302,1593,344,77,85
303,1594,344,77,85
304,1594,344,77,85
305,1594,344,77,85
306,1594,344,77,85
307,1594,344,77,85
308,1595,344,77,85
309,1596,344,78,85
310,1596,344,78,85
311,1596,344,78,85
312,1599,344,77,85
313,1600,344,77,85
314,1603,344,77,85
315,1605,344,77,84
316,1608,344,77,84
317,1611,344,77,84
318,1614,344,77,84
319,1617,344,77,83
320,1620,345,77,84
321,1623,344,77,84
322,1626,344,77,84
323,1630,344,77,84
324,1632,344,77,84
325,1635,344,77,85
326,1636,345,77,85
327,1639,344,78,87
328,1641,345,78,88
329,1644,345,77,89
330,1645,346,77,89
331,1646,346,78,89
332,1649,346,78,90
333,1650,347,78,91
334,1652,347,77,92
335,1653,347,77,92
336,1654,347,77,93
337,1655,347,77,94
338,1655,347,77,94
339,1656,347,77,94
340,1656,347,76,94
341,1656,347,76,94
342,1656,347,76,94
343,1656,346,75,93
344,1655,345,75,91
345,1654,344,75,89
346,1654,344,75,87
347,1653,343,75,84
348,1653,342,75,81
349,1654,342,75,78
350,1654,343,75,75
351,1654,343,74,72
352,1654,343,73,69
353,1654,343,73,66
354,1653,343,73,63
355,1654,343,73,60
356,1653,343,73,57
357,1653,343,72,54
358,1650,343,74,50
359,1655,342,74,46
360,1657,344,74,44
361,1660,343,75,43
362,1638,346,77,42
363,1633,343,78,42
364,1635,341,79,41
365,1638,342,80,40
366,1641,340,82,39
367,1635,337,84,38
368,1639,338,84,37
369,1641,335,85,36
370,1635,329,88,36
371,1637,330,89,35
372,1639,328,90,35
373,1634,322,92,34
374,1636,323,92,34
375,1630,321,94,33
376,1634,315,95,32
377,1636,311,97,31
378,1630,311,98,32
379,1633,309,98,32
380,1635,306,99,32
381,1630,306,95,35
382,1633,303,93,37
383,1635,296,94,36
384,1637,291,97,35
385,1632,292,97,36
386,1635,289,97,36
387,1637,284,101,35
388,1632,286,101,35
389,1636,284,101,35
390,1630,281,102,36
391,1633,280,102,36
392,1636,275,105,35
393,1632,270,106,35
394,1634,271,108,34
395,1631,269,109,34
396,1634,264,111,34
397,1630,265,112,33
398,1634,263,113,34
399,1631,260,114,34
400,1627,255,116,33
401,1632,256,117,33
402,1628,254,118,32
403,1650,285,108,34
404,1652,281,109,34
405,1652,277,110,35
406,1652,273,111,35
407,1652,270,112,34
408,1652,266,114,35
409,1652,262,115,35
410,1652,258,116,35
411,1645,254,119,37
412,1645,251,120,36
413,1648,251,119,36
414,1641,246,123,37
415,1644,245,123,37
416,1644,242,124,36
417,1644,241,125,37
418,1637,237,127,37
419,1639,236,128,38
420,1642,233,127,39
421,1643,231,126,40
422,1638,226,128,41
423,1639,225,128,42
424,1640,222,131,42
425,1642,222,130,42
426,1642,219,131,42
427,1636,218,134,43
428,1637,217,135,42
429,1632,219,136,41
430,1626,217,141,40
431,1623,220,141,39
432,1627,217,143,38
433,1622,218,146,38
434,1618,221,146,38
435,1624,218,148,37
436,1620,221,148,37
437,1616,217,149,38
438,1613,220,151,38
439,1620,217,152,37
440,1618,219,151,38
441,1613,216,154,38
442,1618,214,155,38
443,1614,217,155,39
444,1610,215,157,39
445,1608,218,157,39
446,1606,215,160,39
447,1604,219,158,39
448,1612,215,159,40
449,1608,218,159,40
450,1605,216,162,41
451,1604,219,160,40
452,1602,217,163,40
453,1600,221,162,40
454,1608,218,163,42
455,1606,223,162,42
456,1605,226,162,41
457,1603,229,160,42
458,1600,231,160,43
459,1609,229,160,44
460,1607,233,160,44
461,1606,236,160,44
462,1605,239,158,44
463,1614,235,159,45
464,1611,239,157,46
465,1607,242,157,45
466,1605,245,155,45
467,1604,247,154,46
468,1603,250,153,47
469,1615,254,150,46
470,1623,250,149,48
471,1629,255,144,51
472,1626,262,141,51
473,1632,268,137,53
474,1637,275,134,53
475,1634,282,131,52
476,1640,289,127,53
477,1638,296,125,53
478,1643,303,121,53
479,1643,310,120,54
480,1645,318,117,53
481,1647,325,114,53
482,1648,333,113,53
483,1648,339,111,53
484,1648,346,110,53
485,1648,353,109,54
486,1647,358,109,54
487,1646,366,108,54
488,1646,377,106,55
489,1644,380,107,56
490,1645,388,105,55
491,1645,392,105,56
492,1645,392,106,56
493,1644,394,107,56
494,1644,395,107,56
495,1643,397,108,56
496,1643,399,108,57
497,1643,400,108,57
498,1642,400,109,57
499,1642,401,109,57
500,1642,401,110,57
501,1641,401,109,58
502,1641,401,109,58
503,1640,401,110,59
504,1639,401,110,59
505,1631,401,111,59
506,1646,406,107,60
507,1635,405,108,60
508,1634,404,108,60
509,1639,409,105,62
510,1628,407,107,62
511,1633,411,103,64
512,1622,409,105,63
513,1612,404,106,63
514,1613,409,106,63
515,1603,405,108,63
516,1594,404,110,61
517,1594,409,110,61
518,1584,405,111,60
519,1576,403,111,60
520,1576,407,111,60
521,1566,404,112,59
522,1558,402,112,60
523,1558,407,112,59
524,1550,405,112,59
525,1542,403,113,59
526,1536,406,113,59
527,1528,403,115,59
528,1523,405,114,60
529,1517,403,115,59
530,1512,405,115,60
531,1507,403,115,60
532,1502,404,114,61
533,1498,402,115,61
534,1493,405,114,60
535,1490,403,114,60
536,1485,406,114,60
537,1483,405,113,60
538,1479,407,113,60
539,1477,404,112,60
540,1475,408,109,59
541,1471,409,109,59
542,1470,405,107,59
543,1468,409,106,58
544,1465,411,104,58
545,1465,408,102,57
546,1464,411,100,57
547,1462,413,100,56
548,1463,411,99,55
549,1463,414,96,55
550,1463,411,96,54
551,1463,415,95,54
552,1462,417,92,53
553,1463,414,93,53
554,1462,417,91,52
555,1463,415,91,52
556,1462,418,88,51
557,1461,416,88,51
558,1460,420,89,51
559,1461,418,89,50
560,1459,422,88,50
561,1458,423,88,50
562,1458,426,86,49
563,1459,423,87,49
564,1458,428,84,49
565,1459,428,85,49
566,1457,432,84,49
567,1454,438,84,49
568,1450,445,80,51
569,1453,451,77,53
570,1455,457,76,54
571,1456,464,76,55
572,1458,472,76,56
573,1459,480,75,56
574,1460,488,74,58
575,1461,497,75,59
576,1461,512,75,58
577,1462,523,77,59
578,1462,536,78,58
579,1449,557,76,58
580,1453,564,78,57
581,1455,577,81,55
582,1457,591,84,53
583,1458,604,87,52
584,1462,617,90,50
585,1470,622,91,51
586,1396,545,73,55
587,1394,547,70,55
588,1398,543,68,56
589,1395,546,66,56
590,1399,543,64,56
591,1396,546,62,56
592,1401,543,61,56
593,1399,546,58,55
594,1401,547,58,54
595,1406,544,56,54
596,1403,546,55,52
597,1408,544,53,52
598,1404,546,53,51
599,1403,548,53,50
600,1408,545,51,51
601,1404,547,51,49
602,1401,548,51,49
603,1413,533,52,48
604,1425,531,55,46
605,1435,531,58,41
606,1432,534,61,39
607,1429,538,63,38
608,1428,541,64,37
609,1407,538,63,36
610,1406,541,62,35
611,1405,544,61,34
612,1404,546,59,34
613,1402,547,56,35
614,1406,549,53,36
615,1404,552,51,37
616,1406,552,49,39
617,1405,552,48,39
618,1408,549,45,41
619,1410,550,44,41
620,1412,548,44,41
621,1408,549,44,41
622,1409,547,43,41
623,1410,545,43,40
624,1411,544,45,38
625,1412,543,45,37
626,1414,542,47,35
627,1412,545,47,33
628,1414,544,47,32
629,1411,547,46,32
630,1413,550,44,33
