1.0
0.7871698065638453
0.8228539119923574
0.78327008354088
0.7591943259514975
0.7719380572501173
0.7873834692174781
0.7440044833516919
0.7666026191709675
0.7417949713201363
0.7347306977978244
0.7010395405447022
0.7405753263363041
0.6766409765685615
0.6710219042833072
0.684599348270488
0.6401541524069153
0.690080732246619
0.678440263580075
0.6511579263868644
0.7317593980936061
0.6826105930080328
0.7031624186094678
0.678795218958365
0.673606700603841
0.6430466852568139
0.7093818380743983
0.7216786575751564
0.695692538092221
0.6602157654378186
0.6672007998755161
0.6532174748465127
0.6629124413437283
0.661433391380061
0.6710771391639779
0.6702360192682885
0.6555729984301413
0.6599217731421121
0.6177795017961648
0.6291150516850156
0.6505560699640819
0.6526352035511068
0.6627756651377724
0.6501841837938783
0.6761346094473603
0.681055435855525
0.629102473061842
0.639338643846002
0.6289378701335109
0.6284070824446311
0.65087957192826
0.6194812589300741
0.5887363937529578
0.6055478005655177
0.6233964975303098
0.6086757762555447
0.6262544459644322
0.6131692357179149
0.6083638104076317
0.6350809924287244
0.6315505071541951
0.6203866235842622
0.6301679034298806
0.6423578404640325
0.632317024228595
0.6606580019123844
0.6396841412248683
0.6361058453054255
0.6479749057981021
0.6432843183217216
0.6344502277163305
0.6395228796378064
0.6663392982411387
0.6778641479515332
0.7104633194286888
0.6984680522127159
0.7592774282911063
0.7590129865061322
0.7687526249475011
0.7781028541707301
0.780022475484788
0.748208209657569
0.7600278398476135
0.7587238391279354
0.7647297319213117
0.7881840980305
0.7666710336695925
0.7530606731860177
0.7660123306481651
0.7600462929635803
0.7576632423809182
0.7668796703873281
0.7184316615371278
0.7509530073609673
0.7626202029634795
0.7331047539885941
0.7713231630643669
0.7602970845012587
0.7671662600209133
0.7760202304307998
0.7996275679788555
0.8127890896952935
0.7601378213623111
0.757596045920879
0.7443665085219962
0.7964055500928657
0.7620705756787406
0.8068670782043321
0.7931745734108382
0.8008294844000377
0.8392057931810065
0.8183319508896212
0.8347240297022124
0.8258721262724465
0.8408035763217437
0.8983080368250809
0.8368624919302776
0.7998296622154851
0.8450517271893553
0.8180473963953163
0.8147238081472381
0.8084822000256114
0.8293281020107895
0.8009849174359641
0.8236758979158658
0.7730864907857107
0.7905105510421263
0.7757458349476947
0.8018073616927485
0.8599108243311825
0.787262296362516
0.8458583669851275
0.7890001592384862
0.7757133318495437
0.8346343735444807
0.7462083737985242
0.8058159556150756
0.7954047096958718
0.8059263605691653
0.7863176333203581
0.7949408228994332
0.8019118532929106
0.8016946293742373
0.8070192960728696
0.7762382513444721
0.8022297673947195
0.7778808462252013
0.7372163403621833
0.7620461846172495
0.7283734267962403
0.7509727626459144
0.7363337127387947
0.7790191251656883
0.7471066343948506
0.805547313706744
0.7723432636727434
0.7898896756133706
0.7543576500968366
0.7890585123660155
0.6870438054576231
0.7664686303688474
0.7144867931997625
0.7811907117499854
0.7536928340141191
0.7600405939785598
0.8229584762460775
0.7739644138125044
0.7926199793532278
0.7680076605705234
0.823447313328681
0.7865179580405837
0.7260853677224665
0.7985955232302966
0.7351932591975702
0.8118702463758695
0.7842004342912291
0.7961572297374829
0.7799590692033654
0.7933591190038678
0.8102526081660754
0.7358569981717021
0.7493126314087013
0.7721054972304956
0.7287531264967272
0.7176957352005092
0.6810310641110376
0.6485106601328989
0.7136777123587561
0.7170500283544724
0.7063819017757968
0.6937380138414075
0.6852248394004282
0.7189477426235336
0.6525611270038323
0.6659734004706913
0.6959369794166643
0.6850909090909091
0.7028853652196517
0.7414228427149859
0.7075648500713946
0.7002738032149797
0.7452317972991787
0.7416236914430411
0.679559691053944
0.6868174365003249
0.7020872865275142
0.6790674603174603
0.6843876812733964
0.6619770800335414
0.6661220715166462
0.6695671294841993
0.6967047747141897
0.6953163966341126
0.6830137640225953
0.700342633382281
0.6836406204272754
0.6876725678089979
0.6957212349846124
0.6913034468467224
0.6955912981080561
0.6971271069649104
0.6984618058573042
0.7068998421207863
0.7486412560832653
0.7293031303518777
0.7171016737358982
0.7067961165048544
0.6902960002829155
0.6860622462787551
0.7063578451490873
0.7187562216068487
0.7144280409383208
0.7248667524352141
0.7148948684017057
0.6744544055057502
0.6447578732896563
0.6625275240948634
0.6883729466825732
0.6843286441512946
0.7093833780160858
0.7244697012322061
0.7266365688487585
0.7266892151587363
0.7204796163069545
0.7381798305547964
0.7231691001105229
0.6862501456141032
0.6885763266578353
0.6930044702376285
0.7034869835204204
0.6784482932435429
0.6678421020815282
0.6548401226456417
0.6592634814648942
0.6402530882796023
0.6612471701996295
0.6400809716599191
0.687956320233636
0.7065881278935814
0.6972913379018137
0.7017680202059452
0.7038404248429506
0.7019160387513456
0.6997923785630866
0.7318356697474904
0.7294807370184254
0.7372126404046387
0.6729276516780194
0.6713021491782554
0.6696175235501078
0.6619366374765027
0.6822145134070879
0.6889972540479121
0.6876512168508943
0.6791878172588832
0.6885187046743735
0.7293540474243663
0.7181877618228927
0.7209811118944016
0.7209811118944016
0.7209811118944016
0.7352854330708661
0.7381916996047431
0.7269225070380797
0.7203440990039239
0.7170255383074612
0.7192344116034491
0.7380130418105102
0.7194754296050648
0.7127342045198024
0.7192344116034491
0.7234279354479688
0.7483770449233965
0.7457820101438775
0.7554146856840993
0.7535847052575677
0.7160421701144541
0.7240795939740594
0.7215799614643545
0.719327731092437
0.6719954324864402
0.6803484194473881
0.6892017779670491
0.6711263981799962
0.6734244639508655
0.6612557344119004
0.6774749159307761
0.6562745979984257
0.6682027649769585
0.688417236742092
0.6243837099945851
0.6506751436320686
0.6177291566808583
0.6413234068239961
0.6501778756564459
0.6479736502935701
0.6721344969498847
0.682051733756129
0.6770750639498986
0.6738061797752809
0.6599687693350226
0.6425045997488391
0.667990612023831
0.6861693980701485
0.6665307786384019
0.6683191040117507
0.6377475173931141
0.61971543530235
0.6090370413613941
0.6202760673534304
0.6247244511066044
0.5960483941161111
0.5639244259933915
0.5631033566557435
0.5539846889390784
0.5650885820939741
0.5794698998164807
0.5779051276665966
0.5780895778444948
0.5822636386077512
0.5950782299116205
0.5939121411276375
0.5847006377314098
0.5976898734177215
0.5993205563745914
0.592653630399645
0.5792950845582424
0.6403052265253344
0.6403052265253344
0.6654618866204292
0.6101098609313286
0.6004420837319785
0.6004420837319785
0.614762048092037
0.6124271197734467
0.6213073751098492
0.609821548369784
0.6169613465911019
0.6302433612979269
0.6201336732584579
0.5904820261437909
0.595236444321176
0.5970787689097549
0.6120201048016255
0.6116276584375334
0.6218541621854162
0.5841787103946637
0.5706535141800246
0.5957676527747786
0.6194139194139194
0.6242616656822209
0.6275979809976246
0.6097877869207449
0.6335353535353535
0.6131959062205125
0.5997086671522214
0.5437593770093592
0.5409146472999209
0.5447713120034356
0.5512820512820513
0.5621253211532972
0.5946538124452235
0.5839042958129418
0.5492829914685061
0.5279126213592233
0.535539703805627
0.5134744076686562
0.530550424824529
0.5221406238638843
0.5010894802643329
0.5086081120513569
0.49153976311336717
0.4715412940557601
0.5047733540767979
0.540084084947357
0.519697291180423
0.5265712463685963
0.48308904425595345
0.4810233938794261
0.49329564398057546
0.5206097427874995
0.5096525096525096
0.48623853211009177
0.49675009875390524
0.5407184978835787
0.5703139444588249
0.4926433826155275
0.5050687907313541
0.4969010472323146
0.5092541890263936
0.48627889365691823
0.48267898383371827
0.501204105072061
0.45457213072662583
0.4943271470433541
0.5226353606344969
0.5048524844720497
0.4663457922839738
0.47971036355408053
0.4908716697793193
0.513086171569954
0.5162140483556777
0.5168457684806302
0.5329747427502338
0.4967373257654736
0.4548875009406276
0.5161860390392803
0.5026519949335022
0.486454278223564
0.4591538311561708
0.48172942817294284
0.4944389077137732
0.4842055634134842
0.5022941318522096
0.0
0.0
0.0
0.0
0.0
0.0
0.0
0.0
0.0
0.0
0.0
0.0
0.0
0.0
0.0
0.0
0.0
0.0
0.0
0.0
0.0
0.0
0.0
0.0
0.0
0.0
0.0
0.0
0.0
0.4734285981133838
0.4734285981133838
0.5041716328963052
0.5041716328963052
0.5135271229114213
0.5131043315190047
0.5180591025173295
0.5485814486758689
0.5306859205776173
0.466106256987867
0.5278330880443252
0.4769585253456221
0.4622193867379082
0.4542497746776911
0.4456002794705586
0.466252427184466
0.47015977443609025
0.484629294755877
0.44131385778898197
0.42427448076448393
0.42877757163471447
0.389598226828583
0.35761550451430757
0.3364972189168996
0.29858754833109763
0.31698645893239924
0.29202297063470173
0.296931185655879
0.29693071383625813
0.3061243102740663
0.26090769568077177
0.2720524017467249
0.26969344198680634
0.27843111915223573
0.2597085260493935
0.2593947742240971
0.24475011858048382
0.25190839694656486
0.27016525136981817
0.25746755400296273
0.24444058373870745
0.25254761017729177
0.25285555328473786
0.2691389463632023
0.2650129383421076
0.27140476512183037
0.26127555414532433
0.2599887323943662
0.24598375451263538
0.2510612492419648
0.2377196127644317
0.23954833253331503
0.24594743108343256
0.24267685538960287
0.23351484921978677
0.2378254386970983
0.24027809965237543
0.2309881313189737
0.2159801998692444
0.21226306852081325
0.20879573484657804
0.22287630912451228
0.23468806272936565
0.23502949344717575
0.2375704707328956
0.22608533977874873
0.2409689757756056
0.22580645161290322
0.22128016398024783
0.22951126938756383
0.20756424176619617
0.2116066086796447
0.20988027432291062
0.2071981946350883
0.20105377991319082
0.2015918889467949
0.21623907527488018
0.21721261642469783
0.21654383242823894
0.19767665130568357
0.20368404158127362
0.22353868512451658
0.1965666901049875
0.24007744433688286
0.24078838899852614
0.23136746597537264
0.2589560911525441
0.24429022082018928
0.25333740178503317
0.24823093626261336
0.251184955548154
0.23516775777414076
0.24471698602432132
0.2192650220083939
0.22750994677827727
0.2048990830454321
0.20642908493375783
0.19754837402492148
0.19396878314896196
0.21507616195807838
0.2227276292055525
0.21206372306972635
0.20518413961247273
0.22944801363576767
0.21511264080100126
0.2234767167581034
0.2243686969479258
0.22843047884605072
0.22924178012161653
0.22431683168316832
0.22412447312275588
0.21885661118577485
0.21412553164067535
0.23816495851634945
0.23039202968113537
