1,644,1134,689,384
2,638,1136,689,384
3,626,1133,703,391
4,619,1133,703,392
5,628,1142,675,377
6,614,1139,689,384
7,617,1142,676,377
8,599,1139,689,384
9,602,1142,675,376
10,611,1150,649,361
11,580,1138,689,384
12,589,1149,663,369
13,579,1149,663,369
14,577,1150,663,369
15,585,1158,637,355
16,548,1150,662,369
17,557,1156,650,362
18,559,1160,636,355
19,550,1160,636,355
20,539,1163,636,355
21,527,1160,649,362
22,537,1169,624,348
23,524,1168,625,348
24,514,1172,624,348
25,510,1172,624,348
26,506,1174,624,347
27,500,1173,624,348
28,487,1172,624,348
29,483,1175,625,348
30,476,1175,624,347
31,471,1176,624,347
32,462,1175,624,348
33,458,1178,624,348
34,452,1179,624,348
35,447,1181,624,348
36,445,1183,612,341
37,440,1186,612,341
38,430,1183,624,348
39,425,1184,624,347
40,413,1183,624,347
41,410,1183,624,347
42,406,1183,624,348
43,400,1183,624,348
44,391,1181,624,347
45,394,1185,611,341
46,389,1182,612,341
47,380,1178,624,348
48,379,1187,600,334
49,377,1185,600,334
50,373,1183,600,334
51,370,1184,600,334
52,362,1185,600,334
53,357,1185,600,334
54,353,1184,600,334
55,353,1184,600,334
56,348,1184,600,334
57,341,1183,600,334
58,337,1182,600,334
59,334,1182,600,334
60,330,1181,600,335
61,324,1179,600,335
62,320,1179,600,335
63,315,1178,600,334
64,312,1177,600,334
65,309,1176,599,334
66,312,1179,588,328
67,307,1177,588,328
68,306,1178,588,327
69,300,1179,588,328
70,297,1179,588,328
71,295,1180,588,328
72,291,1180,588,328
73,286,1182,576,321
74,286,1180,576,321
75,283,1180,577,321
76,282,1180,577,321
77,273,1179,576,321
78,271,1178,577,321
79,269,1179,577,321
80,267,1178,576,321
81,268,1179,565,315
82,266,1177,566,315
83,260,1177,566,315
84,264,1179,554,309
85,257,1175,566,315
86,249,1175,565,315
87,250,1172,565,315
88,247,1172,565,315
89,238,1171,565,315
90,243,1173,554,309
91,236,1171,565,315
92,230,1170,565,315
93,227,1171,565,315
94,223,1169,565,315
95,219,1170,565,315
96,217,1169,565,315
97,214,1169,565,315
98,213,1168,565,315
99,210,1168,565,315
100,208,1166,565,315
101,203,1166,565,315
102,199,1165,566,315
103,198,1165,565,315
104,195,1164,565,315
105,198,1166,554,309
106,194,1164,554,309
107,191,1164,554,309
108,190,1164,554,309
109,188,1165,554,309
110,187,1161,555,309
111,182,1164,554,308
112,185,1161,554,309
113,181,1162,555,309
114,177,1161,554,308
115,181,1162,544,303
116,180,1160,544,303
117,177,1158,543,303
118,176,1159,543,303
119,173,1158,544,303
120,171,1158,543,303
121,169,1159,543,303
122,167,1158,543,303
123,166,1159,543,303
124,159,1155,554,309
125,157,1156,554,309
126,154,1157,554,308
127,153,1158,554,309
128,153,1158,554,309
129,151,1156,554,308
130,148,1156,554,308
131,147,1156,554,309
132,147,1157,554,308
133,148,1156,555,309
134,142,1151,566,315
135,144,1154,554,309
136,145,1155,554,308
137,141,1154,555,309
138,139,1154,554,309
139,138,1154,554,308
140,141,1156,543,302
141,141,1154,543,303
142,137,1154,544,303
143,136,1153,543,303
144,138,1155,533,297
145,138,1155,533,297
146,136,1156,533,296
147,135,1156,532,297
148,137,1159,522,291
149,135,1159,522,291
150,134,1159,522,291
151,133,1159,522,291
152,131,1159,522,291
153,134,1162,512,285
154,133,1161,512,286
155,131,1160,512,285
156,131,1159,512,286
157,135,1162,502,279
158,134,1163,502,279
159,133,1164,502,280
160,131,1165,502,279
161,130,1165,502,280
162,127,1165,502,280
163,125,1165,502,280
164,124,1166,502,280
165,124,1165,502,280
166,123,1165,501,279
167,122,1164,502,280
168,122,1164,502,280
169,122,1163,502,279
170,119,1161,502,279
171,118,1160,501,279
172,117,1158,502,280
173,114,1156,502,280
174,113,1155,502,280
175,114,1155,501,279
176,117,1156,492,274
177,115,1155,492,274
178,112,1153,492,274
179,112,1152,492,275
180,110,1151,492,274
181,110,1149,492,274
182,109,1148,492,274
183,113,1149,482,269
184,115,1150,473,263
185,113,1150,473,263
186,112,1149,473,263
187,109,1148,473,264
188,108,1148,473,264
189,108,1148,473,264
190,107,1147,473,263
191,111,1148,463,259
192,109,1147,463,259
193,108,1146,464,259
194,107,1146,463,258
195,110,1148,455,253
196,109,1147,455,254
197,109,1147,455,254
198,107,1146,455,253
199,108,1144,454,254
200,107,1143,455,254
201,107,1143,455,254
202,106,1143,454,253
203,105,1142,454,254
204,104,1144,455,253
205,108,1147,446,248
206,106,1147,445,248
207,106,1146,446,248
208,104,1146,446,249
209,104,1147,446,248
210,108,1150,436,243
211,105,1150,437,244
212,105,1150,437,244
213,104,1150,437,244
214,104,1150,436,243
215,107,1152,428,239
216,105,1152,428,239
217,105,1152,428,239
218,105,1152,429,239
219,104,1153,428,239
220,103,1154,429,239
221,104,1154,428,238
222,102,1154,429,239
223,106,1156,420,235
224,102,1155,420,234
225,103,1154,420,234
226,101,1156,420,234
227,102,1159,412,229
228,102,1159,412,229
229,101,1159,412,229
230,102,1159,412,230
231,101,1159,412,230
232,100,1159,412,230
233,103,1162,404,225
234,102,1163,404,225
235,100,1162,404,225
236,100,1161,404,225
237,100,1161,404,225
238,98,1160,404,225
239,102,1160,395,221
240,100,1160,396,220
241,99,1159,396,220
242,99,1158,396,221
243,102,1160,388,216
244,101,1159,388,216
245,100,1159,388,216
246,100,1159,388,216
247,103,1162,381,212
248,101,1161,380,212
249,100,1161,380,212
250,98,1160,381,212
251,98,1160,380,212
252,101,1162,373,208
253,98,1162,373,208
254,98,1163,373,208
255,98,1164,373,208
256,97,1164,373,208
257,100,1167,366,204
258,99,1167,366,204
259,97,1167,366,204
260,97,1166,365,204
261,96,1166,366,204
262,95,1165,366,204
263,99,1167,358,199
264,98,1167,358,200
265,97,1165,358,200
266,97,1165,358,200
267,97,1165,358,200
268,96,1165,359,199
269,100,1166,351,196
270,98,1167,352,196
271,97,1168,352,195
272,96,1168,351,196
273,94,1168,352,196
274,93,1168,352,196
275,98,1171,338,189
276,93,1169,344,192
277,92,1168,345,192
278,91,1168,345,192
279,92,1168,345,192
280,92,1168,344,192
281,91,1168,345,192
282,94,1170,337,188
283,93,1169,338,189
284,92,1169,338,188
285,91,1168,338,188
286,90,1167,338,189
287,93,1169,331,184
288,89,1168,332,185
289,89,1168,331,185
290,88,1168,332,185
291,88,1168,332,185
292,93,1170,325,181
293,92,1168,325,181
294,92,1168,325,181
295,92,1168,324,181
296,94,1168,318,178
297,93,1168,319,177
298,93,1168,318,177
299,92,1168,318,177
300,91,1168,318,178
301,89,1169,318,177
302,89,1169,318,177
303,87,1169,319,178
304,86,1169,318,178
305,85,1170,318,177
306,88,1172,312,174
307,86,1172,313,174
308,88,1171,312,173
309,90,1172,306,170
310,89,1171,305,171
311,88,1171,306,170
312,87,1171,306,170
313,87,1171,306,170
314,86,1171,306,171
315,86,1171,306,171
316,88,1172,300,167
317,88,1171,300,167
318,87,1170,300,167
319,87,1170,300,168
320,87,1169,300,167
321,86,1169,300,167
322,86,1169,300,167
323,88,1171,294,164
324,88,1170,294,164
325,87,1169,294,164
326,88,1168,294,164
327,87,1169,294,163
328,89,1171,288,161
329,87,1172,289,160
330,87,1171,288,161
331,86,1170,288,161
332,84,1170,289,161
333,84,1171,288,160
334,82,1172,288,160
335,84,1174,282,157
336,82,1174,283,157
337,82,1174,283,158
338,81,1175,283,157
339,82,1175,282,157
340,86,1176,277,155
341,89,1176,277,154
342,89,1175,277,155
343,90,1175,277,155
344,89,1175,277,155
345,88,1176,277,154
346,88,1176,277,155
347,88,1177,277,154
348,87,1177,277,155
349,90,1179,271,151
350,89,1177,271,151
351,89,1175,271,152
352,88,1176,272,151
353,90,1177,267,148
354,90,1176,266,148
355,88,1175,267,148
356,87,1175,266,148
357,86,1176,266,148
358,86,1176,266,148
359,86,1176,266,149
360,86,1176,266,149
361,84,1177,266,149
362,83,1177,267,149
363,85,1178,261,146
364,84,1178,261,146
365,83,1178,261,145
366,82,1177,261,146
367,81,1178,261,145
368,80,1178,261,146
369,79,1177,261,146
370,79,1176,261,145
371,78,1175,261,146
372,78,1175,261,145
373,79,1175,256,143
374,75,1173,261,146
375,76,1174,256,143
376,75,1174,256,143
377,72,1174,256,143
378,71,1175,256,143
379,71,1175,256,142
380,72,1177,251,140
381,70,1175,251,140
382,68,1174,251,140
383,67,1174,251,140
384,66,1175,251,140
385,66,1177,246,137
386,65,1178,246,137
387,64,1178,246,137
388,63,1177,246,137
389,59,1177,251,140
390,57,1177,251,140
391,58,1178,246,137
392,57,1178,246,137
393,55,1178,246,138
394,54,1178,246,137
395,52,1178,246,138
396,52,1178,246,137
397,49,1177,246,138
398,48,1179,246,137
399,46,1179,246,137
400,47,1181,241,134
401,44,1180,242,135
402,42,1181,241,135
403,40,1182,242,135
404,39,1182,241,135
405,37,1182,241,135
406,36,1181,241,135
407,35,1181,241,134
408,33,1180,242,135
409,30,1181,242,134
410,29,1181,241,134
411,27,1181,241,135
412,28,1183,236,131
413,24,1183,237,132
414,23,1184,236,132
415,21,1184,236,132
416,20,1183,236,132
417,16,1184,237,132
418,16,1185,232,129
419,13,1183,237,132
420,11,1183,237,132
421,7,1182,236,132
422,5,1182,236,132
423,5,1183,232,129
424,4,1183,231,129
425,0,1182,232,129
426,-2,1183,231,129
427,-4,1184,231,129
428,-6,1185,230,129
429,-12,1186,231,129
430,-12,1186,230,129
431,-14,1185,231,130
432,-15,1184,231,130
433,-19,1184,231,129
434,-21,1184,231,129
435,-21,1184,231,129
436,-23,1185,231,129
437,-24,1185,231,129
438,-27,1186,231,129
439,-29,1186,231,129
440,-28,1187,226,127
441,-30,1188,227,127
442,-34,1187,230,129
443,-35,1188,227,127
444,-36,1189,227,127
445,-36,1189,226,127
446,-40,1187,231,129
447,-40,1187,226,127
448,-41,1188,226,127
449,-42,1189,226,127
450,-42,1188,226,127
451,-42,1187,226,127
452,-44,1187,227,127
453,-44,1187,226,127
454,-45,1186,226,127
455,-48,1186,226,127
456,-47,1186,222,125
457,-50,1187,222,124
458,-52,1187,222,124
459,-53,1186,222,124
460,-55,1187,222,124
461,-57,1188,222,124
462,-60,1189,222,124
463,-60,1187,222,125
464,-62,1187,222,124
465,-65,1185,222,124
466,-69,1181,222,124
467,-72,1180,222,124
468,-74,1178,222,124
469,-76,1175,222,124
470,-81,1170,227,126
471,-81,1170,222,124
472,-84,1167,222,124
473,-87,1165,222,125
474,-95,1162,221,124
475,-98,1161,222,124
476,-100,1159,222,124
477,-103,1157,222,124
478,-111,1150,222,124
479,-111,1147,222,125
480,-111,1143,222,124
481,-111,1139,222,124
482,-113,1131,226,127
483,-111,1128,222,124
484,-113,1125,226,127
485,-113,1121,226,127
486,-113,1114,226,127
487,-113,1109,226,127
488,-111,1107,222,124
489,-111,1104,222,125
490,-109,1097,218,121
491,-109,1093,218,122
492,-109,1090,218,122
493,-109,1086,218,122
494,-109,1079,218,122
495,-109,1076,218,122
496,-109,1080,218,122
497,-107,1074,214,120
498,-100,1074,214,120
499,-100,1072,213,120
500,-94,1070,213,119
501,-103,1066,209,117
502,-104,1063,208,118
503,-102,1061,204,115
504,-100,1064,200,112
505,-102,1061,204,115
506,-96,1140,205,115
507,-94,1140,205,115
508,-98,1143,205,115
509,-95,1145,201,112
510,-93,1182,201,112
511,-95,1183,201,112
512,-96,1183,201,113
513,-97,1184,201,112
514,-98,1184,201,112
515,-98,1188,197,111
516,-97,1191,194,109
517,-95,1192,190,106
518,-95,1194,190,106
519,-93,1198,186,104
520,-90,1199,182,102
521,-86,1207,182,102
522,-85,1213,179,100
523,-84,1212,178,100
524,-84,1210,178,100
525,-85,1211,179,100
526,-86,1212,178,100
527,-86,1219,178,100
528,-87,1218,178,100
529,-88,1219,178,100
530,-89,1219,178,100
531,-89,1225,178,100
532,-89,1227,178,100
533,-89,1230,178,100
534,-87,1232,174,98
535,-87,1237,174,98
536,-86,1238,172,96
537,-86,1240,172,96
538,-86,1243,172,96
539,-87,1246,174,98
540,-87,1247,174,98
541,-89,1248,178,100
542,-89,1249,178,100
543,-91,1252,182,102
544,-89,1253,179,100
545,-84,1256,175,98
546,-79,1259,171,96
547,-77,1262,175,98
548,-77,1263,175,98
549,-75,1264,175,98
550,-75,1265,178,100
551,-71,1267,181,102
552,-71,1268,182,101
553,-66,1269,182,102
554,-62,1270,178,100
555,-52,1272,179,100
556,-48,1274,178,100
557,-44,1274,182,102
558,-43,1274,182,102
559,-34,1276,178,100
560,-30,1277,178,100
561,-27,1278,178,100
562,-25,1278,178,100
563,-23,1277,182,102
564,-21,1276,182,102
565,-18,1278,182,102
566,-15,1278,181,102
567,-9,1277,182,102
568,-7,1279,182,102
569,-4,1278,182,102
570,0,1277,183,102
571,7,1276,183,102
572,9,1275,183,102
573,12,1273,183,102
574,15,1272,183,102
575,20,1270,182,102
576,21,1268,183,102
577,25,1267,179,100
578,29,1261,180,100
