1.0
0.9612215055713622
0.9407616361071932
0.9136897459653646
0.9034293103134277
0.88868425986171
0.8764407695791273
0.8871125539200427
0.8749185379916715
0.8660463443687771
0.8518535040371147
0.8281153591261227
0.8383677938460709
0.8060486546395383
0.8058846228053251
0.826561519700514
0.8158013320049113
0.8402404571234361
0.8532165091076781
0.8531273133389531
0.8914235446843399
0.8887296916975822
0.875034973928526
0.875150954994703
0.849509574161589
0.853209230172581
0.8440751908078666
0.8475918540922641
0.8274103831891224
0.8278198554609892
0.8085447333164039
0.7936507936507936
0.7789663152481358
0.8213508581054996
0.8151782164809289
0.7913065453626484
0.7740890417821716
0.8002555747236598
0.7805621387709055
0.7614792462895892
0.7614131748505889
0.775976988776141
0.76049982933875
0.7509784735812133
0.7731974759491052
0.7635590459370016
0.7987952711743898
0.766743648960739
0.7561323621374529
0.7430897793014785
0.7450113682261483
0.7270680043568379
0.7372220217107638
0.7416544506503869
0.7237187050921229
0.7525497597319164
0.7365597906558766
0.7308864526007135
0.7308864526007135
0.7319176021293832
0.7359329108053795
0.7245584648388139
0.7254505485897254
0.7176506473259676
0.7306674290108092
0.7086141428599829
0.7179506368711739
0.7414311150678834
0.7204662139574799
0.7121258407418721
0.7215834667442876
0.7203214922564244
0.7643388126897707
0.7301826059725552
0.7332691406072767
0.7186358629485767
0.7378891458486874
0.7415654864284479
0.7391229229127496
0.7345365128033879
0.7413500617578171
0.7413263534627814
0.7547820464464681
0.7508567139173856
0.7407441458006597
0.7270368782161235
0.7247879047964877
0.7285707203410837
0.7049763419807472
0.7195151699127804
0.7075377750025569
0.699906219018783
0.6796045929196027
0.6692032866996321
0.6950615695335709
0.7223891875182469
0.7114943771011212
0.7324204820995578
0.7212679084825203
0.7245468894907843
0.7264833574529667
0.7376665156031583
0.739836730048121
0.7025000932406729
0.6979217013049782
0.7075715086932137
0.6996594651928767
0.7049917505095273
0.6918557991717762
0.6977250103828126
0.7050560862763372
0.7050560862763372
0.7096172428602104
0.7043681276290278
0.7119771272297843
0.7147837635925957
0.7339088378370778
0.7309884063666732
0.7268275271273558
0.7294656752550579
0.7212310692978431
0.7152637133810651
0.7018143133182322
0.7257618140697536
0.716516205416605
0.7008391925606714
0.7006773984279528
0.6928600471035895
0.6893996233290971
0.745248921534336
0.736583215387828
0.7306896125563863
0.7141544622874868
0.7118327762778496
0.7049895510776881
0.677860696517413
0.6764636024425937
0.6712775545744795
0.6380762180127278
0.6380762180127278
0.6380762180127278
0.6380762180127278
0.6380762180127278
0.6380762180127278
0.6244774784844082
0.6244774784844082
0.6244774784844082
0.6244774784844082
0.6074925119585141
0.6221558085437432
0.6161363009289065
0.6061308979745454
0.6083832519986739
0.6094951110017834
0.6154119510216695
0.6105067841818392
0.618470305603665
0.617440359516183
0.5788406776388821
0.5788406776388821
0.5968901521484702
0.5981853369190941
0.5992144751418309
0.5968616214676485
0.5978884823256907
0.5752606122267709
0.5780640376616257
0.5768364490491972
0.6018161066165363
0.5774038306256258
0.5486089327510074
0.5507040434052448
0.5486089327510074
0.5327499678291082
0.5327499678291082
0.5327499678291082
0.5327499678291082
0.5504421524213905
0.5316756145803899
0.5113152011323243
0.48219268408398264
0.4976971283316135
0.4957672797773748
0.4741468631972994
0.4741468631972994
0.4683004145330407
0.46912158566480844
0.46912158566480844
0.47015930193925193
0.4542208753505059
0.45501731613060814
0.45501731613060814
0.4532184067843737
0.4654157179869671
0.46460107633627673
0.46357569859585707
0.4664451827242525
0.4654157179869671
0.4654157179869671
0.43531071232662016
0.4370383320949342
0.45391815945015934
0.4480775491011683
0.44327236423229793
0.4451043627112553
0.44327236423229793
0.4451043627112553
0.44327236423229793
0.4365194200924901
0.4347228239371621
0.4551442601613189
0.45323147620824417
0.4433560268403781
0.4433560268403781
0.446271864954939
0.44522704021405524
0.446271864954939
0.446271864954939
0.4208891159938682
0.4208891159938682
0.4208891159938682
0.45303041546958983
0.44514282794215343
0.44514282794215343
0.4628832562835432
0.4637803073056978
0.43804392871943637
0.43697594793135247
0.45561855499187637
0.4567544209546603
0.44792219274977896
0.44792219274977896
0.44792219274977896
0.44792219274977896
0.4243458223472847
0.4232907139936568
0.4232907139936568
0.4243458223472847
0.4243458223472847
0.45245393490614777
0.45245393490614777
0.45567644440333455
0.44617483495774224
0.44617483495774224
0.46271627438519924
0.46057358364463113
0.44233167082294267
0.44028354575397394
0.44233167082294267
0.44233167082294267
0.42917726887192537
0.42917726887192537
0.42917726887192537
0.4166510757717493
0.4327128589748572
0.4327128589748572
0.4327128589748572
0.42433584187142986
0.42433584187142986
0.42433584187142986
0.42433584187142986
0.4351182611849434
0.4534679661977915
0.45446182152713893
0.4534679661977915
0.4522226111305565
0.44441889094820003
0.42404930022319864
0.42286210227193194
0.42404930022319864
0.4138741916519694
0.4138741916519694
0.41596443594108296
0.4247019820836566
0.4386246084359292
0.4398807697365537
0.42665616251424393
0.4603381803831092
0.4603381803831092
0.46168366570254227
0.4603381803831092
0.4603381803831092
0.4603381803831092
0.46168366570254227
0.44138538125303545
0.4426753531417438
0.4426753531417438
0.4577679836297812
0.46158974033394706
0.4602164830991265
0.4602164830991265
0.4560559546792417
0.4386739322353801
0.45498318677675514
0.4574167539599403
0.4560559546792417
0.4498308536144776
0.45228935158430067
0.44846837701992504
0.4683674167293619
0.4683674167293619
0.4683674167293619
0.4683674167293619
0.4393531459537324
0.4552805075258117
0.4578679295862747
0.43799364037337163
0.4024817543199959
0.4207404230989137
0.40373075472345094
0.4093832630601015
0.4070705276248001
0.40809275321020855
0.4057873485868102
0.4113980094215988
0.4113980094215988
0.4126989766913019
0.41504377345006255
0.4304083598903135
0.4304083598903135
0.4298445519055824
0.4298445519055824
0.4284632574288511
0.4298445519055824
0.42610175391100885
0.42610175391100885
0.42359522482169976
0.44253208282288675
0.4413620430645969
0.42359522482169976
0.44253208282288675
0.44104134762633995
0.43956220504066673
0.41678212155894223
0.41678212155894223
0.41818438230316707
0.43316847179615603
0.41678212155894223
0.4011403790555734
0.41691010767047826
0.41691010767047826
0.4175239446612274
0.4175239446612274
0.4175239446612274
0.41609998544305116
0.4175239446612274
0.43700176906108723
0.46853359383479865
0.4698391275007075
0.4504622962452779
0.4133202314663173
0.410737148189137
0.410737148189137
0.4133202314663173
0.40930715336043594
0.40930715336043594
0.40620592383638926
0.40479176577433723
0.40479176577433723
0.42283107085582633
0.3997289972899729
0.39830775462442053
0.3997289972899729
0.402291013227874
0.39830775462442053
0.402291013227874
0.39830775462442053
0.3804959272760002
0.3843007136039271
0.3804959272760002
0.3818534911028814
0.36684311003123915
0.38566345569730104
0.4025818140640924
0.4166998757589254
0.3927383395852502
0.3744182766887604
0.3757784487639177
0.3606928563342013
0.37198767046515974
0.4066008766789339
0.4092582106455266
0.4066008766789339
0.38496921661595074
0.3987587656070565
0.3999313843213174
0.37942491388366356
0.3805405140518952
0.3971208673195428
0.3971208673195428
0.39473280490923035
0.39473280490923035
0.39324468898058995
0.3920662332385209
0.40294110177024867
0.40568184723962464
0.40568184723962464
0.381244221371021
0.381244221371021
0.3838910464435814
0.37405140139633714
0.37405140139633714
0.39333404266638294
0.3906221106855105
0.41453616749580996
0.4116776750330251
0.397173424910844
0.399930840027664
0.397173424910844
0.397173424910844
0.4164704578820531
0.39993352905334295
0.39868577266075816
0.3744328649599912
0.37708731411481267
0.37708731411481267
0.3744328649599912
0.3628839332361756
0.3628839332361756
0.3628839332361756
0.3649462424725713
0.0
0.0
0.0
0.0
0.0
0.0
0.0
0.0
0.0
0.0
0.0
0.0
0.0
0.0
0.0
0.0
0.0
0.0
0.0
0.0
0.0
0.0
0.0
0.0
0.0
0.0
0.0
0.0
0.0
0.0
0.0
0.0
0.0
0.0
0.0
0.0
0.0
0.0
0.0
0.0
0.0
0.0
0.33966562803631856
0.3384974958263773
0.36572226656025536
0.370178391114103
0.377797731883335
0.377797731883335
0.3807480895562408
0.40904519243663673
0.4058747213998204
0.40557440298011044
0.4244048447723792
0.40484755352215973
0.38551331936545946
0.4016353683043448
0.41662130284884774
0.42120404153802976
0.4024402507290584
0.4337626174730247
0.4801091157081155
0.4562540505508749
0.4505441186663894
0.4525359417969158
0.5002818595212146
0.4832819023416228
0.44947735191637633
0.44947735191637633
0.47537557667284414
0.45504642560579756
0.5046230173645042
0.5069475909983386
0.5209142576767387
0.5001177671351181
0.5032114912997782
0.49211968935587025
0.4865328810234193
0.5062901762826832
0.4631578947368421
0.4571206225680934
0.5115290269828291
0.45911528150134046
0.4603372891942536
0.4874718986306969
0.4571956477109423
0.5025876940770557
0.5344357313331061
0.5111932635037996
0.4841889117043121
0.49673444239063463
0.47607704628526837
0.48073410085390206
0.4473684210526316
0.4851635357636875
0.4464014451697664
0.46723389626573847
0.46151880403765067
0.4784310276592938
0.47434596550050734
0.44533654489495517
0.3937510641920654
0.408785575393318
0.408785575393318
0.4376657824933687
0.46164193157871136
0.4527167425615633
0.4567961814694205
0.4567961814694205
0.4534589238903452
0.41306198910081743
0.4331215850028875
0.44985304922850844
0.44985304922850844
0.42218345422826187
0.4182534167245773
0.4182534167245773
0.41028239738333255
0.4209613717368269
0.45384615384615384
0.41374837872892345
0.41374837872892345
0.42230312320367885
0.4026774535298083
0.43168234258444144
0.4277581378265461
0.453980906478821
0.446642880311385
0.446642880311385
0.5001205109664979
0.448563484708063
0.4617416693701627
0.4617416693701627
0.46815012892751406
0.4606081048523105
0.4429359158519068
0.4594133868137378
0.4245077600185314
0.4134277320233107
0.3987670968984781
0.3987670968984781
0.3987670968984781
0.39410277207882055
0.41616492461827465
0.41616492461827465
0.39690796127727207
0.42756660403719227
0.442621315645105
0.4061461393959829
0.42044377960608326
0.4082414949688548
0.4082414949688548
0.42723936117448663
0.41274556780067084
0.4057110003832886
0.39797824941311744
0.46246695595790316
0.4428265097491647
