1.0
0.855036855036855
0.902242863615768
0.8134104303347047
0.8438112815780366
0.8281267749630807
0.8061564059900166
0.8925056775170326
0.7914049586776859
0.8353105373342637
0.9027149321266968
0.9694564694564695
0.8704720087815587
0.9017179830432842
0.9158169046000453
0.9655172413793104
0.8416677007072838
0.8533966033966034
0.8240385804377396
0.8120901395016097
0.9898077667397756
0.9429695181907571
0.9485342019543974
0.9046457905544147
0.8604738623542685
0.9235792019347038
0.867754908918855
0.8665533917135015
0.7573911940109124
0.7573911940109124
0.9176746000780336
0.9237398798641943
0.8916201117318435
0.9515501443454248
0.8961727927245169
0.866542880352791
0.8590628405375953
0.9623265036351619
0.8568013387520917
0.8624714234147516
0.8304048042704626
0.8827920865994774
0.8597948216902784
0.9597840755735493
0.9427723039546497
0.7689032109563816
0.7990803423170264
0.8030551009274414
0.8703543647363872
0.8852191385156348
1.0
0.9056320400500626
0.9162025644346588
0.9078014184397163
0.8725863977370557
0.8970327162059346
0.9679910325071616
0.9091683915743334
0.8500459981600736
0.858670653173873
0.9003966005665722
0.8653248993674526
0.8664
0.8692098092643051
0.8625269610625497
0.8569817279494699
0.9383518819557334
0.9009458077709611
0.7736019923024677
0.7744161969400667
0.8606139623088775
0.8912114014251782
0.8141184817311103
0.8535031847133758
0.847769028871391
0.8602713639609617
0.8788516272738522
0.8266794166865886
0.8981643356643356
0.8701690171170201
0.8020992783730593
0.7977748691099477
0.7874417091421755
0.9386549340037712
0.9386549340037712
0.8188465620945866
0.7847870400171656
0.9157826369344014
0.8762497222839369
0.9466666666666667
0.9133333333333333
0.8634361233480177
0.8229144442073821
0.8614036917301074
0.8768656716417911
0.8439587128111719
0.8118088097469541
0.8260399252630544
0.8828645984343287
0.8990256864481843
0.7544888237449615
0.8595793064241046
0.8664292074799644
0.6744186046511628
0.6744948115783724
0.724709784411277
0.7905308464849354
0.8482732591054916
0.7522487119028906
0.757012653747456
0.8283307003686151
0.8669749244175707
0.750484183344093
0.8287760416666666
0.825957235206365
0.7958689566467428
0.8703374777975134
0.7895100069013112
0.8660968660968661
0.8505011370336056
0.8988296488946684
0.8718968947322896
0.8266610948600084
0.6780603544153629
0.6741139655046939
0.5524456704568391
0.7214679994032522
0.7214799588900308
0.8499333777481679
0.8221119205828197
0.8633838762948506
0.7278207850928273
0.9125640845564997
0.8535402521823472
0.8434305828200095
0.9065576815901913
0.8489287676249772
0.8301864101022249
0.8267441860465117
0.8267441860465117
0.761976832178823
0.6511976047904192
0.6837015168482133
0.7617107942973523
0.7795463158464621
0.8025981637038484
0.7005172254548813
0.773274126090773
0.7177125311840338
0.7247008671220269
0.7255067149016304
0.6515278554127073
0.62537517053206
0.7290462761777079
0.7290462761777079
0.867579908675799
0.8461417322834646
0.7572806263725771
0.7732782736112961
0.7750675145918634
0.7285056294779939
0.8071206650432446
0.7019163627899759
0.7091949295142654
0.7178652535957608
0.7671665351223362
0.7966191230850502
0.799895036737142
0.7544910179640718
0.765385011854448
0.7475385597634329
0.7356202243537636
0.7437088410269462
0.7452791396489008
0.7480867346938775
0.7680869316557049
0.7266284918852226
0.7864979470956451
0.75440945340241
0.7476417840922325
0.7432479224376731
0.7146340755363312
0.6664355432289722
0.7053963838664812
0.7053963838664812
0.6557194469345068
0.7413960946000114
0.7432958596106389
0.7457142857142857
0.757629645126703
0.7136340598073999
0.6409635153254452
0.5635883905013193
0.6473889811862961
0.6473889811862961
0.5814356435643564
0.5546336023588561
0.4871694207502052
0.5090599713990913
0.5166285859355166
0.5453348932436385
0.5646426445354904
0.5126411410136684
0.5166015281152072
0.5106943420082183
0.5009453497794184
0.3980072887759537
0.4260429024914227
0.4627585656097756
0.4592389572311811
0.48943540575593897
0.5036970243462578
0.5045473479589003
0.45464180439174645
0.46987951807228917
0.4867090977162112
0.4628613245517746
0.5472341223928203
0.5382464119979102
0.5382464119979102
0.5296777585818373
0.4914385245325954
0.550475893275082
0.44957277441028265
0.44544489214074795
0.5215151840326215
0.42276995967173353
0.5312826822516149
0.41937279643718683
0.41915440857729097
0.49454599056603776
0.47402559963099633
0.3832414010210646
0.43710840524884736
0.4850679014263961
0.4609795397196972
0.4843815660456647
0.4872174991680029
0.39470115344285217
0.40320612614128837
0.426221403209133
0.42810288803182606
0.4159569699686239
0.43805821912914245
0.4319376936414542
0.3299805538791658
0.33833908787109834
0.42030276046304543
0.32242833957050687
0.3194070080862534
0.42466142061489304
0.31527066468417864
0.39367677740330603
0.42401878564240186
0.41605819151003637
0.39151965335809347
0.30279361985169184
0.3898522621057184
0.30926629256304783
0.30926629256304783
0.4222761149887614
0.34650161916644473
0.372143618280843
0.4435044941374055
0.44786250272441386
0.3616292348686715
0.40029807165886006
0.4174159090528572
0.3308458103907988
0.33315660947239895
0.43573767590052215
0.3634102064143078
0.4463471748029244
0.361155780613816
0.36593656912563516
0.4405137449301487
0.461917977181622
0.4122167722461624
0.43369869353922536
0.43263378803777547
0.4827539533939408
0.5800501347963866
0.5412625929761793
0.5001241619071269
0.5015065116163251
0.5170413343002176
0.45700438963741086
0.4930245157794934
0.5103446375933222
0.5149364581614128
0.5241263108967841
0.4531059683313033
0.5616011952935317
0.4820250113002863
0.4854775562232541
0.6265574812043345
0.5969372023707561
0.605700195808253
0.49564143043448416
0.4940307187083091
0.5642508143322476
0.5632841554620132
0.6443294369590434
0.5529265255292652
0.5521370670596905
0.48869878433138225
0.49593184646309946
0.5848429951690821
0.6358709677419355
0.6358709677419355
0.5505880017863345
0.5789731051344743
0.5014665722666127
0.4400178385610227
0.5625704017593735
0.7401239349341595
0.6613052320207062
0.5762651461154669
0.6287557720285913
0.6317528918266175
0.6824901668249017
0.6577181208053692
0.5596173556542535
0.4832374528863321
0.4856312123875854
0.566289825282631
0.4796116504854369
0.6291957648118945
0.5991593427588843
0.6024744486282948
0.5195961995249406
0.6289156626506024
0.5365283459964932
0.4832987054498961
0.4859392575928009
0.5909709001903726
0.48746446110105973
0.673219133202284
0.5638609901342103
0.5714800468426268
0.5344357463277333
0.558083592262203
0.6772844913398367
0.6663340650568749
0.670549251932925
0.6333921344816852
0.6782321767823217
0.6849056603773584
0.6336992647799375
0.6270704196727975
0.6891809290953546
0.6895468820098699
0.6021686746987952
0.6411673667919523
0.6491548652352672
0.6740157480314961
0.6148843930635838
0.6671888179298711
0.5556389097274319
0.5343915343915344
0.5418013856812933
0.7142506745155752
0.6377972465581977
0.6348547717842323
0.6392870980240217
0.5661241098677517
0.574468085106383
0.5682263939478845
0.5114721390907795
0.519617779064717
0.4678504940569956
0.46078431372549017
0.5170915411355735
0.4773550724637681
0.4773550724637681
0.4946034725480995
0.5043062200956938
0.557372039724981
0.5660469667318982
0.5727155727155727
0.48129115143728923
0.4992503748125937
0.5251156115452081
0.5806343906510851
0.5597038944319279
0.5679748302699122
0.6178321678321679
0.589983305509182
0.561822125813449
0.5384615384615384
0.5115644073241247
0.40917340372875766
0.4197698036560596
0.5961571750043275
0.5842239185750636
0.5842239185750636
0.6167706167706167
0.6025917926565875
0.5520777118186724
0.5520777118186724
0.5207873748515187
0.5357328257483994
0.5565342441128888
0.5357328257483994
0.5838204789741656
0.5148711169861203
0.4144361940942842
0.4169357732328669
0.4742231004131489
0.4468772433596554
0.4548776032151991
0.5014378145219267
0.3965584669534611
0.5022607385079125
0.5626347774946089
0.6245338567222768
0.633954857703631
0.5607858393308695
0.5054671014770765
0.5248776508972267
0.5057096247960848
0.5226426190942952
0.5124223602484472
0.4632183908045977
0.4632183908045977
0.5434228582630857
0.5116643795334248
0.44538137217324647
0.5378648703817106
0.5378648703817106
0.5378648703817106
0.38676844783715014
0.3904945407835581
0.43711083437110837
0.44703884525578436
0.571583514099783
0.5139914931721513
0.5139914931721513
0.5089780536466415
0.49740034662045063
0.6035056578655424
0.5268111184066535
0.5521628498727735
0.540681275764808
0.5460122699386503
0.35978358881875566
0.35978358881875566
0.45933014354066987
0.501241815308196
0.501241815308196
0.45519630484988455
0.441407867494824
0.5643115942028986
0.4869015356820235
0.4869015356820235
0.5525943396226415
0.5355371900826447
0.5338683030446071
0.5582428430404739
0.5582428430404739
0.46748768472906405
0.4461011977511611
0.5797833935018051
0.625748502994012
0.625748502994012
0.5336980850534693
0.6431372549019608
0.6387785501489573
0.6890459363957597
0.548904449966117
0.5802064971040041
0.49019607843137253
0.5938949938949939
0.4671067607557478
0.47743136342484876
0.5149198520345253
0.4742990654205608
0.594925634295713
0.49522922969513616
0.49522922969513616
0.4249357926686902
0.4973348783314021
0.5304990757855823
0.47498852684717763
0.47498852684717763
0.6045170591061989
0.5408320493066255
0.6062717770034843
0.4947083435884814
0.4815365551425031
0.525974025974026
0.49290220820189273
0.5678534571723426
0.3599294688119903
0.3459579180509413
0.40132632060370454
