1.0
0.7914823008849557
0.9196934355214929
0.7528301886792453
0.7836575875486381
0.775858200583352
0.7420413521496554
0.868020304568528
0.9255154639175258
0.8473336479471448
0.9357142857142857
0.9716312056737588
0.834874651810585
0.9226062322946176
0.86977971546581
0.942390369733448
0.8790789473684211
0.8790789473684211
0.788775123246113
0.8186608405089321
1.0
0.9387121799844841
0.9454397394136808
0.8231786362457869
0.8380262805041566
0.9779794313369631
0.7845094664371772
0.9354471775913551
0.7516339869281046
0.735615909383447
0.9045564842275546
0.9422028353326063
0.9269662921348315
0.8728374794797323
0.905393457117595
0.7492468134414833
0.8690003608805486
0.8906624102154829
0.8268190018039687
0.8710143183732403
0.7762836185819071
0.8989547038327527
0.7823593997804075
0.8995346290719957
0.884783798576902
0.7936359382311652
0.8215364412344057
0.8308047969946539
0.8853454821564161
0.9749113716934824
0.9710144927536232
0.8036671032265746
0.8533132907428285
0.843961661341853
0.843961661341853
0.8679418315210271
0.9106186978712809
0.8634538152610441
0.7943001608825557
0.7320854386770785
0.8719806763285024
0.8382084095063985
0.85978745286253
0.8168627899006055
0.746525783852073
0.8041119360365505
0.9485389190587018
0.9418068366793272
0.7224432483032998
0.7651869158878505
0.7910628019323671
0.8873720136518771
0.8687002652519894
0.8138826334613856
0.8138826334613856
0.7772558714462299
0.928858886148254
0.7947275922671353
0.8398699891657638
0.8237115682371157
0.7655923950846278
0.7693092888737666
0.7729426971133132
0.9410718821437642
0.9382135661517798
0.8031882280809319
0.7877505567928731
0.8471984602224123
0.8307033363390441
0.922816519972918
0.9234007718395509
0.8964901844140393
0.7882772453755293
0.811336717428088
0.8283324621014114
0.7823751740600756
0.7236632643505946
0.7595085995085995
0.745872641509434
0.7650874778848044
0.7315089465122955
0.7828769764751253
0.7834855021571185
0.6459627329192547
0.6666056221957696
0.7403294117647059
0.8260869565217391
0.7794963689521833
0.7478366055643435
0.758789860997547
0.7454969083251187
0.7382760160786065
0.6989302088639837
0.7414720282526688
0.7621483375959079
0.6848072562358276
0.771408516612073
0.757396449704142
0.8188782248833318
0.8188782248833318
0.8581579666575567
0.8783613066233532
0.8594594594594595
0.6527502666463507
0.6367763904653803
0.554530382757875
0.7063085768291723
0.7074206018343061
0.8485564304461942
0.8485564304461942
0.8449119373776908
0.7398895027624309
0.858060180691406
0.8335250970803969
0.8335250970803969
0.875161827260958
0.8200694225307668
0.7685597401034773
0.7513175026350053
0.7743768328445748
0.7676767676767676
0.6630014697076915
0.69400362125892
0.7863977539677992
0.7423526060951295
0.8005765468959127
0.6786751888436955
0.7447680920176794
0.7164224051395303
0.6890706612791958
0.7161680359634165
0.6418545507898469
0.6230780494948016
0.7454041803072274
0.7289382643862983
0.8124835534971844
0.8461538461538461
0.7557089211407693
0.7556323427781617
0.7670250896057348
0.7054242749731472
0.7877561676021407
0.6817513478189838
0.6996031746031746
0.7160048134777377
0.7494095610391726
0.7571903737037762
0.7995697382574399
0.7671368021046477
0.7366101101976561
0.71965358290264
0.7129032258064516
0.7343639486713145
0.7331492277794824
0.7481942215088283
0.7691600871222434
0.7135872886534936
0.7693605059732959
0.6689895470383276
0.6747475950799654
0.6573146877645754
0.653174672109789
0.634996993385448
0.635670469529324
0.6200359441127021
0.641563529011014
0.6587763700734413
0.6260583641594739
0.669824727617243
0.6265193370165746
0.5969457529250873
0.5985065769953516
0.5250456867063399
0.5655381035485747
0.5794470818207205
0.5120620272633419
0.47512799682605655
0.4560928576726248
0.4851104707012488
0.4837161467260884
0.5048065072713828
0.48377664758731903
0.4875152846940403
0.4840649428743235
0.49673060156931126
0.4985507246376812
0.38554736714934157
0.4072004457262716
0.43474744860825826
0.4595082263011991
0.45325236790864987
0.49565104984210817
0.4887758965759723
0.453156098947967
0.4410480349344978
0.41596477794793263
0.4278960576378208
0.44409768025481805
0.4319254716833174
0.4353267773961323
0.43731454005934717
0.39762379672188014
0.4505564387917329
0.416143216080402
0.3958006701712318
0.4220898330328447
0.38570479526512863
0.43052837573385516
0.38681422828230333
0.38459784789348894
0.42430651340996167
0.39318889999412077
0.348064640576107
0.39547675383338965
0.41864893651357193
0.408457671746589
0.42650826547430604
0.41830914065760794
0.3511008111239861
0.35387177352206495
0.37017648349581517
0.37910352528313923
0.37042925278219396
0.3939993405868777
0.38802800047864067
0.2938944705965011
0.2980838305795423
0.360077354123523
0.2749111463195307
0.2825835392945412
0.36495748191394844
0.2695694571673414
0.3492157999467277
0.3693696364256177
0.36729647568762636
0.3512607237730262
0.2688039457459926
0.3537892070913696
0.29662968390203054
0.2927058332463738
0.39970126960418223
0.336458040976705
0.3596285689490584
0.43224768181469847
0.40309840181250384
0.33500108766586906
0.3478760045924225
0.38069428742435324
0.2904292507794539
0.2898953590542376
0.3668175765645806
0.2869653869937994
0.39168198363787077
0.32018609818762583
0.31420524555535995
0.34364454443194603
0.3831999168312714
0.32858646646408074
0.3524023181903159
0.35703139629236624
0.41044425028563747
0.4948181646881477
0.42664771958316416
0.42795483918164307
0.42755344418052255
0.42175849595196496
0.3625518419126616
0.4229647663126354
0.43004402448190704
0.439925709447464
0.4575870028927914
0.403921346404488
0.4882758620689655
0.40919780506924486
0.42427340441069084
0.5400550140931164
0.5577129084092126
0.5375205340603264
0.40196643607481425
0.41103804902962204
0.48783126014061656
0.4550925400249801
0.5263326781918094
0.42310410235429763
0.46814814814814815
0.4001090852423251
0.4086629001883239
0.5051636618239104
0.4924371958437459
0.4932097434791981
0.39987667009249744
0.4878329799981565
0.41922659920491506
0.3455282817502668
0.4738661504424779
0.618173107633344
0.5280012141447867
0.47639097744360903
0.4940646130728775
0.48353720446743703
0.5299556410667522
0.5445793921755191
0.4499222484593676
0.4148206015289325
0.41703130259171994
0.44331024425811155
0.362238074008025
0.48963855421686747
0.4654403226792153
0.47324923879947806
0.4031484878972599
0.47435226380528656
0.42293233082706766
0.37255143525933226
0.3806646525679758
0.4403522818254604
0.37426307448494456
0.48577844311377244
0.4160410904780719
0.4160410904780719
0.407149950347567
0.41836351341197686
0.4825972506580872
0.49143108246667644
0.497922232116355
0.46439440048691416
0.4847960801268194
0.4969425801640567
0.4455416787685158
0.4570162481536189
0.5084895910231803
0.43874172185430466
0.3842546321211655
0.4471317360743708
0.4355708720407552
0.43284141134167353
0.4019522947335275
0.43920044419766796
0.3683076413061495
0.3956552706552707
0.39067720642164455
0.49185496584340516
0.4275717284814556
0.4526453298497714
0.467574931880109
0.38966709114062215
0.3894461771895811
0.3843456836918412
0.36996185960210287
0.36996185960210287
0.330550918196995
0.32808038075092544
0.38129651601768955
0.3274647887323944
0.3274647887323944
0.3503212940394416
0.3429361604056234
0.4199378381489582
0.3952852750256235
0.4039804469273743
0.3563049853372434
0.3754227733934611
0.3941824275796026
0.37365706918779545
0.4095940959409594
0.4009546539379475
0.41635249764373233
0.4135375494071146
0.4184168012924071
0.3930197268588771
0.383585420282668
0.29541393686718287
0.3175416133162612
0.42030253781722715
0.42030253781722715
0.4299782580892697
0.4533876719307183
0.41297644011348217
0.3842013019529294
0.3842013019529294
0.36401375874747954
0.3584993052339046
0.3781604983510443
0.3851225276775718
0.41012054576765133
0.3941808981657179
0.31496062992125984
0.31036324786324787
0.31806134040136314
0.3326208923323537
0.343875155365281
0.38814691151919867
0.2775420829341727
0.3944370469004291
0.4029201179278394
0.5004718464926078
0.4458862506902264
0.4226652983433514
0.4105000778937529
0.37664618086040386
0.36363636363636365
0.38107489994282445
0.3668704836020011
0.3516068052930057
0.3516068052930057
0.35380434782608694
0.3701578192252511
0.32086152146900454
0.37658996712876946
0.37658996712876946
0.38585444428173965
0.26218197498921947
0.26218197498921947
0.30852622326399065
0.30606016567359395
0.38664710198092445
0.33660753555197187
0.33660753555197187
0.33391506689936007
0.3169519602429597
0.38250597665588526
0.3501600232761129
0.38070175438596493
0.3657176401526269
0.3545816733067729
0.23353819139596138
0.23167368268253738
0.29452154857560264
0.32451395994737614
0.32451395994737614
0.304495597095628
0.3048327137546468
0.3671504965622613
0.3210244192972007
0.31841677743317087
0.34598346131128177
0.33790226460071515
0.33690795352993747
0.3498298793690071
0.33147713950762014
0.2800649254832522
0.24888823006225913
0.3520385795703639
0.37674628210905814
0.39777954004758126
0.33235248567446185
0.3735763097949886
0.3843778944118555
0.40366701168120656
0.36185955605193354
0.36822758510468273
0.33136966126656847
0.40507916601348176
0.30220913107511044
0.2856316854582249
0.3534284399447768
0.303347280334728
0.38652835014921133
0.33348464215463763
0.33475260607840257
0.25667351129363447
0.3239734299516908
0.3555622009569378
0.3391959798994975
0.33900364520048604
0.394790522516868
0.37543453070683663
0.3958721028590763
0.3394345481287792
0.32146726512923696
0.3412736995624696
0.34702053079619427
0.404593334484545
0.2693066302533758
0.2693066302533758
0.2920410783055199
