1.0
0.9785090664875755
0.9494949494949495
0.9795918367346939
0.9470468431771895
0.9788341429562804
0.9797320508416352
0.9577754891864058
0.9206919060052219
0.9894665307509344
0.9204013377926421
0.8537511870845205
0.8756218905472637
0.8790900592084762
0.9106412005457026
0.9106412005457026
0.9693705822955234
0.9900309384668271
0.8568581866489539
0.9029126213592233
0.864321608040201
0.8440950150552025
0.8474025974025974
0.8085501858736059
0.8085501858736059
0.8379275988043839
0.8136085133827797
0.9015544041450777
0.8926128590971272
0.8659588586595885
0.9015544041450777
0.8702023726448012
0.8682634730538922
0.8998953610045344
0.8662873399715505
0.8258706467661692
0.8258706467661692
0.8258706467661692
0.8258706467661692
0.7763578274760383
0.7763578274760383
0.7763578274760383
0.7763578274760383
0.7862215909090909
0.7566512947853848
0.7811934900542495
0.7423202023852548
0.7230046948356808
0.7230046948356808
0.7133574007220217
0.739797828528641
0.739797828528641
0.739797828528641
0.7638190954773869
0.7254464285714286
0.7596416049863655
0.7882444530945893
0.7596416049863655
0.9277946933449326
0.9167033935654474
0.8727353071144498
0.9198387819077474
0.8643326039387309
0.7272727272727273
0.7117117117117117
0.8104685521317011
0.9301270417422868
0.8147138964577657
0.9250585480093677
0.9868791002811621
0.9512195121951219
0.9656793606017866
0.9498680738786279
0.8830744071954211
0.728801681850035
0.7302844796543032
0.7226194956718103
0.7226194956718103
0.7267080745341615
0.7760962359332557
0.6928011404133999
0.6195543731293648
0.5971223021582733
0.6101585247492721
0.6300354495649372
0.6645202833226014
0.6621004566210046
0.6387403446226976
0.65
0.6648825453464169
0.6906603212373588
0.5986078886310905
0.5986078886310905
0.6342182890855457
0.6273988780631827
0.6273988780631827
0.6260920209668026
0.65311004784689
0.65311004784689
0.6028708133971292
0.6157517899761337
0.625
0.625
0.6093189964157706
0.6093189964157706
0.6093189964157706
0.6093189964157706
0.6157517899761337
0.5753344968004653
0.5753344968004653
0.5753344968004653
0.5753344968004653
0.5422096317280454
0.5422096317280454
0.5368898978433598
0.5002770083102493
0.5002770083102493
0.5051147359690351
0.48876860622462787
0.6720142602495544
0.6231884057971014
0.6231884057971014
0.6231884057971014
0.583710407239819
0.6082036775106082
0.6145803899406612
0.5898305084745763
0.5898305084745763
0.5461071231363888
0.583710407239819
0.5461071231363888
0.5461071231363888
0.5461071231363888
0.5461071231363888
0.5102481121898598
0.5461071231363888
0.5102481121898598
0.5102481121898598
0.5102481121898598
0.47601476014760147
0.5094977881863128
0.47601476014760147
0.4852941176470588
0.47601476014760147
0.47601476014760147
0.47445442875481386
0.47445442875481386
0.44329896907216493
0.47445442875481386
0.47445442875481386
0.4517453798767967
0.5528544113630156
0.5198312236286919
0.5528544113630156
0.5286728563626434
0.5286728563626434
0.5286728563626434
0.5286728563626434
0.48474855729596045
0.5065595716198126
0.4786806114239743
0.5164043744998666
0.4739387426114992
0.48340471092077086
0.5164043744998666
0.48474855729596045
0.48340471092077086
0.4739387426114992
0.48340471092077086
0.48340471092077086
0.4512489927477841
0.4500261643118786
0.5585980284775466
0.5277854575615151
0.5231469092855231
0.5458924270805459
0.5458924270805459
0.48822733423545334
0.5231469092855231
0.5231469092855231
0.5231469092855231
0.5231469092855231
0.489272632129775
0.5231469092855231
0.511512297226583
0.5231469092855231
0.489272632129775
0.489272632129775
0.5167189132706375
0.5206633324559095
0.5206633324559095
0.4978947368421053
0.4978947368421053
0.4978947368421053
0.4978947368421053
0.4978947368421053
0.4647452393206382
0.4647452393206382
0.4647452393206382
0.4892595400555977
0.4647452393206382
0.4647452393206382
0.4647452393206382
0.4647452393206382
0.5468531468531469
0.5364611260053619
0.5109289617486339
0.5364611260053619
0.5364611260053619
0.5364611260053619
0.5239591516103692
0.5014409221902018
0.5109289617486339
0.5003967204443269
0.5014409221902018
0.4766355140186916
0.5003967204443269
0.4766355140186916
0.5003967204443269
0.5003967204443269
0.5003967204443269
0.5003967204443269
0.48635235732009924
0.5160938352427714
0.5160938352427714
0.5212418300653595
0.5449346405228758
0.5751211631663974
0.5751211631663974
0.576
0.599680170575693
0.638995084653195
0.6147540983606558
0.642169962586852
0.6583561643835616
0.6583561643835616
0.6885245901639344
0.7319034852546917
0.6617100371747212
0.6228136882129277
0.569620253164557
0.6046511627906976
0.7022401208155047
0.6537170263788968
0.5998596819457437
0.5952157598499062
0.5864197530864198
0.5138468195586327
0.578745487364621
0.6133271846898778
0.6872437906920665
0.6893995552260934
0.7055912914398812
0.5539772727272727
0.5895781637717121
0.6621691748832382
0.6383647798742138
0.6810322580645162
0.5792996910401648
0.5733105635520859
0.6102372034956305
0.5878552971576227
0.5856423173803527
0.5924479166666666
0.5555838209107098
0.5924479166666666
0.6311016271005602
0.6716785128485511
0.6117455138662317
0.6510973550928532
0.6482384823848238
0.6586859688195991
0.7001944984717977
0.6973790867333153
0.7205764611689351
0.7283884738527214
0.7713973202078206
0.6954643628509719
0.6954643628509719
0.7386489479512736
0.740790535090078
0.6153071500503524
0.6153071500503524
0.6544610624033007
0.6243222308288149
0.6258939580764489
0.6342510735034099
0.6579080343607883
0.5881552076242341
0.5570590888588183
0.6024844720496895
0.6024844720496895
0.6249424758398527
0.6620381266180277
0.6773416807127378
0.7174556213017751
0.6552472858866104
0.6788127413127413
0.7365223993925588
0.7106598984771574
0.717391304347826
0.717391304347826
0.6018914658860617
0.6766438840443083
0.7067137809187279
0.7587144622991348
0.7180469123982767
0.784698381559588
0.7112676056338029
0.6382306477093207
0.7269202810758421
0.5940727436012573
0.6674495068107092
0.6824324324324325
0.8075019536337588
0.6728055489117436
0.5701715794104707
0.6394120349104272
0.6552472858866104
0.6812561819980217
0.6543665436654367
0.6961796592669076
0.639755925839005
0.6837811900191939
0.6388825800590506
0.6136518771331058
0.6485355648535565
0.7002671848433325
0.5891329479768787
0.607711844839529
0.6589427950760318
0.5961538461538461
0.6527842770238652
0.5806020066889632
0.5538300104931795
0.5017723513194171
0.5128254955305092
0.5162183544303798
0.5682917002417406
0.5682917002417406
0.5436971405557793
0.5841789190308553
0.5810157194679565
0.5998790566418061
0.5810157194679565
0.5706650831353919
0.5563568926437256
0.5484059097978227
0.5085800490288516
0.5755325385968341
0.5148570360680247
0.5310239817282071
0.558612671962798
0.5870437607490923
0.5180771561300748
0.5369072164948454
0.5130023640661938
0.5457304734925131
0.5250145999610668
0.4875770595927517
0.5188141391106044
0.5466568699485672
0.4922333448394891
0.4817567567567568
0.489188231123715
0.5092980398726755
0.4805408970976253
0.5058236272878536
0.46899418121363257
0.486592544146501
0.4692333004277723
0.4744117163073885
0.537577365163572
0.5656866393747674
0.6087304765718863
0.6594360086767896
0.675705712380529
0.0
0.0
0.6022778025904422
0.609969392216878
0.6568694463431306
0.6775244299674267
0.6041092988773565
0.6430423509075195
0.6632807434622866
0.5761858664085189
0.6356669428334715
0.6574847595393994
0.6415341032904772
0.6901281762986283
0.6796875
0.7048799380325329
0.7622950819672131
0.654065934065934
0.6195914781462771
0.5771697306541257
0.5706347510151741
0.6368499893002354
0.591975443981583
0.5671077504725898
0.5542725173210161
0.5232899706252623
0.5397739862619101
0.5580756013745705
0.5321731165559881
0.45090180360721444
0.48333711176603944
0.44123807307423785
0.42643923240938164
0.4399132321041215
0.44738583719391134
0.46418338108882523
0.4151190736290146
0.40929927963326784
0.3705057891529555
0.410913872452334
0.39978094194961666
0.43258426966292135
0.4826273203236554
0.476326433499881
0.476326433499881
0.4696267382288363
0.488530990727184
0.5226717349986424
0.4391634980988593
0.4895005675368899
0.5422943221320974
0.525
0.5868725868725869
0.46063651591289784
0.4940027894002789
0.5683474205770912
0.6064139941690962
0.5286642191471336
0.5608028335301063
0.5991137370753323
0.5834071449660466
0.5639269406392694
0.5639269406392694
0.5715101341707108
0.6331435800126503
0.6247233638950364
0.6657681940700808
0.6152912621359223
0.5991510006064281
0.6072186836518046
0.6589486858573217
0.6589486858573217
