1.0
0.9639446348674743
0.978282641927152
0.9358832177030407
0.9358832177030407
0.9358832177030407
0.9221510883482714
0.9358832177030407
0.9358832177030407
0.9221510883482714
0.9221510883482714
0.9086124036921199
0.9358832177030407
0.9358832177030407
0.9358832177030407
0.9358832177030407
0.9639446348674743
0.9498129675810474
0.9498129675810474
0.9498129675810474
0.9358832177030407
0.9498129675810474
0.9639446348674743
0.9639446348674743
0.950370274132779
0.9639446348674743
0.978282641927152
0.978282641927152
0.9639446348674743
0.9639446348674743
0.9358832177030407
0.9358832177030407
0.992831541218638
0.9639446348674743
0.9639446348674743
0.9639446348674743
0.9639446348674743
0.9639446348674743
0.992831541218638
0.992831541218638
0.978282641927152
0.978282641927152
0.9639446348674743
0.9639446348674743
0.978282641927152
0.9709592570723066
0.9709592570723066
0.9566746602717826
0.9425956298608539
0.9150367704584572
0.9150367704584572
0.978020202020202
0.9566746602717826
0.9287177601512844
0.9287177601512844
0.9150367704584572
0.9287177601512844
0.978020202020202
0.9566746602717826
0.9566746602717826
0.9425956298608539
0.9425956298608539
0.978020202020202
0.9709592570723066
0.9425956298608539
0.9287177601512844
0.9287177601512844
0.9150367704584572
0.9287177601512844
0.978020202020202
0.9287177601512844
0.9150367704584572
0.8882489071740808
0.8882489071740808
0.9635809401572276
0.8944354152155406
0.8622001318659025
0.8494434090565658
0.8494434090565658
0.8368602731502326
0.8494434090565658
0.935325743200506
0.8811865969873962
0.8751340585261222
0.8622001318659025
0.8622001318659025
0.935325743200506
0.8882489071740808
0.8622001318659025
0.8494434090565658
0.8622001318659025
0.8622001318659025
0.935325743200506
0.9078721745908028
0.8622001318659025
0.8494434090565658
0.8244472049689441
0.8122007798233059
0.8811865969873962
0.8494434090565658
0.8244472049689441
0.8244472049689441
0.8122007798233059
0.8122007798233059
0.8811865969873962
0.8494434090565658
0.8244472049689441
0.8244472049689441
0.8122007798233059
0.8122007798233059
0.8751340585261222
0.8494434090565658
0.8244472049689441
0.8244472049689441
0.8122007798233059
0.8122007798233059
0.8811865969873962
0.8494434090565658
0.8244472049689441
0.8244472049689441
0.8122007798233059
0.8244472049689441
0.8811865969873962
0.8494434090565658
0.8244472049689441
0.8368602731502326
0.8244472049689441
0.8494434090565658
0.9078721745908028
0.8751340585261222
0.8882489071740808
0.8882489071740808
0.8882489071740808
0.9635809401572276
0.9425956298608539
0.9150367704584572
0.9015485006991558
0.9015485006991558
0.8882489071740808
0.9015485006991558
0.9635809401572276
0.9287177601512844
0.9287177601512844
0.9150367704584572
0.9150367704584572
0.978020202020202
0.9425956298608539
0.9150367704584572
0.9015485006991558
0.9150367704584572
0.9150367704584572
0.978020202020202
0.9425956298608539
0.9287177601512844
0.9287177601512844
0.9150367704584572
0.9150367704584572
0.978020202020202
0.9566746602717826
0.9287177601512844
0.9287177601512844
0.9150367704584572
0.9150367704584572
0.978020202020202
0.9566746602717826
0.9287177601512844
0.9287177601512844
0.9150367704584572
0.9150367704584572
0.978020202020202
0.9635809401572276
0.935325743200506
0.9287177601512844
0.9150367704584572
0.9287177601512844
0.978020202020202
0.9635809401572276
0.935325743200506
0.9287177601512844
0.9150367704584572
0.9287177601512844
0.978020202020202
0.9635809401572276
0.9287177601512844
0.9287177601512844
0.9150367704584572
0.9287177601512844
0.978020202020202
0.9493509596241141
0.9078721745908028
0.8882489071740808
0.8622001318659025
0.8751340585261222
0.935325743200506
0.9078721745908028
0.8811865969873962
0.8751340585261222
0.8622001318659025
0.8811865969873962
0.935325743200506
0.9078721745908028
0.8811865969873962
0.8811865969873962
0.8681218041669847
0.8681218041669847
0.935325743200506
0.9078721745908028
0.9078721745908028
0.8681218041669847
0.8425291682348514
0.8425291682348514
0.8811865969873962
0.8425291682348514
0.829994019138756
0.8176282765278087
0.8176282765278087
0.8681218041669847
0.8425291682348514
0.8176282765278087
0.8054285292816049
0.7986969883220651
0.7867050893816547
0.7986969883220651
0.8483187226839805
0.8231702758603504
0.8231702758603504
0.8108509479728726
0.8108509479728726
0.8611549224116001
0.8356583701324769
0.8108509479728726
0.7986969883220651
0.7986969883220651
0.7867050893816547
0.7986969883220651
0.8483187226839805
0.8231702758603504
0.8231702758603504
0.8108509479728726
0.8108509479728726
0.874170658605938
0.8483187226839805
0.8231702758603504
0.8231702758603504
0.8108509479728726
0.8054883766842703
0.874170658605938
0.8483187226839805
0.8231702758603504
0.8176894409937888
0.8054883766842703
0.8054883766842703
0.874170658605938
0.8483187226839805
0.8231702758603504
0.8176894409937888
0.8054883766842703
0.8054883766842703
0.8611549224116001
0.8231702758603504
0.7934500171593862
0.7934500171593862
0.7815711294014513
0.7934500171593862
0.8483187226839805
0.8231702758603504
0.7986969883220651
0.7986969883220651
0.7748720312462094
0.7748720312462094
0.8231702758603504
0.6855661790116346
0.7748720312462094
0.7748720312462094
0.7631946787487348
0.7748720312462094
0.8483187226839805
0.8483187226839805
0.874170658605938
0.0
0.0
0.0
0.0
0.0
0.0
0.8176282765278087
0.8054285292816049
0.8176282765278087
0.8681218041669847
0.8425291682348514
0.8425291682348514
0.829994019138756
0.829994019138756
0.8811865969873962
0.8552372290435046
0.829994019138756
0.8176282765278087
0.829994019138756
0.829994019138756
0.8811865969873962
0.8552372290435046
0.8425291682348514
0.8425291682348514
0.829994019138756
0.829994019138756
0.8944354152155406
0.8681218041669847
0.8425291682348514
0.8425291682348514
0.829994019138756
0.829994019138756
0.8944354152155406
0.8681218041669847
0.8425291682348514
0.8425291682348514
0.829994019138756
0.829994019138756
0.8944354152155406
0.8681218041669847
0.8425291682348514
0.8425291682348514
0.829994019138756
0.8425291682348514
0.8944354152155406
0.8681218041669847
0.8425291682348514
0.8425291682348514
0.829994019138756
0.8425291682348514
0.8944354152155406
0.8681218041669847
0.8681218041669847
0.8552372290435046
0.8552372290435046
0.9078721745908028
0.8811865969873962
0.8552372290435046
0.8425291682348514
0.8425291682348514
0.829994019138756
0.829994019138756
0.8681218041669847
0.8368602731502326
0.829994019138756
0.8054285292816049
0.7933914572496154
0.829994019138756
0.8054285292816049
0.7815138282387191
0.7697924951196587
0.7815138282387191
0.7815138282387191
0.829994019138756
0.8054285292816049
0.7933914572496154
0.7697924951196587
0.758224393046976
0.758224393046976
0.8176282765278087
0.7933914572496154
0.7697924951196587
0.7697924951196587
0.758224393046976
0.758224393046976
0.8176282765278087
0.7933914572496154
0.7697924951196587
0.7697924951196587
0.758224393046976
0.758224393046976
0.8176282765278087
0.7933914572496154
0.7697924951196587
0.7697924951196587
0.758224393046976
0.758224393046976
0.8176282765278087
0.7933914572496154
0.7697924951196587
0.764816149963951
0.758224393046976
0.7697924951196587
0.8176282765278087
0.7933914572496154
0.7933914572496154
0.7815138282387191
0.7815138282387191
0.829994019138756
0.8054285292816049
0.7815138282387191
0.764816149963951
0.764816149963951
0.7533546631010936
0.764816149963951
0.8176282765278087
0.7933914572496154
0.7933914572496154
0.7815138282387191
0.7764284677536407
0.829994019138756
0.8054285292816049
0.7815138282387191
0.7697924951196587
0.7697924951196587
0.7468065367872689
0.7468065367872689
0.7933914572496154
0.7697924951196587
0.7697924951196587
0.758224393046976
0.758224393046976
0.8054285292816049
0.7815138282387191
0.7468065367872689
0.7244100035223671
0.7355360181508792
0.7355360181508792
0.7933914572496154
0.7697924951196587
0.7420410874412867
0.7355360181508792
0.7134257314853703
0.7025805105376643
0.7468065367872689
0.7244100035223671
0.6982100735396143
0.7025805105376643
0.6918717168924523
0.6918717168924523
0.7468065367872689
0.7244100035223671
0.6982100735396143
0.7025805105376643
0.6875947970768028
0.6875947970768028
0.7468065367872689
0.7198463628272987
0.6982100735396143
0.6982100735396143
0.6875947970768028
0.6982100735396143
0.7468065367872689
0.7244100035223671
0.7025805105376643
0.7025805105376643
0.6875947970768028
0.6982100735396143
0.7468065367872689
0.7244100035223671
0.7025805105376643
0.7025805105376643
0.6918717168924523
0.7025805105376643
0.7468065367872689
0.7244100035223671
0.7244100035223671
0.7134257314853703
0.7134257314853703
0.758224393046976
0.7355360181508792
0.7134257314853703
0.7025805105376643
0.7025805105376643
0.7025805105376643
0.7244100035223671
0.7697924951196587
0.758224393046976
0.7697924951196587
0.758224393046976
0.758224393046976
0.8054285292816049
0.7815138282387191
0.758224393046976
0.7468065367872689
0.758224393046976
0.758224393046976
0.8054285292816049
0.7815138282387191
0.7697924951196587
0.7697924951196587
0.758224393046976
0.758224393046976
0.8176282765278087
0.7933914572496154
0.7697924951196587
0.7697924951196587
0.758224393046976
0.758224393046976
0.8176282765278087
0.7933914572496154
0.7697924951196587
0.764816149963951
0.7533546631010936
0.7533546631010936
0.8176282765278087
0.7933914572496154
0.7697924951196587
0.7697924951196587
0.758224393046976
0.758224393046976
0.8176282765278087
0.8054285292816049
0.7933914572496154
0.7933914572496154
0.7815138282387191
0.7933914572496154
0.8425291682348514
0.8176282765278087
0.7933914572496154
0.7933914572496154
0.7764284677536407
0.7881946135489213
0.8425291682348514
0.8176282765278087
0.8176282765278087
0.8054285292816049
0.8001176643624063
0.8552372290435046
0.829994019138756
0.8001176643624063
0.7881946135489213
0.7881946135489213
0.7764284677536407
0.7881946135489213
0.8425291682348514
0.8176282765278087
0.8176282765278087
0.8054285292816049
0.8054285292816049
0.8552372290435046
0.829994019138756
0.8054285292816049
0.7933914572496154
0.7933914572496154
0.7815138282387191
0.7933914572496154
0.8681218041669847
0.8425291682348514
0.8176282765278087
0.8054285292816049
0.8054285292816049
0.8681218041669847
0.8425291682348514
0.8176282765278087
0.8122007798233059
0.8001176643624063
0.8001176643624063
0.8681218041669847
0.8425291682348514
0.8176282765278087
0.8122007798233059
0.8054285292816049
0.8054285292816049
0.8681218041669847
0.8425291682348514
0.8176282765278087
0.8122007798233059
0.8001176643624063
0.8122007798233059
0.8552372290435046
0.829994019138756
0.8176282765278087
0.8122007798233059
0.8001176643624063
0.8122007798233059
0.8681218041669847
0.8425291682348514
0.8176282765278087
0.8122007798233059
0.8001176643624063
0.8244472049689441
0.8944354152155406
0.8681218041669847
0.8811865969873962
0.8811865969873962
0.8751340585261222
0.935325743200506
0.9015485006991558
0.8751340585261222
0.8622001318659025
0.8681218041669847
0.8552372290435046
0.8681218041669847
0.9215009027396185
0.8944354152155406
0.8944354152155406
0.8811865969873962
0.8811865969873962
0.935325743200506
0.9078721745908028
0.8811865969873962
0.8681218041669847
0.8681218041669847
0.8811865969873962
0.935325743200506
0.9078721745908028
0.8944354152155406
0.8944354152155406
0.8811865969873962
0.8811865969873962
0.9493509596241141
