1.0
0.9094142755513398
1.0
0.9157254561251086
0.8585818684574363
0.8683853459972863
0.9022118742724098
0.8882270497547302
0.8231660231660232
0.8306565229642153
0.8100243558518139
0.8539325842696629
0.8843163057782031
0.778875849289685
0.8862328463922089
0.9101267170695346
0.9620743034055728
0.8893586306454939
0.7890410958904109
0.7683226758484998
0.8366511096294885
0.8858257477243173
0.8912433779993768
0.8686440677966102
0.8656605456843357
0.9182703544994156
0.8655357273995741
0.925
0.9275694808599895
0.9144990665836963
0.7982572566218478
0.810553083280356
0.8313953488372093
0.8370034986622762
0.9429294349170649
0.8563103024023829
0.7710016155088854
0.7284289637230814
0.7120622568093385
0.701485498703136
0.6777146464646465
0.7017383348581885
0.7245013172751223
0.7211789874019491
0.6808873720136519
0.7186046511627907
0.6078370231784638
0.6021024146544546
0.5477466746079015
0.6257607613145956
0.5977499469327107
0.558747324546581
0.5399947547862576
0.46527369040612127
0.5152341244387428
0.49662995232615487
0.5569786535303777
0.6003509891512444
0.6987235530687184
0.5925513289829699
0.5779407076824992
0.5841619318181818
0.618657937806874
0.6781914893617021
0.5762561138283682
0.5978385835824327
0.6147165259348613
0.6274131274131274
0.561229100768188
0.62215411558669
0.5861105138679854
0.613495575221239
0.6197832603181923
0.5821453610656695
0.7058823529411765
0.6896028332911712
0.6591211717709721
0.6518303924150646
0.619550500947739
0.6273764258555133
0.6587075006488451
0.6528129751647238
0.6548042704626335
0.6746666666666666
0.7413945278022948
0.7845220030349014
0.7845220030349014
0.7985436893203883
0.8644222020018199
0.7952684258416742
0.7707231040564374
0.8123456790123457
0.7830960315056044
0.7522149185481566
0.7368421052631579
0.7295492487479132
0.7436619718309859
0.6517607602012297
0.7431192660550459
0.6807387862796834
0.6990064289888954
0.9649122807017544
0.8990980834272829
0.9465095194922938
0.8375108038029386
0.834326579261025
0.8302325581395349
0.8323699421965318
0.858397365532382
0.8010471204188482
0.7912552891396333
0.7912552891396333
0.8558352402745996
0.75
0.8370457209847597
0.8262150220913107
0.8569753810082064
0.9023273559710034
0.8260565840027942
0.8602711157455682
0.8048103607770583
0.7995233839737861
0.8520231213872832
0.8838037121789982
0.8086642599277978
0.9433673469387756
0.8851461988304093
0.845360824742268
0.8160194174757281
0.8041211519364448
0.9026302478502782
0.9205244848809205
0.8895442359249329
0.8998675496688742
0.900523560209424
0.8998675496688742
0.9214285714285714
0.9130434782608695
0.9215836526181354
0.9318181818181818
0.9525631216526397
0.8885278680329918
0.8888888888888888
0.8416070191641654
0.8990895295902883
0.855296502787633
0.9147307286166843
0.8728943338437979
0.8222778473091364
0.8165090723230258
0.8114199849737039
0.8478802992518704
0.7587628865979381
0.6780643291799479
0.6333725029377203
0.6727433107909438
0.6101940341731827
0.6464883925947693
0.6071638285378743
0.6882352941176471
0.67480152896207
0.6333725029377203
0.6479576843961211
0.6351351351351351
0.6712243629583592
0.7400630914826498
0.6669820245979187
0.7060518731988472
0.6722636815920398
0.6675078864353312
0.6440572495332918
0.6426351771286514
0.684995340167754
0.6440572495332918
0.6695652173913044
0.6574448243705315
0.6581648522550544
0.6527909176915799
0.6965299684542586
0.684995340167754
0.7607209446861405
0.7193143556779921
0.7102893890675241
0.7560270009643202
0.813143046797212
0.7625994694960212
0.6774193548387096
0.7613991255465334
0.7988311288834204
0.7556766575840145
0.7508532423208191
0.7464626046780248
0.7042172154823801
0.6318681318681318
0.7366026289180991
0.8328253223915592
0.8950276243093923
0.8497691984892992
0.8969072164948454
0.9121554630180448
0.9107468123861566
0.925764192139738
0.9530189353340479
0.9586408100223099
0.8497205860141972
0.8944493392070485
0.9074681238615665
0.9087947882736156
0.9172602739726028
0.9180327868852459
0.8381980765986164
0.8324128408698653
0.9214385474860335
0.8572790845518118
0.7860726775125437
0.8062062671128689
0.7308328736900166
0.7228915662650602
0.7401315789473685
0.7822651448639157
0.7233425596414921
0.6802978669695823
0.722809667673716
0.6971182589979672
0.6474521558681116
0.6714749368914533
0.8177868642984922
0.7901444350042481
0.7555912375272393
0.0
0.7415980413977298
0.8299319727891157
0.8122270742358079
0.7417881226887101
0.6860959319975714
0.7253927222111752
0.7122121153473969
0.7956681651001226
0.7591979754720654
0.7907755986991228
0.7886763870479075
0.825137667858178
0.8137087884557571
0.8134599838318513
0.766515926071569
0.7536557930258717
0.8192771084337349
0.7986938944749663
0.7452054794520548
0.73839471541037
0.6836734693877551
0.724559510967278
0.7273823884197829
0.7191392978482446
0.6239011228131256
0.6223868748346123
0.6614367562802997
0.7203519166891104
0.6752519596864501
0.6562581770606193
0.6639123405784085
0.6163957108267035
0.6575534525061338
0.6407766990291263
0.6563665423548215
0.6397569444444444
0.65037166593791
0.6647482014388489
0.638646288209607
0.6302417582417582
0.6414580588493632
0.6010928961748634
0.7002398081534772
0.680934197673386
0.6798446876103071
0.6923607518537679
0.6753792098723113
0.6466178224569773
0.6547444626389727
0.670967159870083
0.6535918108524322
0.7733651836369065
0.8063273169742445
0.8476055416166685
0.8368070029178825
0.8736100407354398
0.857284222100055
0.8427672955974843
0.9775366943203574
0.8972351975760636
0.9885233358837031
0.887708251344615
0.8896833503575077
0.8359481161210623
0.9388535031847134
0.8439478584729981
0.8269689737470167
0.766016713091922
0.8074803611208817
0.7724033686028935
0.7472673070553163
0.7713758458068485
0.7609612141652614
0.7522448979591837
0.75217127852959
0.7758620689655172
0.748422712933754
0.779177327297776
0.7306025994486018
0.7958079783637593
0.8096371774116751
0.7930492651816249
0.8145122069837565
0.8063462435837611
0.8755601194921583
0.8634222919937206
0.8977035490605428
0.8794610342316096
0.880941393631749
0.9021688970927549
0.8853364731455484
0.8653952971671912
0.8853364731455484
0.8866795544508883
0.8457500690671332
0.8580395052612146
0.8637345376006283
0.843277645186953
0.7953615279672579
0.8165925925925926
0.8418768920282543
0.833402489626556
0.8555356955104616
0.835608956854178
0.8629759253367271
0.9292035398230089
0.8886274509803922
0.8842530282637954
0.9001049073318569
0.9389591439688716
0.9511014898764804
0.9512195121951219
0.9635761589403974
0.9845722300140253
0.9385810980195538
0.9294655753490612
0.9611187758685564
0.9041586998087954
0.9305538113776215
0.9350089766606823
0.9150467962562995
0.9540791402051783
0.9560327198364008
0.8573400828347906
0.9164047768698932
0.8202087286527514
0.8551589718601534
0.8820493454179255
0.8584224931575019
0.9223300970873787
0.9135093761959434
0.8888888888888888
0.8717571088705109
0.8306801736613604
0.8746141564662054
0.7651416929060937
0.7470597979128706
0.7441072253890002
0.8205780346820809
0.8439960999024976
0.8501926095020688
0.8188434563980416
0.8748055987558321
0.8727460384918948
0.8586425644192444
0.9200603318250377
0.8985694365542529
0.9028527739284178
0.8614363096278176
0.8558856807610108
0.8813894603576515
0.8620074243289548
0.8376843754079102
0.8292155651636813
0.8179344745493708
0.880326848670148
0.9475743549088306
0.8491804753018414
0.8320796228391828
0.781109265226877
0.8243520559398039
0.775771903431478
0.8082125603864734
0.802250939295402
0.7693950415429277
0.8129950931657098
0.8243924378479816
0.8597797329723743
0.824807786320608
0.8018380819514159
0.839090640684972
0.7814108061749572
0.7772305515496177
0.7464628785955724
0.768702522835439
0.7634080810168441
0.7517510758027144
0.770832242182999
0.7764349650721135
0.7993604696878358
0.7939132549240436
0.8128340159937585
0.8136030994403788
0.8403904759545106
0.8333750223333929
0.8000750715525735
0.8027634725032187
0.7389380530973452
0.7829569473801312
0.7340781519861831
0.7005844258410994
0.7407860529132895
0.7581679326962346
0.7270995704651028
0.7448687537982004
0.7456260225194881
0.7798651347663589
0.75007835576366
0.7657284690675783
0.7557605418150051
0.7674480076277507
0.7393817030025747
0.7759292438074112
0.8456242740176219
0.8463783249578116
0.7651347268829654
0.7940974363492204
0.8044153837863084
0.8389160057920426
0.8452853067756011
0.8693938982200529
0.9084865162355531
0.9574919545920713
0.9479118947094729
0.9591160220994475
0.9503772181489746
0.9240110852571309
0.9497565967804392
0.9169040639665305
