1,768,436,62,57
2,764,440,60,53
3,757,441,62,51
4,750,437,67,56
5,744,439,68,55
6,734,438,74,56
7,728,441,75,56
8,722,440,75,57
9,712,422,79,74
10,702,418,83,77
11,694,417,80,80
12,689,415,81,86
13,677,417,90,86
14,663,430,99,74
15,650,428,102,74
16,640,426,107,71
17,631,429,103,66
18,618,429,112,68
19,615,431,102,69
20,613,433,97,67
21,579,426,116,69
22,562,423,133,71
23,544,420,148,75
24,534,419,148,80
25,517,422,143,77
26,508,422,132,77
27,495,422,134,75
28,477,417,147,79
29,463,417,154,77
30,451,417,153,79
31,441,417,142,81
32,420,419,143,78
33,407,421,142,77
34,398,417,143,80
35,386,416,144,77
36,375,416,137,76
37,361,418,128,75
38,349,421,126,72
39,338,425,119,65
40,327,425,118,67
41,323,425,113,69
42,314,421,116,71
43,299,421,117,69
44,287,422,118,69
45,283,427,111,62
46,276,429,100,58
47,270,430,89,57
48,265,429,81,60
49,256,428,85,61
50,251,428,83,60
51,246,429,80,60
52,242,431,74,60
53,238,434,65,50
54,234,435,60,48
55,230,436,66,46
56,226,436,65,48
57,221,437,69,47
58,220,438,68,45
59,215,436,72,48
60,210,438,75,46
61,203,439,78,43
62,202,441,71,40
63,198,441,71,40
64,197,438,68,44
65,198,438,59,44
66,200,439,53,44
67,199,440,50,42
68,197,439,46,45
69,196,440,45,45
70,192,440,47,45
71,185,441,57,42
72,183,441,58,45
73,183,440,55,46
74,182,441,56,43
75,183,441,54,45
76,184,441,51,44
77,184,441,50,44
78,189,441,44,45
79,185,441,46,44
80,181,441,51,41
81,179,441,52,42
82,179,441,53,41
83,179,442,56,41
84,179,442,56,40
85,180,441,54,41
86,179,441,57,42
87,179,442,57,40
88,179,443,54,40
89,178,442,57,40
90,179,443,54,39
91,179,442,54,40
92,179,443,52,40
93,179,441,51,41
94,177,442,55,41
95,176,442,56,41
96,176,443,57,40
97,175,443,58,40
98,176,442,57,40
99,177,442,55,40
100,178,443,54,39
101,176,444,58,38
102,172,443,62,39
103,175,442,61,40
104,178,436,60,47
105,184,430,54,53
106,178,433,59,50
107,178,436,58,47
108,179,439,57,44
109,180,440,56,44
110,180,441,56,42
111,179,442,57,42
112,179,442,58,42
113,179,442,60,41
114,175,442,63,40
115,179,443,58,39
116,183,443,55,40
117,178,442,59,40
118,178,442,58,42
119,175,441,62,43
120,176,441,60,44
121,178,442,59,43
122,177,442,61,43
123,177,442,58,44
124,178,442,62,44
125,180,442,58,45
126,181,443,53,43
127,187,445,47,41
128,187,444,46,41
129,189,444,46,40
130,191,444,43,38
131,194,443,40,40
132,192,444,45,39
133,187,445,53,38
134,190,446,50,38
135,192,445,46,38
136,191,444,46,39
137,193,444,43,39
138,191,443,45,40
139,191,443,44,41
140,189,444,45,39
141,188,444,46,39
142,191,444,42,39
143,190,442,44,40
144,191,443,43,39
145,193,442,41,41
146,179,442,49,41
147,173,442,59,41
148,172,444,61,41
149,170,444,64,40
150,168,442,72,41
151,183,439,70,43
152,182,440,70,43
153,182,441,64,41
154,182,441,64,42
155,183,441,62,42
156,184,439,65,44
157,182,441,67,41
158,183,440,66,43
159,183,440,60,42
160,182,443,58,39
161,183,442,54,40
162,184,443,49,39
163,184,442,50,40
164,184,443,50,40
165,185,442,47,40
166,186,441,46,41
167,186,442,47,41
168,186,442,45,41
169,186,442,48,41
170,186,442,48,40
171,186,443,46,40
172,187,442,43,41
173,187,440,44,42
174,187,442,43,41
175,187,442,42,40
176,186,442,46,40
177,187,442,44,40
178,187,442,45,41
179,187,443,43,40
180,187,442,43,40
181,185,443,47,40
182,186,443,46,40
183,186,442,45,41
184,185,442,46,41
185,186,443,46,40
186,187,442,44,41
187,187,442,45,41
188,187,443,47,41
189,186,443,50,39
190,190,442,45,41
191,189,443,48,40
192,186,442,52,42
193,182,441,58,41
194,183,441,57,42
195,185,442,58,41
196,185,442,58,41
197,188,443,53,41
198,188,443,52,40
199,188,442,48,41
200,188,441,46,41
201,186,442,43,40
202,182,443,46,40
203,180,444,46,41
204,178,444,47,41
205,174,444,51,40
206,161,444,59,40
207,157,444,60,41
208,146,445,69,39
209,129,443,80,42
210,125,443,85,42
211,118,440,88,45
212,114,441,88,45
213,110,441,88,47
214,107,439,91,47
215,104,441,89,47
216,97,441,93,47
217,83,442,103,47
218,75,442,105,47
219,71,442,100,48
220,69,441,95,47
221,65,441,90,50
222,56,439,97,51
223,50,441,100,51
224,42,440,102,50
225,34,442,102,50
226,30,441,98,52
227,24,439,100,53
228,18,439,100,54
229,9,438,106,57
230,3,439,108,56
231,1913,441,114,55
232,1910,442,109,54
233,1899,441,112,53
234,1893,441,109,55
235,1890,439,105,54
236,1885,441,104,55
237,1878,441,106,57
238,1868,440,115,55
239,1859,439,124,57
240,1857,438,118,58
241,1855,439,114,59
242,1851,438,115,59
243,1847,439,114,60
244,1847,438,108,59
245,1842,439,107,60
246,1835,438,113,60
247,1832,439,113,60
248,1828,439,115,60
249,1826,438,112,61
250,1824,441,113,60
251,1818,438,119,60
252,1817,440,117,59
253,1810,439,121,59
254,1809,440,122,60
255,1806,440,118,58
256,1804,442,120,59
257,1801,441,118,58
258,1795,442,121,59
259,1785,443,130,57
260,1781,441,130,60
261,1785,441,123,60
262,1786,442,119,58
263,1786,442,116,59
264,1785,441,116,60
265,1788,442,108,60
266,1784,441,114,58
267,1783,442,112,59
268,1783,441,111,60
269,1783,441,109,58
270,1780,443,110,57
271,1782,441,107,59
272,1781,441,105,63
273,1788,440,96,63
274,1794,441,88,63
275,1802,440,78,64
276,1800,440,81,63
277,1800,440,79,62
278,1803,441,77,63
279,1805,443,75,60
280,1805,442,72,61
281,1806,443,70,61
282,1802,443,74,60
283,1793,444,82,60
284,1789,443,85,62
285,1783,441,91,64
286,1777,439,95,65
287,1771,439,101,66
288,1769,441,100,64
289,1777,441,90,65
290,1776,441,90,65
291,1773,442,93,65
292,1768,443,96,62
293,1770,443,96,62
294,1768,444,97,61
295,1770,443,94,62
296,1770,443,93,64
297,1772,441,91,65
298,1773,442,87,63
299,1773,445,86,62
300,1774,445,86,61
301,1775,446,85,59
302,1776,445,87,62
303,1776,445,84,61
304,1781,444,79,65
305,1784,444,76,60
306,1784,444,77,61
307,1786,444,74,61
308,1787,445,72,59
309,1784,445,77,59
310,1780,444,83,63
311,1778,444,85,63
312,1777,444,84,64
313,1776,444,87,63
314,1772,444,89,63
315,1769,445,91,63
316,1758,447,105,59
317,1758,447,104,59
318,1756,446,107,61
319,1757,447,105,61
320,1753,447,110,60
321,1755,445,109,64
322,1755,444,108,64
323,1755,445,108,62
324,1753,447,110,61
325,1758,447,106,61
326,1754,446,111,62
327,1758,446,106,62
328,1757,446,107,61
329,1761,446,102,61
330,1762,447,103,60
331,1766,448,98,58
332,1765,447,99,57
333,1768,447,97,60
334,1766,446,99,62
335,1767,448,96,57
336,1769,447,97,59
337,1768,446,96,60
338,1771,448,92,60
339,1771,442,93,65
340,1769,441,95,65
341,1770,442,93,63
342,1770,442,92,64
343,1769,441,94,64
344,1771,442,92,64
345,1769,438,93,68
346,1769,440,93,66
347,1768,438,92,69
348,1768,439,92,67
349,1768,436,93,70
350,1767,435,92,72
351,1767,436,90,71
352,1765,432,92,77
353,1770,438,84,70
354,1773,442,79,68
355,1773,437,74,72
356,1771,436,74,74
357,1773,440,69,70
358,1769,432,73,79
359,1769,435,71,76
360,1765,432,75,80
361,1763,427,74,85
362,1761,424,76,89
363,1757,426,79,86
364,1752,422,85,92
365,1750,421,81,92
366,1751,419,78,102
367,1750,421,78,105
368,1747,422,80,106
369,1744,422,83,106
370,1740,422,87,106
371,1732,419,92,109
372,1724,415,103,112
373,1716,414,107,116
374,1709,409,115,121
375,1704,406,118,123
376,1697,405,125,127
377,1694,400,128,131
378,1688,401,135,131
379,1682,404,138,127
380,1681,407,135,125
381,1662,404,153,129
382,1652,401,160,129
383,1637,388,175,146
384,1625,386,187,151
385,1617,382,193,157
386,1601,378,209,168
387,1587,384,217,170
388,1583,382,215,170
389,1580,384,215,168
390,1572,390,221,162
391,1559,385,229,167
392,1549,384,241,168
393,1533,374,258,180
394,1526,376,264,177
395,1519,366,270,190
396,1512,367,273,184
397,1511,370,272,190
398,1508,367,277,189
399,1520,374,259,188
400,1523,382,252,175
401,1517,382,257,175
402,1513,381,260,181
403,1505,381,266,176
404,1493,385,277,167
405,1488,380,279,176
406,1489,381,273,177
407,1488,377,268,181
408,1474,378,282,181
409,1467,378,284,184
410,1462,368,281,197
411,1453,374,288,191
412,1434,374,308,185
413,1424,374,311,183
414,1421,377,312,186
415,1417,377,314,182
416,1408,376,315,186
417,1408,376,314,186
418,1400,373,318,190
419,1390,372,324,188
420,1388,375,321,186
421,1384,372,328,190
422,1369,371,339,189
423,1365,371,338,189
424,1361,366,338,200
425,1354,364,343,198
426,1352,365,337,197
427,1347,362,342,202
428,1353,364,323,198
429,1337,359,339,202
430,1316,364,360,194
431,1313,368,358,190
432,1318,364,341,195
433,1315,367,340,196
434,1309,363,341,203
435,1306,366,341,203
436,1305,358,336,212
437,1299,355,336,219
438,1298,364,330,204
439,1288,365,335,208
440,1292,367,336,200
441,1286,367,333,199
442,1281,365,337,200
443,1274,364,339,204
444,1267,359,340,212
445,1268,356,333,214
446,1268,358,323,207
447,1261,362,322,205
448,1258,361,321,199
449,1267,365,301,202
