1,3672,823,60,141
2,3670,819,56,141
3,3665,816,55,140
4,3658,793,55,138
5,3659,793,55,137
6,3651,791,54,137
7,3645,782,54,135
8,3640,777,54,135
9,3638,781,54,134
10,3640,782,54,134
11,3639,783,54,133
12,3633,755,53,135
13,3631,792,52,135
14,3626,816,52,133
15,3627,817,52,132
16,3621,798,52,131
17,3614,778,52,130
18,3608,779,52,130
19,3607,787,52,131
20,3607,788,52,130
21,3610,817,52,129
22,3610,831,52,128
23,3611,815,52,128
24,3605,776,52,126
25,3605,777,53,126
26,3595,776,52,129
27,3591,800,53,128
28,3596,809,53,127
29,3602,807,52,127
30,3601,807,52,129
31,3602,788,53,128
32,3593,770,55,127
33,3589,773,56,128
34,3585,764,57,129
35,3585,764,57,130
36,3585,771,57,129
37,3582,750,57,129
38,3577,739,57,130
39,3573,744,58,131
40,3573,743,58,131
41,3572,755,58,132
42,3572,775,59,130
43,3571,786,59,129
44,3567,778,60,129
45,3567,780,60,128
46,3561,756,60,128
47,3558,774,61,128
48,3555,760,60,129
49,3550,745,62,129
50,3550,745,62,128
51,3547,756,63,129
52,3544,780,64,130
53,3541,779,65,132
54,3539,788,67,132
55,3539,788,69,132
56,3532,807,68,132
57,3525,802,69,132
58,3516,810,70,132
59,3512,822,69,132
60,3512,821,69,132
61,3510,814,68,132
62,3514,822,68,133
63,3514,819,68,134
64,3511,821,67,134
65,3511,821,68,134
66,3510,821,67,134
67,3514,824,66,135
68,3520,832,65,136
69,3525,833,65,136
70,3524,833,66,136
71,3532,831,66,136
72,3535,839,65,137
73,3538,850,65,138
74,3540,855,66,137
75,3539,855,67,136
76,3542,868,69,132
77,3545,861,69,131
78,3547,849,68,133
79,3547,850,69,136
80,3547,849,70,137
81,3545,872,70,136
82,3543,876,71,137
83,3544,871,70,138
84,3540,864,70,137
85,3540,864,71,137
86,3533,857,70,137
87,3526,858,71,138
88,3520,877,70,138
89,3519,886,72,136
90,3519,886,71,137
91,3515,902,71,137
92,3510,913,71,138
93,3504,929,72,137
94,3498,932,71,138
95,3498,931,71,138
96,3490,934,71,138
97,3484,936,71,139
98,3480,924,71,141
99,3478,924,71,142
100,3479,922,72,143
101,3475,923,72,144
102,3469,931,72,144
103,3466,947,72,144
104,3460,951,73,145
105,3460,954,73,144
106,3460,945,74,144
107,3459,939,74,145
108,3457,928,74,145
109,3451,928,74,146
110,3451,929,75,146
111,3446,931,74,148
112,3443,940,74,149
113,3438,934,73,151
114,3428,923,74,151
115,3428,923,74,152
116,3422,917,75,154
117,3415,903,75,155
118,3407,907,76,158
119,3406,924,77,159
120,3405,926,77,158
121,3408,923,79,159
122,3407,907,79,160
123,3406,890,78,163
124,3397,864,79,165
125,3397,864,78,167
126,3392,858,78,170
127,3391,870,79,171
128,3392,872,80,171
129,3392,875,81,170
130,3391,873,81,170
131,3389,883,82,171
132,3383,877,82,174
133,3379,872,81,177
134,3376,873,81,179
135,3376,873,82,181
136,3373,853,84,182
137,3368,855,85,181
138,3362,866,88,180
139,3357,851,88,182
140,3358,855,89,182
141,3355,856,88,184
142,3350,856,91,182
143,3339,819,90,184
144,3336,827,90,185
145,3336,827,90,187
146,3330,816,91,186
147,3325,817,92,189
148,3323,846,92,192
149,3314,844,94,193
150,3311,844,95,193
151,3304,847,96,195
152,3296,832,96,197
153,3286,829,95,200
154,3282,848,96,204
155,3280,846,97,207
156,3282,875,99,210
157,3279,890,100,209
158,3275,888,101,208
159,3266,878,102,207
160,3266,879,104,206
161,3261,878,104,208
162,3256,874,105,211
163,3252,873,106,213
164,3246,893,108,214
165,3246,892,110,216
166,3239,911,111,213
167,3235,915,115,210
168,3222,898,116,212
169,3208,881,115,216
170,3210,880,118,217
171,3203,899,119,219
172,3194,918,121,220
173,3187,926,121,221
174,3181,910,121,222
175,3179,908,122,223
176,3172,915,122,226
177,3164,925,120,229
178,3165,926,122,233
179,3162,932,122,240
180,3162,927,123,245
181,3160,938,123,246
182,3159,942,127,246
183,3153,950,130,245
184,3144,963,133,244
185,3145,961,136,245
186,3139,958,136,247
187,3134,962,137,251
188,3122,968,144,247
189,3116,974,148,248
190,3117,970,152,253
191,3108,983,156,255
192,3101,995,157,254
193,3092,991,162,255
194,3077,983,166,260
195,3076,983,167,263
196,3060,982,167,266
197,3046,987,166,265
198,3032,992,166,267
199,3018,1002,168,267
200,3024,1006,169,266
201,2997,1014,173,265
202,2987,1021,174,266
203,2980,1021,176,266
204,2950,1020,176,269
205,2961,1021,173,276
206,2947,1035,173,277
207,2935,1035,173,280
208,2921,1038,177,280
209,2886,1032,177,283
210,2899,1036,173,286
211,2889,1044,174,288
212,2887,1055,182,286
213,2875,1058,185,287
214,2862,1057,187,287
215,2860,1061,193,283
216,2849,1073,199,276
217,2827,1084,205,271
218,2809,1096,210,269
219,2779,1102,208,269
220,2785,1100,208,270
221,2773,1103,209,269
222,2755,1119,220,259
223,2731,1124,219,261
224,2725,1131,225,258
225,2720,1133,231,256
226,2705,1143,235,256
227,2692,1151,237,254
228,2682,1158,240,251
229,2670,1160,239,252
230,2672,1162,243,249
231,2659,1166,245,247
232,2649,1177,253,239
233,2632,1184,257,236
234,2617,1191,262,233
235,2614,1188,266,232
236,2597,1202,271,229
237,2590,1212,276,225
238,2577,1214,276,224
239,2562,1221,273,223
240,2566,1216,266,227
241,2549,1221,269,223
242,2533,1220,261,230
243,2518,1232,260,228
244,2498,1242,259,221
245,2501,1244,256,219
246,2481,1245,254,217
247,2462,1255,254,213
248,2442,1262,254,206
249,2423,1271,256,200
250,2422,1273,257,196
251,2406,1284,254,195
252,2387,1289,256,192
253,2369,1302,257,188
254,2350,1303,255,188
255,2350,1305,253,187
256,2333,1310,251,186
257,2313,1321,253,179
258,2298,1326,254,174
259,2282,1335,252,173
260,2284,1335,252,170
261,2268,1336,248,171
262,2254,1343,246,169
263,2240,1341,243,169
264,2225,1340,238,170
265,2226,1342,236,167
266,2210,1348,235,164
267,2192,1348,230,163
268,2177,1357,227,160
269,2164,1359,224,160
270,2167,1360,221,160
271,2153,1355,213,162
272,2141,1363,209,161
273,2128,1362,206,160
274,2112,1358,201,161
275,2116,1358,198,161
276,2101,1363,195,160
277,2090,1361,192,159
278,2081,1365,189,157
279,2069,1372,186,156
280,2072,1372,183,156
281,2058,1374,180,155
282,2052,1375,176,156
283,2044,1378,171,157
284,2034,1373,163,160
285,2034,1373,161,160
286,2026,1368,156,159
287,2021,1369,149,159
288,2012,1367,144,158
289,2002,1377,141,153
290,2001,1376,141,150
291,1994,1381,136,150
292,1985,1379,130,151
293,1978,1383,128,149
294,1968,1386,126,146
295,1968,1387,126,143
296,1959,1389,124,141
297,1946,1385,120,141
298,1934,1377,116,142
299,1926,1382,111,144
300,1927,1383,111,142
301,1915,1386,110,141
302,1902,1381,107,142
303,1895,1374,103,142
304,1887,1374,101,142
305,1889,1377,99,142
306,1881,1375,97,141
307,1878,1381,96,141
308,1869,1391,96,138
309,1860,1381,94,139
310,1861,1382,93,138
311,1855,1386,91,140
312,1846,1392,90,138
313,1840,1392,89,136
314,1832,1394,89,133
315,1833,1397,89,130
316,1824,1394,86,130
317,1818,1397,85,127
318,1809,1400,85,126
319,1800,1401,85,125
320,1801,1402,85,124
321,1797,1404,83,126
322,1795,1409,81,126
323,1790,1399,78,127
324,1786,1391,75,128
325,1787,1395,74,126
326,1782,1384,73,125
327,1774,1383,71,124
328,1772,1396,70,123
329,1767,1413,72,117
330,1767,1414,71,115
331,1761,1418,70,113
332,1756,1413,68,112
333,1751,1409,66,111
334,1748,1406,64,110
335,1749,1407,65,108
336,1743,1404,63,107
337,1736,1402,63,106
338,1732,1390,61,105
339,1728,1396,60,102
340,1728,1397,60,100
341,1726,1391,58,100
342,1721,1403,57,100
343,1713,1402,56,98
344,1705,1398,54,98
345,1706,1400,53,97
346,1700,1389,52,97
347,1697,1377,51,97
348,1695,1383,49,98
349,1695,1384,48,98
350,1696,1385,48,97
351,1691,1403,49,95
352,1688,1398,48,94
353,1689,1383,47,94
354,1685,1382,47,93
355,1686,1381,47,93
356,1685,1372,48,90
357,1679,1384,49,88
358,1679,1390,49,88
359,1679,1377,49,86
360,1679,1377,49,85
361,1679,1385,49,84
362,1676,1377,47,85
363,1675,1380,46,85
364,1667,1385,45,87
365,1668,1385,43,88
366,1661,1361,43,87
367,1659,1339,41,89
368,1655,1349,41,89
369,1657,1352,41,88
370,1657,1354,44,86
371,1656,1383,46,85
372,1656,1396,47,84
373,1657,1382,47,84
374,1658,1360,47,84
375,1658,1361,46,83
376,1658,1356,47,82
377,1659,1353,47,82
378,1656,1362,48,80
379,1658,1360,50,78
380,1657,1360,52,77
381,1661,1352,52,77
382,1660,1348,52,76
383,1655,1365,52,74
384,1653,1385,54,72
385,1653,1385,53,73
386,1648,1396,53,72
387,1644,1396,52,73
388,1641,1388,50,74
389,1641,1374,51,73
390,1641,1375,52,71
391,1638,1373,49,73
392,1636,1382,48,74
393,1635,1377,47,75
394,1634,1372,47,76
395,1634,1370,47,76
396,1633,1376,50,73
397,1630,1378,50,71
398,1631,1375,50,70
399,1628,1383,51,68
400,1629,1384,52,67
401,1628,1380,50,68
402,1626,1383,51,67
403,1624,1379,49,69
404,1622,1381,49,69
405,1623,1381,49,69
406,1619,1374,48,70
407,1615,1359,45,71
408,1611,1375,47,69
409,1603,1363,44,71
410,1604,1362,43,71
411,1601,1360,43,70
412,1590,1364,42,70
413,1587,1350,42,69
414,1581,1353,40,70
415,1581,1353,39,69
416,1574,1368,39,68
417,1569,1363,37,68
418,1565,1366,37,67
419,1559,1368,35,67
420,1559,1368,34,67
421,1558,1347,34,67
422,1553,1356,34,65
423,1548,1364,32,65
424,1549,1357,32,64
425,1549,1357,31,63
426,1545,1364,31,64
427,1540,1364,30,64
428,1538,1352,31,62
429,1534,1359,30,62
430,1536,1360,29,62
431,1534,1360,30,61
432,1534,1359,29,60
433,1532,1360,28,60
434,1528,1359,29,58
435,1529,1359,29,58
436,1533,1344,28,58
437,1533,1344,28,58
438,1530,1345,27,58
439,1529,1344,27,57
440,1529,1344,26,57
441,1526,1350,26,57
442,1524,1343,26,57
443,1524,1336,26,56
444,1524,1336,26,56
445,1524,1337,26,56
446,1522,1339,26,56
447,1521,1343,26,56
448,1514,1366,28,55
449,1514,1354,27,55
450,1515,1355,27,55
451,1511,1342,27,55
452,1502,1346,27,56
453,1496,1342,27,56
454,1488,1348,27,57
455,1489,1349,26,58
456,1481,1354,26,59
457,1473,1348,26,60
458,1467,1339,26,60
459,1459,1337,26,61
460,1459,1336,26,62
461,1450,1343,27,62
462,1445,1343,27,63
463,1442,1341,27,64
464,1437,1336,28,64
465,1437,1336,28,64
466,1435,1324,28,64
467,1432,1321,29,65
468,1429,1324,29,65
469,1429,1325,30,64
470,1429,1325,30,64
471,1430,1321,30,65
472,1430,1321,30,64
473,1427,1315,30,64
474,1422,1312,31,64
475,1422,1312,31,64
476,1417,1307,31,64
477,1408,1314,30,64
478,1398,1315,30,64
479,1392,1314,31,63
480,1391,1315,31,63
481,1379,1322,31,63
482,1368,1328,31,62
483,1360,1326,32,62
484,1349,1328,33,60
485,1349,1328,33,59
486,1338,1329,34,58
487,1331,1320,34,57
488,1323,1323,34,56
489,1313,1330,35,55
490,1312,1332,35,54
491,1305,1323,34,55
492,1296,1322,34,54
493,1288,1322,34,53
494,1281,1322,34,53
495,1282,1322,34,52
496,1275,1318,34,51
