1.0
0.851063829787234
0.8805119663364601
0.8378378378378378
0.8285077951002228
0.8474039503291941
0.8616282062280175
0.8538797447094391
0.8801323379708178
0.8416624600370184
0.8649495890875202
0.8546267322306661
0.8412527964205817
0.7941815749874603
0.7691805419523343
0.7942688579856721
0.8333333333333334
0.7716802715590398
0.7673358393985443
0.7573570238756246
0.8128785992863663
0.7482014388489209
0.7720072503743399
0.7335608646188851
0.719342047290351
0.7421897810218978
0.748058215820828
0.7801697998787144
0.7970615243342516
0.7391816308507506
0.7820602662929222
0.7628789563412646
0.7420008686839438
0.7741417539567245
0.8075680664513152
0.7444452928151485
0.821775034073599
0.7462115414051738
0.7573250869733282
0.7743345562407307
0.7727975270479135
0.7609502598366741
0.8202350068670837
0.7417218543046358
0.7441023002866172
0.7417561781717119
0.7582650894752806
0.7592800899887514
0.7202535292422932
0.7601846424384525
0.7234539089848308
0.7119085515844307
0.7235832898950033
0.7407796101949026
0.7514459550814993
0.7144551519644181
0.725923586990843
0.7132582114600815
0.7794129538287378
0.7791275538376587
0.7993040381969734
0.8204169781543318
0.8062060889929742
0.8009535160905841
0.8128376743810983
0.8128376743810983
0.8538422903063787
0.8159922928709056
0.8038296209456819
0.7649478254246325
0.8188558495278233
0.816587167256501
0.8256067205973865
0.8206710984488762
0.805937670008549
0.8204683434518647
0.8192029543006616
0.8726326912135252
0.8826207120793367
0.8836982176283877
0.8707851540389747
0.8613479170017694
0.8736520199581522
0.8983337358126057
0.8763295761231942
0.8600838734273732
0.8424826349988797
0.8520079875748835
0.8377771120431396
0.8721060912564621
0.8625529071062598
0.8441442778684874
0.9201157968860026
0.8758859900467502
0.938727042431919
0.9102034572433838
0.9138431752178122
0.8670899621887708
0.9049123814995691
0.8756689137535617
0.8986155782408055
0.9075231879079354
0.8814814814814815
0.8388801509908776
0.8354814253222138
0.9211493046444503
0.8667678300455235
0.874157712620652
0.8484344364565385
0.9171119671927427
0.8707106749925662
0.8786823307160989
0.8401721664275467
0.8852052855120339
0.8915691283940348
0.8787706963030165
0.8487783158011911
0.8793915659231512
0.8980662825851349
0.9185959671396564
0.8683303234280085
0.861966447228711
0.8571428571428571
0.8504582730342499
0.8508841382950647
0.899323090147201
0.8665135939049209
0.8858908895458211
0.8500050776886361
0.8905151309964061
0.8741651648468144
0.893228749799904
0.8696289318050976
0.857069170062413
0.8749138342435973
0.8796744390673119
0.8788458293492323
0.8994310575635877
0.8375982694032607
0.8202270596812832
0.8674340474748031
0.8737379340951958
0.8941243258586432
0.8885926913251139
0.8690694699371488
0.8881118881118881
0.8493150684931506
0.8690134628117413
0.8435833242625449
0.8947516770956649
0.9416637901277183
0.9350471293916024
0.8940158615717375
0.9204296237980093
0.9002972787560027
0.8933943380040035
0.8731330569595094
0.8741258741258742
0.9069884364002011
0.9472076048209133
0.8673718470301057
0.8866801376221943
0.926564641388762
0.9400805060379529
0.9069767441860465
0.9069767441860465
0.9069767441860465
0.9003071767662664
0.9072832886505808
0.9135594173556043
0.9199229810850605
0.8995107687116909
0.87343165309267
0.8937063730775779
0.8804733727810651
0.913013698630137
0.9195140037647596
0.9001181700523324
0.9063916591115141
0.9408366882548573
0.9332137276462759
0.9473009210679725
0.9399591955698047
0.906008884732289
0.9265901482544238
0.912078634746427
0.9044862518089725
0.9128040101491429
0.903027980068992
0.9255533199195171
0.9393309646711805
0.9015191897654584
0.9010989010989011
0.8839868182123882
0.8822323929230139
0.922065063649222
0.8450257629805786
0.8755036261079774
0.8264919167054754
0.9008958171686534
0.8400967853439336
0.841642228739003
0.8554267650158061
0.8323112708817932
0.8146263245956498
0.82252967202753
0.82252967202753
0.8213118174862628
0.8027684142580507
0.8281561277945843
0.8284927935105382
0.8727355072463768
0.8380026240642124
0.832632464255677
0.7400337713824242
0.7673475633080866
0.7804953084140901
0.7953919949673666
0.7710618436406068
0.7642606320717908
0.7668336987159411
0.7270153479362241
0.720315640586615
0.7355702631983992
0.741839530332681
0.7482386096759042
0.7704956542165845
0.7213187463039622
0.7658092599920855
0.7723602976096248
0.7704956542165845
0.7716145026340254
0.7831013272903853
0.7034240046924262
0.6961867818195125
0.7022397891963109
0.7606148227058286
0.7744034707158352
0.8135917683656377
0.864430996806186
0.8773438843970411
0.8673726676752396
0.8947368421052632
0.9370208105147865
0.887146529562982
0.905039424065821
0.9131326949384405
0.9250589571141584
0.956479261035616
0.9338929695697796
0.9334840448656638
0.8879037921348315
0.9113317357069497
0.9315743944636679
0.9674861221252974
0.9595904684243907
0.9449023861171366
0.8944723618090452
0.8920704845814978
0.8778783958602846
0.9165566411407446
0.9405483898522252
0.9210301893228723
0.9043720606166173
0.9536563876651982
0.8897221748764275
0.9061726287031503
0.9117218939977738
0.90000845237089
0.8685279187817259
0.8332918016446549
0.7726634162465912
0.8529386820456281
0.8214256283477545
0.8252035797790856
0.8394451530612245
0.8394679863903495
0.8758800122436486
0.8805647712367873
0.8178660049627792
0.8153846153846154
0.8032903685471857
0.8334431413888523
0.7506561679790026
0.7770646407754274
0.7923646279703934
0.8552228094212827
0.7767879867650802
0.7860066263886182
0.7612121988723731
0.7816405506566009
0.8162747956144243
0.7694440942896761
0.7638411010322177
0.7621659102370146
0.7541934670198007
0.8042488619119879
0.7404057971014493
0.700699663125162
0.714019658561821
0.7141506460762685
0.6947903694479037
0.7085678549093183
0.7098669965975873
0.6918478820983202
0.6779758481886141
0.7192755498059509
0.6935272139755629
0.7155098108806976
0.7223942208462333
0.74403275741536
0.6862560135836242
0.7948228502258019
0.7221613727637824
0.7478991596638656
0.7660521863033217
0.7551533877731185
0.7995028997514498
0.7511528756634474
0.7571180555555556
0.7743216412971542
0.7350715613784754
0.7481069518716578
0.7533262935586061
0.7186311787072244
0.681211436867363
0.7294699258445482
0.7180988145202857
0.731765992345544
0.7163160886867538
0.7136140842252676
0.6409369825655011
0.6833301693771225
0.6548668759946664
0.6703378025422253
0.6494252873563219
0.6396057347670251
0.6396057347670251
0.6608570030524035
0.6472805076709864
0.6593487189516918
0.6549399724463688
0.6525697503671072
0.6419608987452582
0.6525697503671072
0.6419608987452582
0.6525697503671072
0.6430469441984057
0.683404776484997
0.6312199036918138
0.6489851791402322
0.6226444238492431
0.6324681308554754
0.6226444238492431
0.63362102480367
0.6226444238492431
0.6348031496062992
0.6257028532573162
0.6093927795593256
0.6202030721166363
0.6311595722373663
0.6189976108587781
0.628482972136223
0.6509858551221603
0.6711276875822729
0.6747798777410129
0.689275893675527
0.6603230030554343
0.6926708297230273
0.6715640572255265
0.6992135848006125
0.6872365420496165
0.66774650739016
0.7001510574018127
0.709915140687807
0.6938005988688034
0.7092368238289991
0.6564169535794847
0.6360077436007744
0.6496022293136771
0.6750648737909885
0.6783326779394416
0.6864988558352403
0.6543367346938775
0.7146716101694915
0.6884970612930311
0.6834227619316577
0.6759344904510582
0.7135213227031943
0.7211055276381909
0.8115671641791045
0.7456709185491341
0.7952642217730291
0.8039229983958
0.8236270368135185
0.8596176355833008
0.8718910543912582
0.8299881936245572
0.9069804933096889
0.8783958602846055
0.9504132231404959
0.9583442038438125
0.9480394725351498
0.921350254683588
0.9287429943955164
0.8684895833333334
0.8836421952957947
0.924336834609222
0.9166002656042497
0.8964373035277681
0.8413781193333909
0.8350042480883603
0.8217391304347826
0.8568489627978741
0.8349239102398762
0.8166680682869397
0.782687402287501
0.7662928652689744
0.8041766518315645
0.8173245431027288
0.8186077093778252
0.7823986058301647
0.773392843160285
0.7813739982883373
0.8128692836908135
0.836093660765277
0.8638449770525243
0.8755227333392651
0.8007809254797708
0.7994004496627529
0.8534885697289029
0.7796427471512165
0.8352029033322336
0.842118287552586
0.8034214618973562
0.8100163309744148
0.834057911574112
0.855527847049044
0.8365970051012013
0.855527847049044
0.8650920400100865
0.8660383709188826
0.855527847049044
0.8354300990721811
0.8354300990721811
0.825536598789213
0.7979758660957571
0.8354300990721811
0.823228283474644
0.8573287782658208
