1.0
1.0
0.9411764705882353
1.0
0.9983221476510067
0.9550286181520851
0.9411764705882353
0.8862275449101796
0.8738007380073801
1.0
0.9985775248933144
0.9722991689750693
1.0
1.0
1.0
1.0
1.0
1.0
0.9761904761904762
1.0
1.0
1.0
0.9748771163298744
1.0
0.9886363636363636
0.9252049180327869
0.9565217391304348
0.7922616305849839
0.9143835616438356
1.0
0.8142857142857143
0.8792184724689165
0.875
0.8557692307692307
0.8448204704911267
0.7684331797235023
0.7254833040421793
0.7640966628308401
0.6810344827586207
0.7129468934397779
0.6958762886597938
0.6206788183532369
0.6586447118429386
0.6964285714285714
0.873555166374781
0.8482993197278912
0.7634300967634301
0.7078189300411523
0.7418203450327187
0.7720610230332037
0.7289800635654435
0.8504424778761062
0.8511105017822869
0.8516707416462918
0.8004257583821182
0.7254805322819122
0.766115090145715
0.7689581856839122
0.7002257336343115
0.7821539830885625
0.7357083678541839
0.7204847537138389
0.7921718783237609
0.8446321404756613
0.8197941756076199
0.8332982529993685
0.8824030677460588
0.9149674620390456
0.894331550802139
0.9259893048128343
0.8784484546774528
0.9943194232029714
1.0
0.9293802758904673
0.8228571428571428
0.9035070338815138
0.8631415241057543
0.8714285714285714
0.8795925791196799
0.9141776937618148
0.9037037037037037
0.9002479496471486
0.8914505283381364
0.8753218094887827
0.864627221102766
0.9342625729892635
0.8739730816290858
0.8615384615384616
0.8817204301075269
0.8456375838926175
0.9020134228187919
0.8647187975004222
0.7916531341344593
0.7953443258971872
0.7937937937937938
0.8278718041051495
0.8009190874774331
0.7724917569477155
0.8258642765685019
0.8922406569465393
0.8704394357061781
0.8704394357061781
0.8765512736773351
0.8765512736773351
0.9010339734121122
0.863716814159292
0.9010339734121122
0.9192465192465192
0.9444901993081865
0.9265536723163842
0.9074700276667691
0.8957669549385525
0.7858866960102229
0.8530942741469058
0.9009163802978236
0.8856981981981982
0.838902317645386
0.8406953548019379
0.7831223628691983
0.8235866092512849
0.7692411740835926
0.8792822185970636
0.8673190387106059
0.8256187945741854
0.9222287562481623
0.8231629619142008
0.7610452586206896
0.7094540612516644
0.7486598253943942
0.781148429035753
0.7756994655768626
0.7280182232346242
0.7497789566755084
0.7681137946362424
0.8402713536848597
0.8032786885245902
0.773720569575638
0.8545780969479354
0.820854453294714
0.8573896654625413
0.8620689655172413
0.8653574234092695
0.8355674709562109
0.8095905340183714
0.7764636309875813
0.678556263269639
0.7960457856399584
0.6785558938668986
0.6987522281639929
0.7768357522632562
0.8550050849920093
0.9248757673194973
0.6907812107510676
0.49118223383409537
0.7266251113089938
0.6684856753069577
0.7674858223062382
0.6982872200263505
0.6489439184268027
0.5825537885874649
0.6279547790339157
0.7329842931937173
0.8253968253968254
0.8609137055837564
0.6974470396523629
0.7924931339639915
0.7147178944183936
0.5332724227196589
0.4690425357201511
0.47344671988892745
0.5126262626262627
0.0
0.0
0.0
0.0
0.667577591255124
0.6093253968253968
0.6427549560596771
0.6276923076923077
0.6410815525512429
0.637065637065637
0.6916508538899431
0.7354171794240709
0.6932773109243697
0.6214227309893704
0.6214227309893704
0.6331574562621494
0.6325823223570191
0.6183819155264724
0.6511118070779831
0.6371437327612627
0.6141078838174274
0.5092250922509225
0.532258064516129
0.5379163713678242
0.4679872656526353
0.47300679299249193
0.4781351644380195
0.4833759590792839
0.47778981581798485
0.4676564156945917
0.4676564156945917
0.45826117076550055
0.46355991590749823
0.46355991590749823
0.4547954623581987
0.4547954623581987
0.44665766374071575
0.4656810982048574
0.44665766374071575
0.46017391304347827
0.47453371592539456
0.48021778584392016
0.4956912701386287
0.4956912701386287
0.5184169278996865
0.42670881074674044
0.4468349193214729
0.47451669595782076
0.49838486386709735
0.5312346286276439
0.5383848454636092
0.5753862546616942
0.5845980888139404
0.6186793575252826
0.6368646662584201
0.49649532710280375
0.6074168797953964
0.5821474773609314
0.6181318681318682
0.48902195608782434
0.5648414985590778
0.0
0.0
0.0
0.0
0.0
0.37676609105180536
0.3639120545868082
0.49473684210526314
0.5320754716981132
0.5233853006681515
0.5149744338933528
0.7135377711293942
0.7395348837209302
0.7282442748091603
0.452991452991453
0.6918056562726613
0.661041819515774
0.7282442748091603
0.7282442748091603
0.7995409334353482
0.7995409334353482
0.6292059219380888
0.7021276595744681
0.7482419127988749
0.76
0.7252897068847989
0.6235294117647059
0.6428571428571429
0.672566371681416
0.672566371681416
0.5905096660808435
0.628099173553719
0.57
0.5947456679709335
0.3276327632763276
0.35764050162563865
0.195907705703091
0.0
0.0
0.0
0.0
0.0
0.0
0.0
0.0
0.0
0.0
0.0
0.0
0.0
0.0
0.0
0.0
0.0
0.0
0.0
0.0
0.0
0.0
0.0
0.055750238929595415
0.0491283676703645
0.06737367436057393
0.1039650327817671
0.07296137339055794
0.04866180048661801
0.041462712352433054
0.03324267150196434
0.05327617881200245
0.05326569435637286
0.046242774566473986
0.037358238825883926
0.05188067444876784
0.05005005005005005
0.060240963855421686
0.05363984674329502
0.08231046931407943
0.062219149671621156
0.0
0.0
0.0
0.0
0.0
0.0
0.0
0.0
0.0
0.0
0.0
0.0
0.0
0.07487832272557095
0.10684931506849316
0.13228962818003914
0.14895298301066773
0.10392609699769054
0.1305398871877518
0.1053864168618267
0.10695187165775401
0.1117964533538936
0.10057803468208093
0.12017167381974249
0.12509476876421532
0.13719512195121952
0.10058027079303675
0.11060259344012205
0.14103060829135994
0.09048723897911833
0.0718515594157126
0.08296769046669326
0.08221343873517786
0.08221343873517786
0.08221343873517786
0.08221343873517786
0.08221343873517786
0.11292834890965732
0.11779041429731925
0.10477719791248495
0.10385992837246319
0.12451209992193599
0.11192589733693555
0.11674718196457327
0.11674718196457327
0.11674718196457327
0.11779041429731925
0.10050057758952638
0.11292834890965732
0.10050057758952638
0.09206349206349207
0.10050057758952638
0.10139860139860139
0.10139860139860139
0.10231281850254802
0.10139860139860139
0.11394891944990176
0.10139860139860139
0.10139860139860139
0.11394891944990176
0.12678855325914148
0.12795828319294023
0.14123376623376624
0.12397979012825495
0.13679245283018868
0.11145272867025365
0.13023255813953488
0.14848365498227648
