1.0
0.8633093525179856
0.8633093525179856
0.7992733878292462
0.7658833768494343
0.9044193216855088
0.8427876823338736
0.6653940550859013
0.6855362243573098
0.592858746912194
0.6110458284371327
0.5161290322580645
0.5255594333812359
0.5134189031505251
0.42206235011990406
0.4661840014126788
0.46161916418954363
0.48672566371681414
0.2998161504737661
0.2705867048263302
0.2618405852907201
0.1370289629398941
0.0
0.0
0.0
0.0
0.0
0.0
0.0
0.0
0.0
0.0
0.0
0.0
0.0
0.0
0.0
0.0
0.0
0.0
0.0
0.0
0.0
0.0
0.0
0.0
0.0
0.0
0.0
0.0
0.0
0.0
0.0
0.0
0.0
0.0
0.0
0.0
0.0
0.0
0.0
0.0
0.0
0.0
0.0
0.0
0.0
0.0
0.0
0.0
0.0
0.0
0.0
0.0
