1.0
1.0
0.9050013970382789
0.9144649157193258
0.9425451657732777
0.9303649407361197
0.9225511653803325
0.9151848341232227
0.9079709613551368
0.9354180829367778
0.9383272519138585
0.9469934146604772
0.9271589846839721
0.9324025927772633
0.9481122126133728
0.9694449277884113
0.9182111200644641
0.8586577007629639
0.9222614840989399
0.9529863891112891
0.8935802469135803
0.9472118959107807
0.9291640076579452
0.9328605060047084
0.9438320209973753
0.9209922412851055
0.9126912691269127
0.8879660172286955
0.8525207959924629
0.775347647124263
0.8534810572273602
0.8675093207238338
0.932613468345356
0.9807252678291273
0.9612868894259551
0.9764126892637833
0.9360251018673872
0.9322033898305084
0.9974226245911936
0.968359275325338
0.9602091199535289
0.8925785913251094
0.9051067375605111
0.8785638859556494
0.8309108348397093
0.9000995685363425
0.8762964836832785
0.9380157810916462
0.930823786142935
1.0
0.9406252815568971
0.8385850782679406
0.8952674897119342
0.9664934599534134
0.9184126158911706
0.8898515461883703
0.9153697915823226
0.8059637629839471
0.8895089615259693
0.7854067898207182
0.8366934142414202
0.8349875459913264
0.859819337571094
0.8934594965509769
0.8626169612357047
0.8630899501838587
0.8466176954281329
0.8620335644995705
0.799002110162305
0.8231099246830013
0.8697930311763165
0.8866848499876023
0.8679480801411062
0.9178011957188504
0.9270659508089676
0.9216747847303229
0.9265730222131286
0.9071412972264686
0.9104891252894042
0.8989503647037893
0.891262962777416
0.8490069666607123
0.8532929407680899
0.875810114662383
0.8592647720048995
0.9101307812559576
0.8952098420731175
0.8140379742670045
0.9249627092425833
0.8535367293198947
0.9007637594813784
0.8859687949540777
0.89309981643646
0.8535882515932391
0.8400404763758076
0.8739378437140299
0.815026489937705
0.833345445912489
0.840636235622033
0.8432389385564899
0.825422611698523
0.8118825238221579
0.8239821700465609
0.831866141164392
0.8406725477012027
0.8586879459369767
0.842255511588468
0.8545930991421256
0.7938774952063474
0.8146406513194835
0.8517828655197689
0.8570044945775911
0.8751846685869449
0.874368180521389
0.8718698475543057
0.8037940873404679
0.7972390122023547
0.8251214434420542
0.7034444106695038
0.7289881156087581
0.7986893553368322
0.8168080109680091
0.8808144215802294
0.8714408125204768
0.8886131251858905
0.8253161907751728
0.8652468737157283
0.8724666997442846
0.8485732575323103
0.8218956014265644
0.8208093323539645
0.8279189652954583
0.8705696848365874
0.916205086564394
0.8826957587818269
0.8376037263291197
0.8584279170729016
0.8703726815279014
0.8125289873049087
0.8709977147736119
0.8487260480586137
0.8146149772860288
0.8151279598517724
0.8059629502919221
0.7551003060183611
0.7412435514526201
0.7194231233338789
0.7757129039986512
0.7579790101714409
0.7350533403949459
0.7130049967936711
0.7065336698047825
0.6718138024209507
0.6787661640612226
0.6700586853595859
0.6249471144924847
0.5703909901933567
0.5665403464673132
0.559817909722712
0.5384689490733493
0.5251000422943033
0.5243676176896105
0.5325660677210161
0.0
0.0
0.0
0.0
0.0
0.0
0.0
0.7541371158392435
0.7925511100847398
0.7633703158993406
0.7987759472933967
0.8071224330647258
0.7429566917340649
0.7407850169356446
0.7682831391514618
0.803405869107418
0.8520271853761425
0.8771810603087702
0.8839736426341952
0.919658713229823
0.8873795827846698
0.8320696822725923
0.8499469187604267
0.785086556695145
0.7323925982489357
0.7452973089112102
0.747282914425868
0.7792877667341843
0.7584439415254756
0.7655904129455767
0.8040297947591233
0.8338798421608403
0.7848586073835166
0.8197857780422493
0.8249305156592084
0.842980451891343
0.8286678078743329
0.8106283538168599
0.7791813325233612
0.8032490974729242
0.5823988863970304
0.7398467835029908
0.6981673732349701
0.7772481502561184
0.4808996682033062
0.30484433070562367
0.6994441317196736
0.31841787609128935
0.5334261120560796
0.05414285354616179
0.30507594443723224
0.07068012954848543
0.10441713420607356
0.13232647913750942
0.0861823131015263
0.0
0.0
0.0
0.0
0.0
0.0
0.0
0.0
0.0
0.0
0.08304229724485836
0.07439767823963883
0.0960028551034975
0.06554693616112732
0.0
0.0
0.0
0.0
0.0
0.0
0.0
0.0
0.0
0.0
0.0
0.0
0.0
0.0
0.0
0.0
0.0
0.0
0.0
0.0
0.0
0.0
0.0
0.0
0.0
0.0
0.0
0.0
0.0
0.0
0.0
0.0
0.0
0.0
0.0
0.0
0.0
0.0
0.0
0.0
0.0
0.0
0.0
0.0
0.0
0.0
0.0
0.0
0.0
0.0
0.0
0.0
0.0
0.0
0.0
0.0
0.0
0.0
0.0
0.0
0.0
0.0
0.0
0.0
0.0
0.0
0.0
0.0
0.0
0.0
0.0
0.0
0.0
0.0
0.0
0.0
0.0
0.0
0.0
0.0
0.0
0.0
0.0
0.0
0.0
0.0
0.0
0.0
0.0
0.0
0.0
0.0
0.0
0.0
0.0
0.0
0.0
0.0
