1.0
0.949238578680203
0.9509661565955546
0.9105699481865285
0.91953125
0.8895675302925821
0.9302830095651317
0.9041095890410958
0.9122395833333333
0.9410888051196634
0.8967408335944845
0.9596680497925312
0.9530102790014684
0.8162654521795706
0.8929190651224079
0.8448075432704727
0.8223413762287757
0.7718542858761543
0.8313419117647058
0.7915685854911192
0.8111735330836455
0.8213046320977719
0.8089887640449438
0.7921332969134116
0.7281858129315757
0.8488771466314399
0.793143684867018
0.7865211564235114
0.7508556759840274
0.7784695935189444
0.81887074394279
0.7981132075471699
0.7368356450227077
0.7843510882186561
0.7451057055882928
0.6883223684210527
0.7276162271183845
0.7454610692500897
0.7123559793404847
0.6921660914130321
0.7064613882730989
0.7204220654524873
0.668085559221028
0.6733135844265764
0.6552110817941953
0.6324724718584179
0.6214020263109553
0.6268372346216657
0.6528350206074187
0.6441024439149512
0.6501855058125154
0.6141376191470117
0.5928924288916454
0.5769510334872389
0.5673983691209602
0.5393231163436247
0.5007307884344787
0.4997834713519342
0.0
0.0
0.0
0.0
0.0
0.0
0.0
0.0
0.0
0.0
0.0
0.0
0.0
0.0
0.0
0.0
0.0
0.0
0.0
0.0
0.0
0.0
0.0
0.0
0.0
0.0
0.0
0.0
0.0
0.0
0.0
0.0
0.0
0.0
0.0
0.0
0.0
0.0
0.0
0.0
0.0
0.0
0.0
0.0
0.0
0.0
0.0
0.0
0.0
0.0
0.0
0.0
0.0
0.0
0.0
0.0
0.0
0.0
0.0
0.0
0.0
0.0
0.0
0.0
0.0
0.0
0.0
0.0
0.0
0.0
0.0
0.0
0.0
0.0
0.0
0.0
0.0
0.0
0.0
0.0
0.0
0.0
0.0
0.0
0.0
0.0
0.0
