1.0
1.0
0.9422843256379101
0.8139664804469273
0.8551724137931035
0.8288288288288288
0.8963684676705048
0.8557155451072583
0.8252292303417617
0.6974101479915433
0.738593666129898
0.7696762305869965
0.7335243553008596
0.756479217603912
0.7299355594610427
0.921817574340127
0.8630952380952381
0.8904810644831116
0.8237022526934378
0.7878395860284605
0.7109697933227345
0.5866314863676341
0.6657483930211203
0.5958904109589042
0.7243293246993524
0.6792792792792792
0.71900826446281
0.7534976682211859
0.7100881488736532
0.7445687952600395
0.6556543837357052
0.7169056352117372
0.7767857142857143
0.7313382649630128
0.7816971713810316
0.790356394129979
0.7675935461723309
0.7835122965015587
0.7835122965015587
0.738831615120275
0.8058319039451115
0.7538994800693241
0.7602236980076896
0.7449757449757449
0.7602236980076896
0.758893280632411
0.7652173913043478
0.7438546490915569
0.758893280632411
0.758893280632411
0.7702065965929684
0.728051391862955
0.8353808353808354
0.7442539219263042
0.7442539219263042
0.7021593447505584
0.7079579579579579
0.752017608217168
0.7079610073111292
0.7580128205128205
0.7289836888331243
0.7342657342657343
0.821256038647343
0.9289617486338798
0.9628454916175804
0.910032972209138
0.7761065749892565
0.8176638176638177
0.7650273224043715
0.7916481563749445
0.77009507346586
0.6968325791855203
0.8484609313338595
0.7922218221101909
0.7283142389525368
0.7741935483870968
0.9035570223689036
0.8951245177130831
0.9335219236209336
0.9988649262202043
0.9164969450101833
0.9088273195876289
0.850489368882889
0.9475982532751092
0.945761610912634
0.9765258215962441
0.8923884514435696
0.9149057681324957
0.8972168641499035
0.9522091974752029
0.8477388279368477
0.9105145413870246
0.9105145413870246
0.8380952380952381
0.7806451612903226
0.7791666666666667
0.7819905213270142
0.8029197080291971
0.7534246575342466
0.8125704622322435
1.0
1.0
0.9498607242339833
0.7634684453565931
0.9884338855892466
0.8701754385964913
0.8198347107438017
0.9224526600541028
0.9411764705882353
0.9422781700951797
0.9428571428571428
0.9294532627865961
0.8939779474130619
0.8965819456617002
0.934010152284264
0.9229422066549913
0.9705340699815838
0.8646431501230517
0.8606423516603158
0.7617097517276683
0.8205882352941176
0.7948717948717948
0.844551282051282
0.8029456576942611
0.7572519083969466
0.7767653758542141
0.7613495410568097
0.812549642573471
0.7709616295594505
0.8729983434566538
0.7903780068728522
0.7453703703703703
0.8823529411764706
0.8116242864556306
0.744
0.8785095775387037
0.783349101229896
0.9771840288201741
0.8823529411764706
0.8968657915885347
0.7493212669683258
0.7163029525032092
0.8429003021148036
0.8131049888309755
0.8975305137666761
0.8689823278488726
0.8027422873169212
0.7997601918465228
0.845037037037037
0.8255280073461891
0.775
0.86304
0.9140526976160602
0.8478465891229173
0.8776844070961718
0.8497506234413965
0.9055313859540087
0.9055313859540087
0.9227359088030399
0.8404487379245871
0.8147041243275552
0.8648477157360406
0.885678391959799
0.885678391959799
0.9515975956975641
0.9213806327900288
0.9140526976160602
0.9140526976160602
0.8572327044025158
0.8776844070961718
0.8081056186674854
0.8497506234413965
0.777009507346586
0.8634321653189577
0.8293697978596909
0.8712601994560291
0.8293697978596909
0.8096667667367157
0.776386404293381
0.802917534980649
0.749776052553001
0.802917534980649
0.8096667667367157
0.8365817091454273
0.7962798937112489
0.802917534980649
0.8873499538319483
0.8365817091454273
0.7701863354037267
0.8017241379310345
0.8096667667367157
0.8222811671087533
0.81531268264173
0.7701863354037267
0.717720391807658
0.7701863354037267
0.8089468779123952
0.8293697978596909
0.7897510980966325
0.7701863354037267
0.776386404293381
0.8096667667367157
0.8096667667367157
0.8096667667367157
0.7844827586206896
0.7580993520518359
0.8520599250936329
0.8709478234022846
0.810752688172043
0.8369098712446352
0.8551076083661716
0.8038379530916845
0.8444169502010517
0.8444169502010517
0.8177874186550976
0.8177874186550976
0.8474016221087414
0.824945295404814
0.810752688172043
0.822289156626506
0.8677685950413223
0.8709478234022846
0.8322295805739515
0.8790900592084762
0.8444169502010517
0.8396436525612472
0.8471910112359551
0.8092485549132948
0.9044565565886502
0.824945295404814
0.8369098712446352
0.8038379530916845
0.8677685950413223
0.8247117942654448
0.7348049591775022
0.8737864077669902
0.7729331823329558
0.7858376511226253
0.7235772357723578
0.7674698795180723
0.7627215551743853
0.7222222222222222
0.592181868588855
0.7152460338800752
0.843956043956044
0.8880945834478966
0.9746192893401016
0.8265682656826568
0.8961518186610438
0.8242488699813879
0.7552484719638586
0.8113059408531798
0.7855064797672573
0.9099606077658976
0.9098853085745494
0.8759776536312849
0.8759776536312849
0.9189412737799835
0.9146947122407245
0.8448324415657561
0.8605509798352741
0.7844262295081967
0.7966148723640399
0.8691796008869179
0.811472960860472
0.7929277794426132
0.7599164926931107
0.8400827667750518
0.7836045810729355
0.7895535985423626
0.9371221281741233
0.970873786407767
0.8902077151335311
0.8382955476645725
0.7664932931836846
0.8795309168443497
0.979858464888405
0.9505703422053232
0.8756633813495072
0.8607968519429414
0.9027068437180796
0.9366069108859444
0.8592057761732852
0.9184713375796179
0.758172764667677
0.8587005906406179
0.8074912891986062
0.8058544984933276
0.8444444444444444
0.8222643896268185
0.7920177383592018
0.9382716049382716
0.9300764065755962
1.0
0.9722081859525012
0.9464105156723963
0.9244930629669157
0.7996323529411765
0.7509578544061303
0.731928448909581
0.7171668667466987
0.6993210475266731
0.6600996914312841
0.748651817116061
0.7188929001203369
0.686830197666111
0.686830197666111
0.7612009237875289
0.7910447761194029
0.8047064531780689
0.8957024377984418
0.9473684210526315
0.9732142857142857
0.8766550522648083
0.7849604221635884
0.948768472906404
0.9084442404772831
0.9503610108303249
0.8301731244847486
0.9082299887260429
0.7690212103522086
0.7858421157287732
0.848
0.7867851193781232
0.8632696390658174
0.8573382841508697
0.9092227979274612
0.8965869609646434
0.9090909090909091
0.8722233543916853
0.877948717948718
0.8695652173913043
0.8793868495361032
0.9028784427417684
0.8342792281498297
0.8076308784383318
0.7948631294356201
0.8497139885595424
0.891398783666377
0.9463995668651868
0.9865249572973999
0.9319218835553933
0.9914257228315054
1.0
0.956759715380405
0.8442503639010189
0.9716630838381864
0.9033492822966507
0.865971417535728
0.8618239242005526
0.9852158486102898
0.9829692706405035
0.967479674796748
0.9348949362728212
0.7912234042553191
0.7912234042553191
0.9044313934863855
0.8117249154453213
0.7890516576715497
0.7970525023027326
0.8576394375098751
0.8874613003095976
0.8940852819807428
0.8716005349977708
0.8085106382978723
0.8736255460159663
0.9331136738056013
0.8305264754968897
0.9258160237388724
0.9547325102880658
0.9454632435018339
1.0
1.0
0.0
0.0
0.0
0.0
0.9373675081904028
0.0
0.0
0.0
0.0
0.0
0.0
0.0
0.0
0.0
0.4405835108998525
0.3348111367263699
0.2766522749916971
0.17186772240335352
0.03633033124713784
0.03633033124713784
0.03633033124713784
0.03183166981386566
0.03183166981386566
0.0
0.0
0.0
0.0
0.0
0.0
0.0
0.0
0.0
0.0
0.0
0.0
0.0
0.0
0.0
0.0
0.0
0.0
0.0
0.0
0.0
0.0
0.0
0.0
0.0
0.0
0.0
0.0
0.0
0.0
0.0
0.0
0.0
0.0
0.0
0.0
0.0
0.0
0.0
0.0
0.0
0.0
0.0
0.0
0.0
0.0
0.0
0.0
0.0
0.0
0.0
0.0
0.0
