1,227,353,31,94
2,226,352,32,94
3,223,351,35,95
4,224,351,34,98
5,221,352,36,95
6,221,352,35,94
7,219,352,36,95
8,219,354,36,92
9,218,355,36,94
10,218,353,36,95
11,215,354,39,92
12,213,356,39,93
13,212,353,38,95
14,210,352,41,94
15,213,352,31,94
16,210,354,30,92
17,210,352,29,93
18,208,351,28,93
19,207,353,28,92
20,207,351,28,93
21,207,351,28,92
22,208,351,28,95
23,206,351,28,93
24,206,352,29,92
25,203,351,29,92
26,204,352,29,92
27,204,351,27,92
28,204,353,26,90
29,205,354,26,89
30,204,354,27,88
31,206,355,26,88
32,205,355,25,89
33,203,353,25,90
34,205,353,25,89
35,203,354,27,90
36,204,354,25,88
37,202,355,25,89
38,202,353,25,89
39,204,354,25,89
40,204,355,24,89
41,201,353,26,90
42,201,354,24,89
43,202,354,24,88
44,202,355,24,88
45,200,352,24,88
46,201,353,23,88
47,201,353,23,87
48,201,354,23,88
49,200,353,23,88
50,198,353,23,88
51,197,352,24,88
52,197,355,23,90
53,195,354,27,91
54,196,355,23,91
55,195,353,23,91
56,195,353,22,90
57,195,353,22,89
58,192,353,24,91
59,192,355,21,87
60,189,354,23,91
61,189,354,22,91
62,187,353,23,92
63,186,354,23,89
64,184,354,24,89
65,182,350,24,93
66,182,355,22,90
67,181,354,23,91
68,179,352,22,93
69,179,352,22,90
70,179,351,21,93
71,178,349,21,96
72,177,352,25,97
73,175,351,24,96
74,174,351,25,97
75,173,351,25,96
76,171,352,27,95
77,167,352,29,92
78,166,347,30,96
79,165,349,31,95
80,165,350,30,92
81,164,347,31,96
82,162,349,33,95
83,163,348,29,97
84,160,350,32,94
85,159,349,33,97
86,159,352,32,97
87,154,350,37,96
88,153,350,37,98
89,150,351,39,94
90,152,351,36,91
91,150,350,38,97
92,150,348,37,100
93,150,349,37,100
94,149,349,35,98
95,147,348,36,97
96,147,348,37,100
97,147,349,36,99
98,148,349,35,99
99,147,347,36,103
100,147,347,35,97
101,151,349,34,96
102,152,349,32,93
103,150,349,34,96
104,145,349,38,101
105,150,350,35,95
106,148,349,35,96
107,148,348,35,102
108,149,350,35,96
109,150,350,33,94
110,149,349,35,94
111,149,349,35,92
112,150,348,36,98
113,149,348,37,99
114,148,350,36,96
115,148,351,37,93
116,150,348,37,96
117,150,349,36,94
118,148,350,39,97
119,149,348,38,100
120,149,348,37,99
121,150,350,37,97
122,151,350,35,100
123,150,350,38,97
124,148,349,40,97
125,148,350,38,97
126,149,348,38,100
127,147,350,40,97
128,150,350,37,98
129,146,350,43,99
130,152,350,36,99
131,147,351,42,97
132,144,351,45,96
133,151,348,38,98
134,150,351,38,99
135,144,350,45,98
136,151,349,39,101
137,146,351,45,96
138,155,349,34,99
139,151,350,38,98
140,151,349,39,99
141,143,351,47,96
142,142,350,49,98
143,150,350,41,100
144,147,352,43,95
145,157,349,35,99
146,160,351,31,94
147,163,351,27,95
148,162,351,29,96
149,160,351,31,97
150,161,349,28,98
151,163,349,28,98
152,163,351,28,95
153,162,350,30,98
154,163,351,28,97
155,163,349,29,99
156,163,350,28,99
157,162,349,30,99
158,162,349,30,99
159,163,348,30,97
160,163,351,28,98
161,165,350,30,97
162,165,350,28,97
163,163,346,29,98
164,163,350,29,98
165,162,348,31,97
166,163,351,30,95
167,162,348,30,98
168,163,349,30,98
169,164,349,28,98
170,164,346,29,99
171,166,346,27,101
172,165,346,28,99
173,165,345,28,102
174,163,351,30,97
175,165,348,29,98
176,164,349,30,96
177,165,348,29,98
178,165,348,28,97
179,165,349,27,98
180,164,349,28,98
181,165,347,26,98
182,166,349,28,98
183,166,350,28,97
184,165,348,29,97
185,166,348,28,99
186,165,348,28,98
187,166,350,30,94
188,165,348,29,97
189,166,347,27,99
190,165,345,29,102
191,167,349,28,97
192,165,345,29,99
193,166,346,29,100
194,166,348,27,99
195,166,346,25,99
196,166,346,27,99
197,168,352,27,93
198,167,350,29,98
199,167,347,28,100
200,167,348,27,99
201,167,348,27,98
202,167,350,28,97
203,168,349,28,97
204,167,348,28,97
205,168,348,27,98
206,168,350,26,98
207,168,351,29,96
208,166,348,30,97
209,168,349,28,98
210,167,348,29,98
211,166,346,30,99
212,167,347,28,99
213,168,350,29,97
214,167,349,29,97
215,168,348,28,97
216,167,349,28,97
217,168,347,30,100
218,169,350,28,96
219,168,347,28,98
220,167,346,29,100
221,168,350,29,94
222,167,349,30,97
223,167,350,28,95
224,168,349,30,96
225,168,349,29,97
226,168,350,28,94
227,168,352,28,93
228,168,354,27,92
229,166,352,30,93
230,167,348,28,96
231,167,347,29,98
232,165,345,28,99
233,166,352,29,94
234,164,348,30,96
235,166,351,26,94
236,163,351,31,93
237,162,347,29,98
238,162,350,29,96
239,164,349,27,96
240,161,350,27,94
241,161,351,28,94
242,160,350,26,93
243,162,350,23,92
244,158,352,27,97
245,155,352,31,97
246,152,352,33,97
247,146,351,38,97
248,152,350,31,99
249,148,350,33,101
250,149,351,30,100
251,149,351,28,98
252,146,349,30,102
253,147,351,29,101
254,145,349,32,103
255,140,351,34,103
256,143,349,31,104
257,141,348,31,104
258,141,349,32,105
259,141,351,30,104
260,139,351,29,104
261,140,350,29,104
262,139,352,28,107
263,139,352,28,105
264,137,351,27,100
265,138,353,27,106
266,137,350,26,107
267,137,352,25,108
268,137,349,28,108
269,136,347,25,110
270,137,351,25,109
271,136,349,30,108
272,134,349,33,107
273,135,349,29,107
274,133,348,30,110
275,134,351,27,107
276,132,350,32,109
277,132,353,35,106
278,130,353,36,106
279,127,354,39,104
280,125,353,42,100
281,126,352,39,103
282,126,352,38,104
283,123,353,41,103
284,126,352,38,106
285,120,350,45,102
286,122,350,43,104
287,120,352,45,102
288,119,351,45,104
289,119,351,45,102
290,117,351,47,99
291,118,351,44,93
292,118,353,39,103
293,117,352,41,106
294,117,351,37,105
295,117,351,36,106
296,117,351,35,106
297,117,350,32,104
298,118,350,28,106
299,117,350,27,110
300,116,348,28,114
301,114,350,28,117
302,114,348,27,116
303,114,348,26,116
304,112,350,30,116
305,112,348,28,113
306,111,348,27,115
307,109,348,27,115
308,106,350,32,114
309,105,347,30,115
310,103,349,30,116
311,103,348,32,112
312,99,351,38,111
313,98,350,36,110
314,94,351,39,113
315,91,351,39,114
316,92,351,35,114
317,90,353,39,109
318,88,350,42,109
319,86,350,45,111
320,85,350,42,109
321,82,348,48,110
322,80,349,47,110
323,81,350,45,109
324,78,347,50,111
325,80,347,42,108
326,77,349,47,112
327,75,347,44,113
328,76,348,45,112
329,73,350,45,107
330,72,350,46,109
331,71,350,47,106
332,72,350,47,108
333,70,350,46,111
334,70,349,45,108
335,67,350,48,104
336,67,348,47,110
337,65,348,49,113
338,64,350,49,114
339,62,349,50,116
340,61,349,50,114
341,61,351,46,117
342,58,350,49,115
343,58,350,43,114
344,56,351,45,117
345,55,350,47,120
346,52,349,41,121
347,51,353,43,119
348,51,351,39,120
349,49,350,37,122
350,50,349,36,119
351,46,349,41,119
352,44,350,46,120
353,43,348,44,124
354,41,347,47,127
355,39,346,49,126
356,39,347,49,126
357,39,347,47,123
358,36,343,49,130
359,35,343,51,128
360,33,346,51,124
361,31,345,51,125
362,28,344,53,125
363,25,344,51,127
364,23,348,52,126
365,22,346,51,127
366,18,349,52,122
367,17,349,47,118
368,15,349,49,121
369,12,349,47,118
370,9,350,49,115
371,6,352,50,120
372,4,347,49,124
373,2,349,47,125
374,nan,nan,nan,nan
375,nan,nan,nan,nan
376,nan,nan,nan,nan
377,1278,343,43,131
378,1277,343,40,132
379,1,346,32,129
380,3,342,32,134
381,nan,nan,nan,nan
382,nan,nan,nan,nan
383,nan,nan,nan,nan
384,nan,nan,nan,nan
385,nan,nan,nan,nan
386,2,338,25,138
387,nan,nan,nan,nan
388,1276,339,28,137
389,1277,353,24,124
390,1277,353,24,124
391,1277,353,24,124
392,1277,353,24,124
393,1277,353,24,124
394,1277,353,24,124
395,1277,353,24,124
396,1277,353,24,124
397,1277,353,24,124
398,1277,353,24,124
399,1277,353,24,124
400,1277,353,24,124
401,1277,353,24,124
402,1277,353,24,124
403,1277,353,24,124
404,1277,353,24,124
405,1277,353,24,124
406,1277,353,24,124
407,1277,353,24,124
408,1277,353,24,124
409,1277,353,24,124
410,1277,353,24,124
411,1277,353,24,124
412,1277,353,24,124
413,1277,353,24,124
414,1277,353,24,124
415,1277,353,24,124
416,1277,353,24,124
417,1277,353,24,124
418,1277,353,24,124
419,1277,353,24,124
420,1277,353,24,124
421,1277,353,24,124
422,1277,353,24,124
423,1277,353,24,124
424,1277,353,24,124
425,1277,353,24,124
426,1277,353,24,124
427,1277,353,24,124
428,1277,353,24,124
429,1277,353,24,124
430,1277,353,24,124
431,1277,353,24,124
432,1277,353,24,124
433,1277,353,24,124
434,1277,353,24,124
435,1277,353,24,124
436,1277,353,24,124
437,1277,353,24,124
438,1277,353,24,124
439,1277,353,24,124
440,1277,353,24,124
441,1277,353,24,124
442,1277,353,24,124
443,1277,353,24,124
444,1277,353,24,124
445,1277,353,24,124
446,1277,353,24,124
447,1277,353,24,124
448,1277,353,24,124
449,1277,353,24,124
