1,227,353,31,94
2,225,351,33,98
3,222,350,37,99
4,222,348,36,99
5,222,352,35,94
6,223,356,36,92
7,221,352,36,96
8,218,352,36,96
9,218,352,38,96
10,216,355,39,92
11,212,353,43,93
12,214,353,38,96
13,210,353,42,95
14,209,352,42,92
15,210,353,39,94
16,210,352,30,93
17,209,351,30,94
18,208,351,28,94
19,207,353,29,93
20,209,352,27,93
21,206,353,27,92
22,206,352,28,94
23,205,351,29,94
24,205,350,28,94
25,205,351,26,92
26,204,351,28,92
27,203,353,28,90
28,206,352,26,90
29,204,354,26,91
30,203,355,28,88
31,203,355,27,90
32,205,355,26,88
33,203,354,27,88
34,205,353,26,89
35,203,353,25,89
36,204,354,24,90
37,203,353,25,90
38,202,355,25,88
39,203,352,25,91
40,202,353,26,89
41,202,353,24,89
42,203,355,23,88
43,202,354,25,89
44,201,352,25,89
45,203,354,23,87
46,200,355,24,88
47,201,354,23,87
48,200,354,23,87
49,199,352,24,89
50,199,354,24,85
51,199,355,24,87
52,198,353,23,88
53,196,353,24,89
54,197,353,22,90
55,196,354,23,90
56,195,353,24,90
57,194,353,23,86
58,193,354,22,90
59,191,353,22,89
60,190,353,23,90
61,187,355,24,93
62,185,354,24,88
63,185,355,22,91
64,184,355,22,88
65,182,355,23,87
66,182,355,22,90
67,182,354,22,91
68,181,352,21,91
69,180,353,23,88
70,180,353,22,93
71,177,351,22,97
72,177,349,23,100
73,175,350,26,96
74,175,352,25,98
75,172,350,26,96
76,171,349,26,97
77,167,349,32,95
78,166,349,31,95
79,166,347,32,97
80,165,346,31,98
81,164,351,32,94
82,164,351,30,93
83,163,346,29,97
84,161,350,36,97
85,159,350,33,98
86,158,350,35,97
87,155,352,39,95
88,154,350,36,91
89,152,352,39,95
90,151,350,37,99
91,152,350,37,98
92,151,351,36,96
93,151,352,37,91
94,151,351,34,92
95,150,352,34,94
96,146,350,39,99
97,147,351,36,98
98,146,349,38,100
99,148,349,34,100
100,149,348,34,99
101,146,348,37,103
102,148,346,35,101
103,149,350,33,92
104,145,348,37,103
105,147,347,35,102
106,149,348,36,99
107,150,348,34,98
108,147,350,36,97
109,149,349,35,97
110,148,348,35,99
111,145,348,39,96
112,146,349,38,98
113,146,346,39,101
114,149,347,36,98
115,149,350,36,90
116,150,350,37,92
117,150,351,36,86
118,149,352,37,85
119,147,350,41,96
120,147,347,39,100
121,154,351,33,96
122,148,351,39,100
123,149,348,37,100
124,148,349,38,98
125,152,350,35,100
126,150,351,38,97
127,151,351,37,97
128,149,352,39,97
129,145,349,42,97
130,154,351,33,95
131,150,349,38,99
132,144,351,45,97
133,152,352,36,94
134,143,350,45,100
135,141,348,47,102
136,151,352,39,96
137,146,351,44,95
138,150,349,39,100
139,143,351,46,93
140,153,349,36,100
141,151,352,39,98
142,151,349,39,100
143,154,350,38,97
144,155,351,34,97
145,150,351,40,96
146,161,350,31,96
147,161,352,29,96
148,162,351,28,97
149,162,350,29,97
150,163,349,28,97
151,161,349,31,99
152,160,350,31,99
153,163,348,30,101
154,161,351,31,99
155,159,351,33,98
156,162,348,31,98
157,163,352,28,97
158,163,351,28,97
159,163,349,30,99
160,162,350,31,99
161,162,347,30,101
162,164,348,28,99
163,164,350,29,98
164,165,351,27,97
165,162,348,30,98
166,163,348,31,99
167,164,351,29,97
168,165,350,27,98
169,163,346,29,101
170,164,351,29,98
171,165,347,27,99
172,164,348,29,98
173,166,350,27,96
174,164,346,29,99
175,166,351,28,96
176,164,347,28,98
177,165,352,29,94
178,165,349,29,97
179,164,349,31,97
180,161,349,33,97
181,164,350,30,95
182,165,349,27,95
183,166,349,28,98
184,165,350,30,96
185,164,347,29,97
186,166,351,30,96
187,166,347,28,98
188,165,348,29,98
189,165,349,29,98
190,166,346,28,98
191,165,347,28,100
192,166,347,27,98
193,167,344,25,101
194,165,346,28,101
195,166,346,26,100
196,166,348,27,99
197,166,349,30,97
198,164,347,31,98
199,166,349,30,97
200,164,346,31,100
201,166,348,30,97
202,166,348,29,98
203,167,347,29,98
204,165,347,31,97
205,166,349,28,97
206,168,346,27,99
207,167,349,28,97
208,166,348,29,99
209,168,346,29,99
210,166,349,30,97
211,166,347,28,100
212,166,346,29,99
213,165,346,30,98
214,167,349,31,95
215,168,348,29,97
216,166,348,30,97
217,167,346,29,98
218,167,349,30,96
219,167,349,29,96
220,166,348,29,97
221,166,345,29,101
222,166,345,29,98
223,167,352,32,93
224,166,348,29,98
225,168,348,27,95
226,167,351,30,94
227,166,352,31,93
228,167,349,29,96
229,167,347,29,98
230,168,348,28,96
231,166,347,28,98
232,167,347,28,97
233,165,347,30,99
234,166,351,27,95
235,165,351,28,93
236,163,348,29,97
237,164,351,27,94
238,163,350,29,94
239,161,350,29,93
240,161,349,27,94
241,162,348,26,94
242,161,349,27,95
243,159,352,28,94
244,156,352,32,94
245,150,349,35,98
246,154,350,29,97
247,149,351,34,97
248,151,352,33,96
249,149,350,32,97
250,148,349,31,97
251,148,351,30,96
252,148,351,30,99
253,146,351,31,101
254,145,350,31,101
255,141,351,33,103
256,141,351,33,101
257,141,349,32,101
258,140,349,31,101
259,141,353,31,100
260,140,352,30,101
261,140,350,29,104
262,137,349,30,104
263,138,351,32,102
264,137,353,31,106
265,138,353,30,105
266,136,350,30,107
267,136,349,26,107
268,135,349,26,108
269,136,348,26,110
270,135,349,29,108
271,136,349,29,110
272,136,349,27,108
273,132,352,27,108
274,132,350,37,103
275,131,352,33,105
276,130,351,36,107
277,131,352,35,106
278,130,353,37,104
279,128,350,37,106
280,129,352,36,105
281,127,351,39,104
282,123,350,40,104
283,122,350,42,103
284,122,350,41,101
285,122,350,41,102
286,122,350,42,105
287,121,351,42,103
288,120,349,44,107
289,118,350,46,103
290,118,351,36,108
291,118,351,47,104
292,116,350,49,99
293,115,352,44,106
294,116,348,49,107
295,114,348,49,109
296,117,350,41,106
297,116,351,33,108
298,118,349,28,103
299,115,347,33,108
300,115,349,28,107
301,116,349,26,113
302,113,348,28,116
303,113,346,30,115
304,110,348,29,115
305,109,348,34,114
306,109,350,33,110
307,107,349,32,115
308,106,349,32,112
309,106,350,30,113
310,103,347,33,116
311,101,348,33,113
312,99,350,32,114
313,97,349,36,113
314,94,349,38,112
315,92,350,38,116
316,92,351,35,113
317,90,353,39,112
318,87,352,38,108
319,85,350,35,114
320,86,350,32,112
321,84,349,36,112
322,79,348,43,112
323,80,350,40,112
324,78,348,46,110
325,78,349,42,110
326,77,349,44,111
327,78,348,44,108
328,75,351,39,110
329,74,348,45,112
330,74,350,45,105
331,72,351,45,108
332,70,348,48,112
333,72,348,43,111
334,69,349,47,106
335,69,349,45,107
336,66,350,49,106
337,65,352,51,107
338,64,350,51,112
339,62,351,49,115
340,63,351,46,113
341,60,349,47,117
342,60,350,45,119
343,56,351,48,120
344,56,354,46,116
345,54,352,45,118
346,53,352,42,120
347,51,351,44,121
348,50,347,37,120
349,49,349,45,125
350,48,348,40,117
351,46,352,43,119
352,45,349,41,123
353,43,349,43,124
354,42,350,46,120
355,41,348,47,121
356,40,350,47,121
357,40,345,47,126
358,35,349,51,122
359,35,351,48,121
360,33,347,49,125
361,32,345,50,126
362,30,347,52,124
363,25,348,52,125
364,26,347,46,123
365,22,346,39,128
366,20,348,44,122
367,19,348,47,115
368,15,348,46,119
369,12,351,47,119
370,10,352,48,120
371,8,347,46,127
372,3,348,48,126
373,1,349,48,124
374,1278,350,48,122
375,1275,348,45,121
376,1274,346,49,126
377,1272,346,46,126
378,1272,344,45,129
379,1271,347,44,128
380,1267,343,45,129
381,1267,349,45,124
382,1265,345,46,124
383,1265,349,44,123
384,1262,347,45,125
385,1256,343,49,128
386,1257,349,46,123
387,1255,348,44,123
388,1252,349,47,125
389,1250,349,45,120
390,1248,348,46,118
391,1245,349,46,118
392,1244,351,44,115
393,1243,346,45,122
394,1240,350,42,118
395,1240,348,38,120
396,1237,347,41,121
397,1233,345,42,125
398,1231,343,42,127
399,1229,344,41,124
400,1225,344,44,125
401,1221,344,48,122
402,1218,344,50,124
403,1216,343,49,124
404,1216,342,48,123
405,1213,347,52,117
406,1210,347,53,119
407,1211,348,51,117
408,1211,345,52,120
409,1211,346,50,118
410,1208,346,52,118
411,1208,346,51,119
412,1208,345,49,119
413,1205,343,49,121
414,1206,345,44,120
415,1206,346,45,119
416,1202,345,48,120
417,1202,347,47,114
418,1198,347,49,119
419,1198,346,44,119
420,1197,346,48,125
421,1196,346,49,118
422,1194,346,51,121
423,1193,345,50,122
424,1190,345,52,120
425,1189,350,54,115
426,1189,346,51,117
427,1188,345,47,117
428,1190,344,34,118
429,1189,345,34,116
430,1188,345,32,117
431,1188,344,33,117
432,1187,344,33,114
433,1186,345,37,112
434,1186,346,37,115
435,1184,343,40,113
436,1183,346,42,108
437,1183,345,40,112
438,1182,345,40,108
439,1183,344,39,110
440,1182,345,36,111
441,1181,344,38,107
442,1180,345,36,109
443,1178,344,38,110
444,1178,344,36,107
445,1179,343,33,109
446,1176,344,38,107
447,1178,343,34,111
448,1177,343,36,110
449,1175,348,34,107
