1,644,1134,689,384
2,632,1134,689,384
3,616,1129,704,392
4,608,1129,704,392
5,604,1129,689,384
6,604,1133,689,384
7,589,1129,704,392
8,585,1125,704,392
9,578,1125,704,392
10,570,1125,704,392
11,567,1125,704,392
12,555,1129,704,392
13,547,1129,704,392
14,543,1129,704,392
15,536,1129,704,392
16,524,1133,704,392
17,516,1138,704,392
18,524,1142,689,384
19,521,1146,689,384
20,513,1150,689,384
21,501,1154,689,384
22,493,1154,689,384
23,485,1154,689,384
24,477,1159,689,384
25,478,1159,689,384
26,458,1154,704,392
27,451,1150,720,401
28,439,1150,720,401
29,436,1150,720,401
30,423,1150,720,401
31,420,1154,720,401
32,415,1150,720,401
33,403,1154,720,401
34,400,1154,720,401
35,404,1150,720,401
36,383,1154,720,401
37,379,1159,720,401
38,376,1159,720,401
39,376,1159,720,401
40,359,1159,720,401
41,355,1159,720,401
42,352,1159,720,401
43,361,1159,720,401
44,339,1159,720,401
45,327,1159,720,401
46,319,1159,720,401
47,312,1159,720,401
48,312,1159,720,401
49,316,1154,720,401
50,307,1154,720,401
51,287,1154,736,410
52,271,1154,736,410
53,263,1154,736,410
54,274,1154,736,410
55,278,1154,736,410
56,268,1154,720,401
57,268,1154,720,401
58,268,1154,720,401
59,273,1159,720,401
60,251,1154,720,401
61,251,1154,705,393
62,239,1158,705,393
63,235,1154,705,393
64,248,1150,705,393
65,240,1146,705,393
66,257,1146,705,393
67,230,1141,690,384
68,259,1150,690,384
69,250,1149,675,376
70,250,1149,675,376
71,229,1149,675,376
72,237,1153,661,368
73,216,1153,646,360
74,224,1153,661,368
75,233,1153,675,376
76,254,1149,690,385
77,220,1149,690,385
78,194,1141,676,376
79,207,1141,676,376
80,227,1141,676,376
81,194,1145,676,376
82,195,1141,676,376
83,211,1137,676,376
84,190,1141,661,368
85,193,1140,647,360
86,197,1140,661,368
87,230,1144,661,368
88,185,1136,661,368
89,185,1140,661,368
90,234,1132,661,368
91,193,1132,661,368
92,145,1132,661,368
93,141,1136,661,368
94,129,1140,661,368
95,141,1128,661,368
96,129,1132,661,368
97,140,1128,647,361
98,187,1140,633,353
99,160,1136,633,353
100,117,1136,633,353
101,117,1136,633,353
102,128,1128,620,345
103,135,1140,620,345
104,135,1140,620,345
105,135,1132,620,345
106,139,1136,620,345
107,140,1128,634,353
108,147,1124,634,353
109,221,1132,648,361
110,210,1136,662,369
111,211,1112,677,377
112,211,1124,677,377
113,235,1124,677,377
114,232,1116,692,385
115,211,1120,692,385
116,190,1112,692,385
117,177,1120,692,385
118,181,1116,692,385
119,232,1112,692,385
120,207,1124,692,385
121,219,1103,692,385
122,237,1099,707,394
123,208,1086,723,403
124,173,1086,739,411
125,142,1095,739,411
126,152,1104,755,421
127,169,1090,739,412
128,199,1094,723,403
129,174,1094,739,412
130,156,1103,755,421
131,134,1117,772,430
132,185,1075,756,421
133,162,1088,756,421
134,134,1097,756,421
135,108,1107,772,430
136,154,1088,772,430
137,122,1088,790,440
138,138,1088,807,450
139,114,1097,825,460
140,89,1092,825,460
141,118,1092,843,470
142,103,1082,843,470
143,63,1087,862,480
144,3827,1108,863,480
145,3805,1139,882,491
146,3825,1075,882,491
147,3777,1129,901,502
148,3777,1112,921,513
149,3759,1162,921,513
150,3758,1140,921,513
151,3742,1112,942,524
152,3731,1123,963,536
153,3726,1106,984,548
154,3731,1124,984,548
155,3743,1118,984,548
156,3766,1094,963,536
157,3713,1129,963,536
158,3736,1123,963,536
159,3757,1094,942,524
160,3757,1151,942,524
161,3775,1111,942,524
162,3717,1134,942,524
163,3733,1116,922,513
164,3749,1139,922,513
165,3755,1122,922,513
166,3731,1099,903,502
167,3748,1149,903,502
168,3749,1116,923,513
169,3749,1155,923,513
170,3697,1127,903,502
171,3718,1116,903,502
172,3733,1143,903,502
173,3754,1127,884,492
174,3732,1153,884,492
175,3760,1121,903,503
176,3720,1099,884,492
177,3732,1115,903,503
178,3764,1071,884,492
179,3721,1114,884,492
180,3741,1093,865,482
181,3741,1087,865,482
182,3758,1108,885,492
183,3740,1071,866,482
184,3777,1123,866,482
185,3749,1091,847,471
186,3760,1117,847,471
187,3770,1112,847,471
188,3753,1086,829,461
189,3788,1142,829,461
190,3793,1121,829,461
191,3778,1111,829,461
192,3788,1096,829,461
193,3773,1106,829,461
194,3783,1086,829,461
195,3738,1116,829,461
196,3778,1096,829,461
197,3764,1106,848,472
198,3744,1096,848,472
199,3754,1096,848,472
200,3754,1106,848,472
201,3768,1080,829,461
202,3758,1086,829,461
203,3773,1091,829,461
204,3768,1075,829,461
205,3773,1060,829,461
206,3759,1111,848,472
207,3759,1085,848,472
208,3739,1039,867,482
209,3760,1091,867,482
210,3743,1049,848,472
211,3754,1080,848,472
212,3763,1069,830,462
213,3727,1120,830,462
214,3756,1089,812,452
215,3756,1084,812,452
216,3770,1075,795,442
217,3751,1103,795,442
218,3755,1094,795,442
219,3751,1055,795,442
220,3760,1084,795,442
221,3765,1031,795,442
222,3761,1079,813,452
223,3760,1094,795,442
224,3745,1046,795,442
225,3768,1079,778,433
226,3759,1042,778,433
227,3778,1089,778,433
228,3781,1079,762,424
229,3800,1130,762,424
230,3799,1107,745,415
231,3772,1098,762,424
232,3767,1079,746,415
233,3771,1133,746,415
234,3771,1106,746,415
235,3784,1097,730,406
236,3779,1106,730,406
237,3776,1106,746,415
238,3767,1110,762,424
239,3767,1101,762,424
240,3777,1101,779,434
241,3772,1106,763,424
242,3762,1097,763,424
243,3772,1092,780,434
244,3768,1097,780,434
245,3749,1130,780,434
246,3745,1082,797,443
247,3755,1106,797,443
248,3769,1092,797,443
249,3773,1077,780,434
250,3767,1054,763,425
251,3763,1054,780,434
252,3767,1082,763,425
253,3763,1091,780,434
254,3791,1110,780,434
255,3772,1148,780,434
256,3782,1171,780,434
257,3758,1138,780,434
258,3801,1181,780,434
259,3796,1176,780,434
260,3767,1157,780,434
261,3766,1110,764,425
262,3776,1147,764,425
263,3781,1147,781,434
264,3757,1118,781,434
265,3781,1152,781,434
266,3772,1175,781,434
267,3780,1156,764,425
268,3785,1138,781,434
269,3761,1128,764,425
270,3798,1165,764,425
271,3765,1142,764,425
272,3792,1137,748,416
273,3783,1183,748,416
274,3797,1173,764,425
275,3779,1146,764,425
276,3736,1118,748,416
277,3785,1145,732,407
278,3802,1176,732,407
279,3785,1149,732,407
280,3819,1162,717,399
281,3802,1136,717,399
282,3797,1175,717,399
283,3781,1158,732,407
284,3777,1145,749,416
285,3780,1122,733,408
286,3785,1157,733,408
287,3784,1148,717,399
288,3780,1122,733,408
289,3780,1158,733,408
290,3767,1136,733,408
291,3785,1167,733,408
292,3777,1140,749,417
293,3766,1117,733,408
294,3780,1171,733,408
295,3774,1157,718,399
296,3775,1140,733,408
297,3754,1148,750,417
298,3767,1121,750,417
299,3754,1053,766,426
300,3749,1030,750,417
301,3761,1048,734,408
302,3744,1048,750,417
303,3752,1084,734,408
304,3755,1128,718,400
305,3764,1098,718,400
306,3755,1137,718,400
307,3760,1102,718,400
308,3730,1150,734,409
309,3765,1110,719,400
310,3768,1140,703,391
311,3763,1127,688,383
312,3770,1144,674,375
313,3773,1123,659,367
314,3785,1099,659,367
315,3774,1087,674,375
316,3770,1132,674,375
317,3765,1120,660,367
318,3789,1160,660,367
319,3764,1128,646,359
320,3798,1147,632,351
321,3789,1124,618,344
322,3786,1162,618,344
323,3786,1136,632,351
324,3774,1097,619,344
325,3782,1123,632,352
326,3785,1162,619,344
327,3771,1147,632,352
328,3773,1131,619,344
329,3791,1116,606,337
330,3776,1145,593,330
331,3786,1117,580,323
332,3800,1145,580,323
333,3814,1134,580,323
334,3772,1138,593,330
335,3789,1120,580,323
336,3800,1155,580,323
337,3799,1130,568,316
338,3792,1120,568,316
339,3784,1130,556,309
340,3800,1130,544,302
341,3803,1150,533,296
342,3812,1130,521,290
343,3811,1136,510,283
344,3815,1155,521,290
345,3824,1158,521,290
346,3821,1149,521,290
347,3823,1145,510,284
348,3826,1158,510,284
349,3816,1148,499,278
350,3814,1139,510,284
351,3821,1145,522,290
352,3821,1145,522,290
353,3820,1148,511,284
354,3823,1164,511,284
355,3825,1136,500,278
356,3816,1145,489,272
357,3825,1145,500,278
358,3822,1136,500,278
359,3816,1139,500,278
360,3819,1151,511,284
361,3812,1163,500,278
362,3816,1133,500,278
363,3818,1145,489,272
364,3827,1148,489,272
365,3814,1148,479,266
366,3817,1157,479,266
367,3820,1163,479,266
368,3817,1136,479,266
369,3809,1136,490,272
370,3805,1136,479,266
371,3805,1154,479,266
372,3811,1142,479,266
373,3813,1142,469,261
374,3822,1151,469,261
375,3812,1142,459,255
376,3799,1145,469,261
377,3810,1148,469,261
378,3810,1153,469,261
379,3808,1136,469,261
380,3799,1150,469,261
381,3796,1128,459,255
382,3796,1141,469,261
383,3799,1141,480,266
384,3807,1168,469,261
385,3794,1159,480,267
386,3783,1136,490,272
387,3788,1147,480,267
388,3790,1139,470,261
389,3781,1147,470,261
390,3798,1164,460,255
391,3789,1145,460,255
392,3797,1150,450,250
393,3796,1147,440,245
394,3796,1155,431,239
395,3795,1150,422,234
396,3795,1148,413,229
397,3800,1158,413,229
398,3790,1155,422,234
399,3789,1155,413,229
400,3784,1155,404,224
401,3786,1162,404,224
402,3791,1157,395,220
403,3780,1152,387,215
404,3785,1155,396,220
405,3781,1160,404,225
406,3786,1164,404,225
407,3788,1162,396,220
408,3781,1164,396,220
409,3782,1152,387,215
410,3785,1162,387,215
411,3778,1162,387,215
412,3773,1169,387,215
413,3777,1162,379,210
414,3773,1166,379,210
415,3768,1166,379,210
416,3768,1159,387,215
417,3771,1164,396,220
418,3750,1171,405,225
419,3746,1174,414,230
420,3755,1156,405,225
421,3759,1168,396,220
422,3762,1156,396,220
423,3745,1166,405,225
424,3750,1156,396,220
425,3745,1168,396,220
426,3747,1165,388,215
427,3749,1165,388,215
428,3749,1172,388,215
429,3740,1163,388,215
430,3739,1168,380,211
431,3741,1163,380,211
432,3737,1161,388,215
433,3729,1165,380,211
434,3738,1163,372,206
435,3736,1168,372,206
436,3740,1165,372,206
437,3729,1165,372,206
438,3729,1165,372,206
439,3726,1170,364,202
440,3720,1170,372,206
441,3722,1170,372,206
442,3720,1167,372,206
443,3718,1167,380,211
444,3722,1167,372,207
445,3722,1170,372,207
446,3722,1172,372,207
447,3714,1165,380,211
448,3711,1177,380,211
449,3704,1172,380,211
450,3709,1174,380,211
451,3702,1165,380,211
452,3711,1167,380,211
453,3706,1167,380,211
454,3708,1158,372,207
455,3713,1165,372,207
456,3694,1169,372,207
457,3699,1174,380,211
458,3689,1172,380,211
459,3692,1162,380,211
460,3699,1165,380,211
461,3692,1165,380,211
462,3696,1169,380,211
463,3689,1169,380,211
464,3685,1165,380,211
465,3689,1165,380,211
466,3683,1165,389,216
467,3676,1167,397,221
468,3669,1162,389,216
469,3666,1157,397,221
470,3671,1155,389,216
471,3666,1152,398,221
472,3654,1150,398,221
473,3654,1148,398,221
474,3645,1145,398,221
475,3645,1143,398,221
476,3640,1138,406,226
477,3631,1133,415,231
478,3619,1128,415,231
479,3622,1125,415,231
480,3624,1118,406,226
481,3619,1115,406,226
482,3614,1110,406,226
483,3607,1106,406,226
484,3612,1101,406,226
485,3609,1096,406,226
486,3602,1091,406,226
487,3609,1088,406,226
488,3592,1083,406,226
489,3595,1078,415,231
490,3585,1076,415,231
491,3591,1068,415,231
492,3580,1066,407,226
493,3595,1066,416,231
494,3580,1058,407,226
495,3579,1048,398,221
496,3575,1053,407,226
497,3577,1048,398,221
498,3569,1041,390,216
499,3564,1041,398,221
500,3555,1036,407,226
501,3558,1031,416,231
502,3548,1028,407,226
503,3541,1021,416,231
504,3549,1013,416,231
505,3523,1018,407,226
506,3518,1013,407,226
507,3521,1018,407,226
508,3518,1018,399,221
509,3512,1018,390,217
510,3517,1025,390,217
511,3503,1018,390,217
512,3496,1016,399,222
513,3506,1023,408,226
514,3499,1013,408,226
515,3479,1011,399,222
516,3481,1020,399,222
517,3483,1015,390,217
518,3498,1015,399,222
519,3478,1025,399,222
520,3484,1018,408,227
521,3476,1025,408,227
522,3491,1018,417,232
523,3468,1015,408,227
524,3491,1015,417,232
525,3473,1020,417,232
526,3453,1030,417,232
527,3466,1028,417,232
528,3443,1025,417,232
529,3452,1040,417,232
530,3453,1033,408,227
531,3456,1045,417,232
532,3477,1045,417,232
533,3452,1045,426,237
534,3421,1050,426,237
535,3427,1050,426,237
536,3430,1047,417,232
537,3445,1068,427,237
538,3442,1062,417,232
539,3460,1075,417,232
540,3445,1075,427,237
541,3439,1078,418,232
542,3454,1078,409,227
543,3471,1080,409,227
544,3449,1078,409,227
545,3443,1080,400,222
546,3453,1087,400,222
547,3472,1087,400,222
548,3460,1104,400,222
549,3479,1097,392,217
550,3484,1095,392,217
551,3494,1113,400,222
552,3469,1106,392,217
553,3462,1108,400,222
554,3470,1104,400,222
555,3479,1111,400,222
556,3489,1113,400,222
557,3513,1121,400,222
558,3530,1118,400,222
559,3504,1116,400,222
560,3525,1125,400,222
561,3520,1121,400,222
562,3530,1128,400,222
563,3550,1135,400,222
564,3527,1130,392,218
565,3532,1133,392,218
566,3515,1135,383,213
567,3527,1144,392,218
568,3529,1139,392,218
569,3531,1142,384,213
570,3542,1132,375,208
571,3553,1142,375,208
572,3567,1135,384,213
573,3546,1135,375,208
574,3552,1139,367,204
575,3563,1137,360,200
576,3570,1132,368,204
577,3570,1139,368,204
578,3583,1130,376,209
