1.0
0.8752935037829377
0.9086903304773561
0.8844557195571956
0.8773153192416648
0.9179344332547675
0.9214315096668038
0.8673003107292999
0.7970380343318748
0.8015340364333653
0.7529812606473595
0.7729311047696698
0.8406608793055167
0.8433155080213903
0.7863751051303617
0.7436787845903419
0.7225130890052356
0.7149131181974413
0.7130684538056486
0.7017611026033691
0.64891846921797
0.6205510426262457
0.5921770297646876
0.5960790072692562
0.63782829397484
0.6719051148999259
0.6611457121346931
0.5847342117219446
0.5294956888530489
0.47133220910623946
0.5325779036827195
0.563922942206655
0.6230870135548754
0.6097935267857143
0.5622423194573747
0.5637420322459693
0.5964746403727966
0.6508287292817679
0.6638952074672523
0.5984974298141558
0.5814720184620457
0.5218463987266215
0.5410034864332273
0.5414987912973409
0.5601867865790384
0.5992318771003361
0.5377158436837322
0.4979670664769262
0.508987012987013
0.5098522167487685
0.45355954042735963
0.5017552071144395
0.4619853498358171
0.45484581497797355
0.5011389521640092
0.5090196078431373
0.5234715276657526
0.46905537459283386
0.4624896949711459
0.4204843436680549
0.43484894720781203
0.47413793103448276
0.510236220472441
0.5506883604505632
0.5575354229282954
0.5623561895996319
0.5870894677236693
0.5065666041275797
0.5136957437842393
0.5714285714285714
0.5404557808906544
0.5957446808510638
0.601773936775074
0.5585566119273985
0.6756496631376323
0.6413301662707839
0.6108846799328698
0.6042952357442607
0.5869356388088377
0.6200280767430978
0.5808219178082191
0.6001848856020338
0.6373006134969326
0.6373006134969326
0.6425316455696203
0.6563626996393611
0.6740858505564388
0.5943466402181998
0.6530612244897959
0.6147664490205926
0.6510638297872341
0.6325581395348837
0.6758620689655173
0.6113236419280795
0.6510638297872341
0.6308724832214765
0.6703176341730559
0.5736196319018405
0.6100867678958786
0.5736196319018405
0.5736196319018405
0.5736196319018405
0.5776491316385602
0.5736196319018405
0.5944055944055944
0.5944055944055944
0.5996558646400918
0.5791294321130008
0.5791294321130008
0.5751173708920188
0.5374308185260704
0.5229662423907028
0.5374308185260704
0.5374308185260704
0.5374308185260704
0.5521472392638037
0.5344418052256532
0.5921052631578947
0.5905511811023622
0.6322541233964569
0.5824841641421096
0.5906883747500714
0.5709923664122137
0.6150037137905422
0.5829617460689979
0.5391849529780565
0.5136913606452982
0.524619121218812
0.524619121218812
0.5264302806177942
0.524619121218812
0.5384261389783709
0.5226599863356867
0.5268389662027833
0.5226599863356867
0.5268389662027833
0.5096602265156562
0.5384261389783709
0.5096602265156562
0.5248990578734859
0.5072137060414789
0.5201109570041609
0.5044612216884008
0.5201109570041609
0.5334281650071123
0.5334281650071123
0.5226599863356867
0.5044843049327354
0.5067343784499889
0.5174793008279669
0.5174793008279669
0.5174793008279669
0.5154983309489747
0.5326742223293948
0.5191539365452409
0.4900271985494107
0.5326742223293948
0.5326742223293948
0.4900271985494107
0.5191539365452409
0.49341076613803886
0.5191539365452409
0.5060710194730813
0.5326742223293948
0.557920792079208
0.5392516507703595
0.5735368956743002
0.5392516507703595
0.5735368956743002
0.5428709055876686
0.557920792079208
0.557920792079208
0.557920792079208
0.557920792079208
0.557920792079208
0.557920792079208
0.557920792079208
0.557920792079208
0.5735368956743002
0.557920792079208
0.5770483588073164
0.557920792079208
0.5865162778774673
0.5656463445484442
0.5865162778774673
0.5865162778774673
0.5559892656745548
0.5256229431123648
0.5256229431123648
0.545880149812734
0.603415559772296
0.6014457831325302
0.6014457831325302
0.6528284671532847
0.6528284671532847
0.6703009158307893
0.6445329791943337
0.6445329791943337
0.6530381748362322
0.6298551333193365
0.6277931474781868
0.6267123287671232
0.614812058057313
0.5960652250974832
0.5960652250974832
0.6155015197568389
0.6391952021667634
0.6568036529680366
0.6454855501705259
0.6102155099270321
0.5666334330342306
0.651585322408265
0.7051282051282052
0.6575888409166389
0.6586332646266053
0.6163502755664422
0.5903510039000434
0.6051873198847262
0.6595096695599209
0.7106973995271868
0.621967654986523
0.609205893858391
0.6252075086195888
0.5658053610239072
0.5424988388295402
0.5490868979041549
0.6426076833527358
0.6195706440339491
0.6246575342465753
0.6249858932400406
0.577762619372442
0.6091806091806092
0.6602881100838529
0.6805807622504537
0.6592592592592592
0.6750115901715346
0.6481728460922913
0.7549284499149405
0.7115476303995423
0.705939253240472
0.659379859142047
0.6431677305948746
0.6175873077295153
0.6603402497787393
0.6266756032171582
0.6947336500555948
0.6962822936357907
0.6961427985227739
0.6671135797739897
0.6414994720168955
0.6269699292955107
0.6318681318681318
0.6334106728538283
0.595213319458897
0.6566270694977083
0.6649229875036327
0.6667290944845023
0.6873403224385517
0.6923482849604221
0.6600896860986547
0.6459556568223643
0.636604774535809
0.6467342943584268
0.6237196765498653
0.6305177111716621
0.623773173391494
0.639943741209564
0.6372549019607843
0.6157201272149023
0.6109839816933639
0.6109839816933639
0.6109839816933639
0.6759000349528137
0.650990752972259
0.6685309796382067
0.6221686331926621
0.6443831840110269
0.6443831840110269
0.6102419423783876
0.6286549707602339
0.6589909201535149
0.7408657664813344
0.7421625079974408
0.7413793103448276
0.7597131542331157
0.7363205989210613
0.7149626821466651
0.708952683535686
0.693854748603352
0.6874221668742216
0.673092556032981
0.648013816925734
0.6486547337611167
0.6536969554484542
0.6377182770663562
0.6358527354054364
0.6358527354054364
0.6549147793602615
0.6861445106191707
0.6976198100117409
0.7220156959933912
0.712778429073857
0.7296533738998153
0.6898914303784126
0.6898914303784126
0.6622758131522951
0.651773847254882
0.651773847254882
0.651773847254882
0.6375430772349483
0.6336115860404304
0.6375430772349483
0.6375430772349483
0.6458211572180012
0.6843501326259946
0.6843501326259946
0.6518023769767214
0.6702386751095957
0.6702386751095957
0.6702386751095957
0.6702386751095957
0.6702386751095957
0.6702386751095957
0.6733874914358422
0.6733874914358422
0.6733874914358422
0.7441860465116279
0.7329985809409453
0.7441860465116279
0.76374156219865
0.7922210849539406
0.7922210849539406
0.7922210849539406
0.7922210849539406
0.7748620340128393
0.7701571281110219
0.759175639689707
0.8668987680771291
0.8779131355932204
0.8779131355932204
0.8779131355932204
0.8779131355932204
0.8685743881911174
0.8779131355932204
0.8240963855421687
0.8779131355932204
0.8847077662129704
0.8847077662129704
0.8847077662129704
0.8238013472460706
0.8665257037134928
0.8778925349718918
0.8977955911823647
0.8231310237040896
0.8002894356005789
0.7834029227557411
0.7449179524859172
0.7693844425021851
0.6800686442755577
0.7090267271810389
0.6681078331637843
0.5957099557006296
0.6472235184321046
0.5965842791980481
0.6486941870261163
0.6137918284340913
0.5560673310443012
0.47114863294864845
0.5208091141594978
0.560130262851826
0.5639344262295082
0.5402480865663764
0.48672566371681414
0.5111054378350779
0.5640206909764353
0.5756180319922443
0.5723185721501937
0.5649657809983897
0.5545317012790538
0.5581157630222753
0.5019436731455772
0.5397631133671743
0.5526306325745316
0.5590072713617588
0.578629099245772
0.555928738317757
0.5340356346241703
0.520363994097393
0.5066925829394354
0.5100921229686368
0.47895238280414537
0.4802291307491241
0.5081121481697536
0.5264723378941106
0.5105711473852106
0.5292883226755234
0.5588867518950108
0.5605972586393682
0.5932830684998547
0.6108967613702795
0.6400911810799259
0.673031226412457
0.6607749830047587
0.6053534477004205
0.644812418450115
0.6747528497274173
0.7338769458858414
0.7517883074275264
0.746083867147548
0.7334212509419744
0.6956700593160737
0.7326104556253069
0.7694132676339082
0.7479831922295234
0.7629841733858891
0.7766202074240931
0.747391009713124
0.7102161990663101
0.7428253762067789
0.7120610099974366
0.6990630015012683
0.6783227082412843
0.705426834911918
0.7004549189362512
0.6930958178823672
0.6962642988560915
0.7181107368881205
0.7165443252399775
0.7024240471542558
0.6830142859853156
0.6734484276421969
0.6364298345989805
0.6178921238478265
0.6436167698634022
0.6053576517526361
0.6497338863950604
0.6409327005717275
0.6037848922682199
0.6195914173943968
0.6528836575796385
0.6891398936403991
0.6609686609686609
0.6689001452142196
0.6736842105263158
0.6974636586633155
0.6701930376989806
0.6574221442446269
0.648731002192412
0.6649792744213345
