1,768,436,62,57
2,764,434,60,56
3,757,432,63,59
4,749,430,64,60
5,743,431,65,61
6,735,429,68,64
7,729,427,69,66
8,723,426,72,69
9,714,421,73,70
10,703,418,75,72
11,695,417,77,74
12,686,418,78,74
13,679,420,78,75
14,668,420,82,78
15,657,413,84,82
16,643,410,88,85
17,634,406,91,89
18,621,406,95,91
19,613,410,97,94
20,606,415,93,91
21,578,406,94,93
22,566,404,94,92
23,550,400,94,93
24,539,398,98,97
25,529,400,101,99
26,527,402,102,100
27,506,400,104,103
28,486,398,98,98
29,465,394,96,97
30,449,395,90,92
31,436,397,93,95
32,426,400,91,94
33,407,402,92,97
34,393,398,95,100
35,383,398,94,96
36,369,392,96,100
37,358,399,91,95
38,346,401,93,94
39,344,404,91,93
40,327,407,85,89
41,319,406,82,84
42,310,406,78,82
43,299,402,82,85
44,287,405,79,83
45,278,409,79,82
46,274,412,78,79
47,265,415,74,76
48,257,417,72,74
49,252,415,68,71
50,247,417,67,68
51,241,418,65,65
52,236,420,65,66
53,230,424,63,64
54,226,425,61,62
55,222,424,60,61
56,218,425,60,59
57,215,424,58,58
58,211,427,56,55
59,206,426,56,54
60,199,427,59,57
61,196,427,58,56
62,197,428,57,54
63,196,429,54,53
64,193,427,56,54
65,193,430,55,53
66,193,430,53,51
67,187,430,55,53
68,182,430,57,55
69,180,430,56,54
70,179,430,57,55
71,176,429,57,54
72,179,432,55,52
73,177,430,57,54
74,174,429,58,56
75,175,430,57,54
76,174,430,56,54
77,173,430,57,55
78,174,431,55,53
79,172,430,56,54
80,173,430,56,54
81,171,430,56,54
82,172,430,56,54
83,171,430,56,54
84,171,430,56,54
85,167,429,58,56
86,169,431,58,55
87,169,430,57,54
88,167,432,58,55
89,169,431,57,54
90,167,432,58,55
91,169,432,56,53
92,168,432,57,54
93,169,431,57,54
94,167,432,57,54
95,169,432,56,53
96,167,431,57,54
97,170,432,55,52
98,167,431,57,54
99,170,432,55,52
100,167,431,57,54
101,167,431,57,54
102,167,431,57,54
103,167,431,58,55
104,167,431,57,54
105,168,431,57,54
106,168,431,57,54
107,168,431,57,54
108,168,431,57,54
109,168,431,57,54
110,168,433,56,53
111,168,431,57,54
112,167,431,59,56
113,168,431,57,54
114,168,432,57,54
115,168,431,57,54
116,169,434,55,52
117,168,434,56,53
118,167,431,58,55
119,167,432,57,54
120,169,433,56,53
121,168,432,57,54
122,171,434,55,52
123,169,433,57,54
124,170,433,56,53
125,168,433,58,55
126,169,431,59,56
127,168,431,59,56
128,169,432,57,54
129,169,431,57,54
130,169,432,58,55
131,169,431,57,54
132,170,432,57,54
133,169,431,57,54
134,169,431,59,56
135,169,431,57,54
136,169,430,59,56
137,168,431,58,55
138,170,431,57,54
139,168,431,58,55
140,169,431,58,55
141,168,431,57,54
142,169,432,56,53
143,168,432,56,53
144,169,432,56,53
145,169,432,55,52
146,169,432,55,52
147,168,431,57,54
148,167,431,58,55
149,167,429,59,56
150,168,432,57,54
151,168,431,57,54
152,168,431,57,54
153,170,432,55,52
154,171,432,55,52
155,170,432,56,53
156,168,431,57,54
157,171,432,55,52
158,171,432,55,52
159,168,431,57,54
160,170,432,56,53
161,168,431,58,55
162,170,432,56,53
163,169,431,57,54
164,171,432,55,52
165,170,431,57,54
166,169,431,57,54
167,171,432,56,53
168,169,431,57,54
169,171,432,56,53
170,169,431,58,55
171,170,431,57,54
172,170,431,57,54
173,170,431,57,54
174,170,431,57,54
175,170,431,57,54
176,170,431,57,54
177,170,431,57,54
178,170,431,57,54
179,171,432,56,53
180,170,431,57,54
181,171,431,57,54
182,170,431,57,54
183,171,431,57,54
184,170,431,57,54
185,171,431,57,54
186,171,431,57,54
187,171,431,57,54
188,170,432,58,55
189,170,432,58,55
190,170,431,59,56
191,170,431,59,56
192,171,432,58,55
193,171,432,58,55
194,171,431,59,56
195,171,431,59,56
196,170,431,60,57
197,170,432,58,55
198,170,432,58,55
199,170,431,58,55
200,169,430,59,56
201,171,431,58,55
202,168,430,60,57
203,169,431,58,55
204,165,429,58,56
205,165,429,58,56
206,155,431,59,57
207,151,431,58,56
208,144,430,61,59
209,139,430,61,59
210,135,431,61,59
211,120,432,61,58
212,115,429,61,60
213,112,428,65,62
214,105,427,65,62
215,98,426,66,64
216,95,428,65,62
217,88,427,66,65
218,79,427,69,68
219,73,426,70,68
220,69,425,73,70
221,66,425,70,68
222,57,425,72,69
223,50,425,71,69
224,50,425,70,68
225,44,426,72,69
226,40,430,69,66
227,30,427,71,69
228,18,427,72,69
229,9,426,75,72
230,1,423,77,74
231,1914,425,76,73
232,1908,425,79,76
233,1900,423,82,78
234,1895,422,84,81
235,1887,420,88,84
236,1879,419,90,87
237,1871,418,93,89
238,1870,418,91,86
239,1867,417,90,86
240,1863,419,88,83
241,1857,420,88,84
242,1855,422,87,83
243,1855,425,83,79
244,1850,422,84,81
245,1846,423,84,79
246,1843,421,86,83
247,1841,422,84,81
248,1835,421,86,83
249,1831,419,85,83
250,1823,419,89,86
251,1819,420,91,89
252,1817,420,91,88
253,1814,419,90,88
254,1816,422,87,84
255,1808,422,89,88
256,1808,422,87,84
257,1804,420,90,88
258,1798,418,95,92
259,1796,418,95,92
260,1798,420,91,88
261,1794,419,92,90
262,1794,420,91,88
263,1794,421,91,86
264,1794,422,88,84
265,1792,422,88,84
266,1790,422,87,84
267,1785,420,90,88
268,1788,422,89,84
269,1787,423,87,83
270,1785,422,88,84
271,1783,422,88,84
272,1783,422,88,84
273,1780,421,90,86
274,1781,422,87,84
275,1778,421,89,86
276,1781,423,85,83
277,1779,422,87,84
278,1779,422,87,84
279,1780,424,85,83
280,1778,425,85,83
281,1777,425,87,83
282,1774,423,90,86
283,1776,425,86,83
284,1773,425,85,83
285,1771,422,90,86
286,1778,423,87,83
287,1778,425,84,79
288,1778,423,87,83
289,1778,422,89,84
290,1776,423,87,83
291,1776,424,83,81
292,1774,424,83,81
293,1773,424,85,83
294,1774,427,82,79
295,1774,425,82,79
296,1772,425,83,81
297,1770,425,83,81
298,1771,426,84,79
299,1768,425,85,81
300,1765,425,85,83
301,1767,423,91,86
302,1770,424,87,83
303,1772,426,84,79
304,1772,426,84,79
305,1771,426,84,79
306,1771,425,85,81
307,1771,426,84,79
308,1771,426,84,79
309,1771,426,84,79
310,1768,427,84,79
311,1767,426,83,81
312,1769,427,84,79
313,1771,427,84,79
314,1769,427,84,79
315,1769,424,85,81
316,1767,424,85,81
317,1767,426,83,79
318,1768,425,85,81
319,1769,425,85,81
320,1769,425,85,81
321,1769,425,85,81
322,1769,425,85,81
323,1769,425,85,81
324,1769,425,85,81
325,1769,425,85,81
326,1770,425,85,81
327,1771,425,85,81
328,1771,426,84,79
329,1771,425,85,81
330,1770,424,87,83
331,1771,425,85,81
332,1771,425,85,81
333,1771,425,85,81
334,1771,425,85,81
335,1771,426,85,81
336,1773,428,84,79
337,1773,427,82,78
338,1773,427,82,78
339,1772,427,84,79
340,1772,427,84,79
341,1772,427,84,79
342,1772,427,84,79
343,1770,424,85,81
344,1770,426,84,79
345,1774,429,80,76
346,1771,427,84,79
347,1771,427,84,79
348,1770,427,84,79
349,1772,427,84,79
350,1772,428,80,76
351,1770,427,82,78
352,1769,427,84,79
353,1769,427,84,79
354,1769,427,81,78
355,1770,428,79,76
356,1769,427,81,78
357,1768,427,81,78
358,1766,427,80,78
359,1762,430,77,75
360,1764,431,76,73
361,1763,431,73,70
362,1763,432,72,69
363,1760,433,75,72
364,1757,426,75,73
365,1754,428,80,76
366,1749,427,82,79
367,1748,427,82,79
368,1747,428,78,76
369,1738,419,83,79
370,1736,418,85,83
371,1729,414,89,85
372,1727,416,91,88
373,1727,417,87,84
374,1722,413,90,87
375,1716,411,95,91
376,1711,408,99,94
377,1707,404,102,98
378,1701,402,108,102
379,1698,402,111,107
380,1691,399,116,111
381,1670,398,113,110
382,1680,399,120,115
383,1677,397,126,120
384,1671,394,130,124
385,1659,388,134,128
386,1652,385,140,134
387,1645,383,143,137
388,1638,382,148,141
389,1626,376,154,147
390,1615,373,159,153
391,1607,371,160,152
392,1605,368,164,156
393,1597,366,170,162
394,1592,362,176,169
395,1588,359,176,169
396,1579,357,181,175
397,1570,353,189,181
398,1566,352,192,184
399,1556,348,200,192
400,1553,348,208,199
401,1542,345,215,207
402,1533,342,224,213
403,1531,341,224,215
404,1534,341,217,207
405,1524,342,223,213
406,1512,341,231,222
407,1499,337,239,230
408,1494,336,240,231
409,1490,337,239,230
410,1470,330,237,228
411,1464,333,232,224
412,1459,334,239,229
413,1443,330,247,237
414,1428,325,250,240
415,1419,319,260,251
416,1415,321,267,256
417,1410,321,268,256
418,1410,325,258,247
419,1412,320,270,258
420,1408,320,270,258
421,1401,321,268,256
422,1404,321,259,247
423,1401,317,268,256
424,1391,315,271,260
425,1392,317,268,256
426,1382,315,271,260
427,1375,312,277,265
428,1364,310,281,270
429,1358,310,283,270
430,1357,312,277,265
431,1359,316,269,257
432,1361,318,265,253
433,1359,321,259,247
434,1349,317,266,256
435,1343,317,257,246
436,1330,317,267,256
437,1321,317,267,256
438,1319,317,259,247
439,1316,323,255,244
440,1311,321,258,247
441,1307,323,255,244
442,1313,324,251,240
443,1305,321,259,247
444,1300,319,263,252
445,1296,325,259,248
446,1295,328,253,243
447,1292,329,250,239
448,1281,321,257,247
449,1277,318,263,253
