1.0
0.8591549295774648
0.8928046989720999
0.9271833294310466
0.8490093847758081
0.9729185317815577
0.9052052475666525
0.9029519583252942
0.851528384279476
0.841726618705036
0.7888857061014036
0.8437627256685218
0.9063726153429847
0.9160728424386382
0.8378378378378378
0.774168600154679
0.7243232282267059
0.7349101972715674
0.7477911646586345
0.74102223066692
0.689795918367347
0.6554621848739496
0.633198973983144
0.6389904144541756
0.6766467065868264
0.7130359959845117
0.69893078221722
0.6384552177485621
0.6418885902760811
0.5990145471609573
0.6145852662831695
0.6602248077302307
0.7142345696691966
0.6620189229565341
0.6198423127463863
0.611764705882353
0.6374806956288189
0.6542541354498924
0.6505966587112172
0.6127946127946128
0.5735948574254162
0.5147222664332325
0.5274325553197938
0.6056236481614996
0.6106334444639411
0.6599135861737878
0.7166700180977277
0.6848884082194474
0.7122121153473969
0.7214233231867324
0.70433340244661
0.6939048894842599
0.6261492537313433
0.603505207010414
0.5981012658227848
0.6259877085162423
0.6666666666666666
0.6609771374882556
0.7305210918114144
0.647191011235955
0.6163799905317974
0.6702702702702703
0.7607361963190185
0.7194289261328367
0.7030251384746485
0.7143188674866559
0.800502512562814
0.7352112676056338
0.6941451990632318
0.7165501165501166
0.7181521231917872
0.751408278226794
0.735072872590503
0.7873470330177788
0.8747247369708833
0.8680880974695407
0.8238231098430813
0.8028202115158637
0.7767653758542141
0.7936222771165506
0.7473200612557427
0.7473200612557427
0.8001430956355832
0.7768361581920904
0.8863936591809776
0.859375
0.844662638469285
0.8194685870374969
0.844662638469285
0.844662638469285
0.844662638469285
0.9164162797049986
0.9164162797049986
0.9164162797049986
0.859375
0.844662638469285
0.8331193838254172
0.7885228480340064
0.7618014107433533
0.8151483050847458
0.7779156327543424
0.7779156327543424
0.7779156327543424
0.7637673700463201
0.7401496259351621
0.7155963302752294
0.7320574162679426
0.7277963019096696
0.7029535864978903
0.6574585635359116
0.6031537450722734
0.6031537450722734
0.6234718826405868
0.6031537450722734
0.6031537450722734
0.6234718826405868
0.6448440573194718
0.6962025316455697
0.6731030731574653
0.6962025316455697
0.6888660323990743
0.6013195098963242
0.6391752577319587
0.6696528555431132
0.659140251845419
0.597860962566845
0.5786064769381747
0.5786064769381747
0.6021148662658097
0.6021148662658097
0.6021148662658097
0.607313887679582
0.6222990492653414
0.6066766531136315
0.6118665018541409
0.5981308411214953
0.6118665018541409
0.5981308411214953
0.5981308411214953
0.6066766531136315
0.607313887679582
0.6066766531136315
0.5913522679101314
0.6066766531136315
0.6232138931633326
0.6222990492653414
0.6066766531136315
0.6183206106870229
0.6191744340878829
0.6183206106870229
0.6025917926565875
0.6183206106870229
0.5996480422349318
0.599826952195544
0.5837259100642398
0.599826952195544
0.5837259100642398
0.599826952195544
0.599826952195544
0.599826952195544
0.6163591909313181
0.599826952195544
0.6163591909313181
0.599826952195544
0.6460791117279667
0.6460791117279667
0.6460791117279667
0.6460791117279667
0.6460791117279667
0.6460791117279667
0.6460791117279667
0.6649508656995788
0.6649508656995788
0.6649508656995788
0.6649508656995788
0.6649508656995788
0.6649508656995788
0.6649508656995788
0.6649508656995788
0.6649508656995788
0.6649508656995788
0.6649508656995788
0.709628506444276
0.6889906046735726
0.6889906046735726
0.6889906046735726
0.7151149291850476
0.7151149291850476
0.7245508982035929
0.7377087744060221
0.7777515908555267
0.7777515908555267
0.7777515908555267
0.8026493039964078
0.8026493039964078
0.788829215896885
0.788829215896885
0.788829215896885
0.6823673970919517
0.6607073455110766
0.6607073455110766
0.6722222222222223
0.6686811233558478
0.6567164179104478
0.6684745762711864
0.6609071274298056
0.692845615922539
0.7064794451023515
0.71575400168492
0.7400261608894703
0.7416968361404062
0.7737756714060031
0.7342187733174154
0.7551206190259445
0.7523737754333082
0.7326294763875018
0.6945054945054945
0.6911643270024773
0.7422545454545455
0.7678827923010629
0.717262670439928
0.7171060698957694
0.7490926687636099
0.6646788990825688
0.6256113828368164
0.7092577535137646
0.8087968011632134
0.7889138399716346
0.8131955484896661
0.7291894253878086
0.0
0.0
0.7263459700541574
0.7060831781502173
0.6932153392330384
0.6880201277336946
0.7011393514461
0.7570093457943925
0.7316229460939752
0.7450482973948678
0.6908160517102074
0.7003101212292078
0.7448842991011666
0.73502722323049
0.728044779000193
0.7515822784810127
0.806241316661323
0.7137891077636153
0.5719656283566058
0.5316601997853546
0.4658291854309868
0.4504540385534491
0.38532996432818073
0.3728481150577468
0.3230872784384115
0.3296076980014804
0.3104796271237408
0.270935960591133
0.2742607100007058
0.25987963164382566
0.25987963164382566
0.25883405397346054
0.12548328020077326
0.10230518833455125
0.07516778523489932
0.03942652329749104
0.04896142433234421
0.008448437709534665
0.008502468458584751
0.012505042355788625
0.0
0.008302088912694162
0.003993558776167472
0.0
0.0
0.0
0.0
0.0
0.0
0.0
0.0
0.0
0.0
0.0
0.0
0.0
0.0
0.0
0.0
0.0
0.0
0.0
0.0
0.0
0.0
0.0
0.0
0.0
0.0
0.0
0.0
0.0
0.0
0.0
0.0
0.0
0.0
0.0
0.0
0.0
0.0
0.0
0.0
0.0
0.0
0.0
0.0
0.0
0.0
0.0
0.0
0.0
0.0
0.0
0.0
0.0
0.0
0.0
0.0
0.0
0.0
0.0
0.0
0.0
0.0
0.0
0.0
0.0
0.0
0.0
0.0
0.0
0.0
0.0
0.0
0.0
0.0
0.0
0.0
0.0
0.0
0.0
0.0
0.0
0.0
0.0
0.0
0.0
0.0
0.0
0.0
0.0
0.0
0.0
0.0
0.0
0.0
0.0
0.0
0.0
0.0
0.0
0.0
0.0
0.0
0.0
0.0
0.0
0.0
0.0
0.0
0.0
0.0
0.0
0.0
0.0
0.0
0.0
0.0
0.0
0.0
0.0
0.0
0.0
0.0
0.0
0.0
0.0
0.0
0.0
0.0
0.0
0.0
0.0
0.0
0.0
0.0
0.0
0.0
0.0
0.0
0.0
0.0
0.0
0.0
0.0
0.0
0.0
0.0
0.0
0.0
0.0
0.0
0.0
0.0
0.0
0.0
0.0
0.0
0.0
0.0
0.0
0.0
0.0
0.0
0.0
0.0
0.0
0.0
0.0
0.0
0.0
0.0
0.0
0.0
0.0
0.0
0.0
0.0
