1.0
0.8591549295774648
0.8928046989720999
0.9271833294310466
0.903800730083745
0.9730192719486082
0.9597370583401807
0.9009666241108882
0.8610733695652174
0.8541229627238986
0.8217609162491052
0.8869588818021441
0.9051644432703738
0.9221967963386728
0.8301635372501515
0.782195521572911
0.74090407938258
0.74102223066692
0.7415387742656774
0.7417038618280614
0.6818562261694411
0.6469114470842333
0.6298716636485316
0.6307692307692307
0.6525285481239804
0.6710725376224221
0.6790051207022677
0.6283629730962152
0.6209223847019123
0.6332959707391894
0.6613315880287975
0.6963849382870747
0.7127125060224379
0.6901615271659325
0.5841933376877858
0.6039915966386554
0.652594371081766
0.7116455132487196
0.7020616094881795
0.6219655903841621
0.6191646191646192
0.554140127388535
0.5147749659039248
0.5884060307990002
0.5959649122807018
0.5902677800172761
0.5817097415506959
0.5596808837066585
0.5910224438902744
0.555984555984556
0.5412055442140324
0.5170624855891169
0.5092402464065708
0.5061310782241015
0.49004524886877826
0.5063451776649747
0.49789848043970253
0.48191639267261627
0.5080451900034235
0.43386155129274395
0.4526112185686654
0.48079658605974396
0.5403422982885085
0.5927224901359053
0.6207207207207207
0.5948215535339398
0.6306930693069307
0.5734416049677573
0.5127272727272727
0.6221198156682027
0.5650369003690037
0.673728813559322
0.5909874415168678
0.592741935483871
0.6628452318916103
0.6695853721349472
0.6261555193039695
0.6347527109230362
0.6546762589928058
0.6533902323376007
0.639344262295082
0.6332552693208431
0.6647043767596621
0.6725553620303558
0.7422120605887397
0.7485461091110496
0.7000538502961766
0.7690075449796866
0.723354000590493
0.723354000590493
0.6940342587123449
0.6920353982300885
0.7072419106317411
0.6940342587123449
0.723354000590493
0.723354000590493
0.723354000590493
0.6368618402076723
0.6368618402076723
0.6368618402076723
0.6525807425294295
0.5984871406959152
0.6034585569469291
0.6215469613259669
0.594960049170252
0.5994550408719346
0.6532748143146523
0.758887715593101
0.6992561105207227
0.7290657439446366
0.6761006289308176
0.7008330315103224
0.6761006289308176
0.7008330315103224
0.6923076923076923
0.6761006289308176
0.6932350971198928
0.7966040462427746
0.7400279916025192
0.7548784662786717
0.7403906742281033
0.6750536974532065
0.6924939467312349
0.6772082878953108
0.6908018235451864
0.6155419222903885
0.6020287803727294
0.6007185628742515
0.6030197444831591
0.6030197444831591
0.6020287803727294
0.6219151036525172
0.6219151036525172
0.6373937677053825
0.6219151036525172
0.6578609899974353
0.6409626719056974
0.6219151036525172
0.6186354378818737
0.6054333764553687
0.6204562547004262
0.6054333764553687
0.5869565217391305
0.6003020387616411
0.6578609899974353
0.6401297728974294
0.6373937677053825
0.6195393169181891
0.6138996138996139
0.6138996138996139
0.6138996138996139
0.6138996138996139
0.584073040831854
0.584073040831854
0.5879593432369038
0.5879593432369038
0.584073040831854
0.6038543897216274
0.6031827515400411
0.6060682680151707
0.6076517150395778
0.6031827515400411
0.6031827515400411
0.6031827515400411
0.6508024349750968
0.6508024349750968
0.6508024349750968
0.6508024349750968
0.67642186637217
0.6730229949523275
0.6994122586062133
0.6795723779254551
0.673492286115007
0.673492286115007
0.673492286115007
0.673492286115007
0.673492286115007
0.673492286115007
0.6994122586062133
0.6730229949523275
0.6565973211741237
0.6994122586062133
0.6966164344611885
0.6702764320319179
0.6525767226404169
0.6525767226404169
0.597237269772481
0.597237269772481
0.5937829293993677
0.6389776357827476
0.6990578734858681
0.6563467492260062
0.636085626911315
0.7289305076392312
0.7045675413022352
0.7506384954724866
0.6989547038327526
0.6737918215613383
0.6687058823529411
0.6411673667919523
0.6411673667919523
0.5973520249221184
0.6358897989575577
0.6330036439354503
0.6357240905971173
0.6609071274298056
0.6851948959972033
0.7068447412353923
0.7164083719444001
0.7622913156685557
0.7627847697944878
0.7843010055141096
0.7480818414322251
0.7644679527069073
0.7420003091667955
0.723998264140026
0.6369426751592356
0.6047218003589673
0.6542609752392526
0.6761278757095907
0.6352141400407886
0.6330036439354503
0.7158902361199745
0.5709590327503228
0.5696259576385759
0.6817102137767221
0.8082706766917294
0.7674074074074074
0.730764753812129
0.6907739101047651
0.6085314374583426
0.6632782719186785
0.7100031555695803
0.7785092376300701
0.6539265452373842
0.6908745247148289
0.6575576430401366
0.7683923705722071
0.7168491764056317
0.7914630773485757
0.7373755656108597
0.7757905411634554
0.8035796236805874
0.8101472995090017
0.7179276315789473
0.7933932759968726
0.772986167615948
0.7523809523809524
0.7179276315789473
0.6712707182320442
0.6712707182320442
0.6648011532264902
0.6237876467585503
0.6598771147209831
0.7839063090290895
0.699180175144401
0.6719653179190751
0.7518131965328144
0.6941124391323594
0.6941124391323594
0.6565186246418339
0.6750895892676652
0.6620111731843575
0.6620111731843575
0.7365338539355755
0.6574682435392029
0.6335486154118376
0.6690190543401553
0.6690190543401553
0.7142242492040272
0.6936358328467762
0.7142242492040272
0.7238062521470285
0.7010911590342813
0.7019179541822056
0.6586248492159228
0.6285960378983635
0.6586248492159228
0.6778079402782491
0.7287844554902847
0.7142327650111193
0.7379488196786352
0.7562654619769819
0.7791939373062349
0.7603628430359398
0.7572148419606046
0.7301389987569217
0.7306046941842987
0.7081145584725537
0.7083185840707965
0.7083185840707965
0.6812485221092457
0.6813559322033899
0.6810965162764134
0.6802409907397077
0.6682960893854749
0.6670368725011107
0.6670368725011107
0.7142239048134127
0.7432176656151419
0.7341002821792924
0.7341002821792924
0.697098976109215
0.6453259598000638
0.6586628027323536
0.6693071292489722
0.6359400324149108
0.6092250541739759
0.5985014049328754
0.6184049079754601
0.6184049079754601
0.6359400324149108
0.6184049079754601
0.6449162446435528
0.6750810332973185
0.646933848382424
0.6788645360625664
0.6788645360625664
0.6788645360625664
0.6449162446435528
0.6934164394234515
0.6588096641131408
0.6449162446435528
0.647945205479452
0.647945205479452
0.647945205479452
0.7160467128027682
0.7160467128027682
0.7160467128027682
0.733780276816609
0.7422538443883406
0.7422538443883406
0.6989430617115582
0.7256194589679472
0.7422538443883406
0.7487844408427877
0.721212822589978
0.8231829741667782
0.875710804224208
0.8546184738955823
0.84341588848288
0.8546184738955823
0.84341588848288
0.84341588848288
0.8546184738955823
0.8546184738955823
0.8834044823906083
0.8613059902860226
0.8613059902860226
0.7913916028518616
0.8546511627906976
0.7913916028518616
0.7462606117773884
0.7789473684210526
0.8101065929727596
0.755131389724147
0.7338450111413716
0.7215901987748469
0.6935866983372921
0.6765865445758616
0.702361614394602
0.6829712205664884
0.709475600045501
0.7105538140020898
0.6732329084588644
0.5977818853974122
0.5690593852081414
0.4827639631265009
0.44653503677893924
0.4642193308550186
0.4707423580786026
0.45880026367831245
0.49746192893401014
0.504499329887038
0.5455241986974844
0.5573393105955049
0.5160711280641723
0.5021122510561256
0.4948453608247423
0.5002767017155506
0.5012296707655692
0.5253970084977122
0.5342849951458056
0.545193883123976
0.573526480164795
0.54707668944571
0.5486333216867794
0.5413981404043883
0.506029950965234
0.5126697581980788
0.5221424820584631
0.5380535568577999
0.5735387982128203
0.5691984599229961
0.576860401955459
0.5616447411912474
0.5948820743279287
0.6239673315533218
0.6323614892770826
0.6558055226651464
0.6915765322844969
0.7351584127960628
0.6840988822713552
0.7022651992734267
0.6768464953585362
0.6561032863849765
0.6421520628787678
0.6258987004958811
0.6768464953585362
0.7355034920805803
0.750507691695093
0.750507691695093
0.7369889081500984
0.6594591882807405
0.671251719394773
0.6845106228436535
0.660321612500146
0.6733096085409253
0.7326414185001289
0.7017543859649122
0.7122232313425825
0.6942372454599818
0.6347913285296337
0.6470522701722758
0.7014863203665512
0.7197290431837426
0.7220565718430172
0.7451363203798723
0.6914316702819957
0.7029031918859754
0.7343156307103286
0.706685275645499
0.6817701966885209
0.6573261751996857
0.6898087938238469
0.6773129292910465
0.6523427388040383
0.6682820071908707
0.6877729257641921
0.6754190682402692
0.7250673854447439
0.6997496686791341
0.6909628113113171
0.6861558274307792
0.7242495906858286
0.70435295708508
0.7061933814013681
0.6975400760602706
0.6971442164436042
