1.0
0.9868421052631579
0.9745233676396153
0.9625
1.0
0.9250711349984192
0.9487678339818417
0.9487678339818417
0.9400532164658006
0.9509222133119487
0.9753166612536538
0.9385897238080543
0.9750225699668974
0.9652432969215492
0.9294117647058824
0.9753086419753086
0.8905756801442958
0.9750077136686208
0.9034653465346535
0.9488468874631524
0.971830985915493
0.875
1.0
0.8512524939037908
0.8635875402792696
0.7690117934119561
0.8275862068965517
0.7915835660151576
0.8617021276595744
0.9228550829127613
0.9283394674171899
0.9405049396267837
0.9148623081774228
0.8695818216536185
0.8659362549800796
0.9157362544765115
0.8470441595441596
0.8201393286890437
1.0
0.8699099099099099
0.8736097067745198
0.9497051682275408
1.0
0.8904659055846961
0.9257417802726544
0.8920428106095859
0.8799377916018662
0.8666269723131884
0.9896332972303884
0.9293103448275862
0.9445772963848642
0.9516971279373369
0.9767441860465116
0.9568723274282224
0.8719439956919763
0.9061302681992337
0.969180768799731
0.9599209399363128
0.9790132952422811
0.9196031474512487
0.8849868305531168
0.9103913354449781
0.836918050639804
0.9106717731083739
0.6815144766146993
0.689882989731752
0.575141684580809
0.5222476481057716
0.6339031339031339
0.6939168069247416
0.9058716431497497
0.9639727361246349
0.9115422558368957
0.9739130434782609
0.9031536926147704
0.8318385650224215
0.8958095405429148
0.8436470157451483
0.8193107730518473
0.9580021354846364
0.9184692179700499
0.9529411764705882
0.9269406392694064
0.9664110023803226
0.9330297347977498
0.8646313364055299
0.8908156711624919
0.926829268292683
0.9345843563661873
0.8433889602053916
0.8473520249221184
0.9563237424963775
0.9855272226051
0.9265066144047036
0.897196261682243
0.8530612244897959
0.967032967032967
0.9463722397476341
1.0
0.9132231404958677
0.9279475982532751
0.9452160493827161
0.9245901639344263
0.9400479616306955
0.9787505312367191
0.866692278140607
0.9582577132486388
0.9008007117437722
0.8361111111111111
0.9582222222222222
1.0
0.9769605671245015
0.8818466353677621
0.9603836530442035
0.9811465948441709
0.9793253536452666
1.0
0.9814814814814815
1.0
0.9807893817673768
1.0
0.983061287342162
0.9492219492219492
0.9483648881239243
0.9253365973072215
0.8585294831351614
0.8086253369272237
0.9692307692307692
0.9271303109423213
0.9269351338316856
0.9513693370872792
0.9253731343283582
0.9540566959921799
0.9075589792970631
1.0
0.9687858618315355
0.971447691278162
1.0
0.9853032498447526
0.9470326696307751
1.0
0.9102564102564102
0.9226292365628209
0.9473684210526315
0.8841573439191628
0.9609050074862752
0.8918828451882845
0.8833359859939519
0.9514843087362171
0.8971324533454711
0.8925071611638776
0.9670654031381078
0.9186097668279807
0.9767509025270759
0.9353465478249302
0.9469059871971884
0.9502854424357755
0.9366916269571137
0.9025651852633801
0.9696906572232059
0.9900010308215648
0.9798020601898606
0.979381443298969
0.9399873657612129
0.9095848728537275
0.9271009929765076
0.9654976572483317
0.952921157118548
0.9532792925571113
0.9511731135066582
1.0
1.0
0.9735333782872556
0.999259807549963
0.9217264081931237
0.9714285714285714
0.9857142857142858
0.9334984756097561
0.9596421092708928
0.9729944400317713
0.9207221350078493
0.9844264093002851
0.9848866498740554
0.984831831171686
0.9669569100245591
0.9149373330593795
0.9183241641980533
0.9822307856989938
1.0
1.0
0.935248966738831
0.9420289855072463
0.9470429068419018
0.9419163891971883
0.9239110789806615
0.9733138365929446
0.8941132913735653
0.999580008399832
0.9558823529411765
0.9402985074626866
0.8541767262192178
0.9544105745886161
0.9841269841269841
1.0
0.9180131657690006
0.9783631232361242
0.9447409733124019
1.0
0.9314703925482368
0.9133420536298235
0.9265770423991727
1.0
0.9636109167249826
1.0
1.0
0.9245283018867925
0.8882562277580072
0.8608108108108108
1.0
0.9005087620124365
0.9528936742934051
0.9391495601173021
0.9027368421052632
0.9344475394614671
0.9376458819606536
1.0
0.9235382308845578
0.863941948564721
0.945209226000547
0.941747572815534
0.911661971830986
0.9012213125754932
0.941130906274206
0.9629629629629629
0.9739363740896896
0.9453237410071943
0.9829257037378865
1.0
0.9632272228320526
0.9484044139576498
0.9687215305192833
0.9326980345443716
0.9839948783610756
0.9271746459878625
0.9607843137254902
0.9061409630146545
0.9129519129519129
0.9622641509433962
0.9608958407394241
0.6962457337883959
0.8799723279142165
0.9618874773139746
0.9622641509433962
0.9643239386371745
0.9476474486414844
0.9304181295882541
0.9962406015037594
0.873015873015873
0.920460358056266
0.9396306818181818
0.7894736842105263
0.8925895087427144
0.7893277893277894
0.8223052294557097
0.8834875024601456
0.9082694951875859
0.9446432330035782
0.8548158640226629
0.7347695567720289
0.9143244158482898
0.8907896746601497
0.8589624106865487
0.9032258064516129
0.9997199663959675
0.9658908507223114
0.9102581249164103
0.8079892581403155
0.868043602983362
0.9893655155932608
0.9085746734809768
0.961912164788185
0.845344960246217
0.8949498219488508
0.983343248066627
1.0
0.9684684684684685
0.9383427451884292
0.8922413793103449
0.9314815714077599
0.9794481981981982
0.8948587308939324
0.9635557478101006
0.8694102975236059
0.9282520757930594
0.9326837909654562
0.9962413080248074
0.9781766265551703
0.9669064748201439
0.9275531666277168
0.9614850359893926
0.9857124131603093
0.9658166033640803
0.9987484355444305
0.974025974025974
0.9733515544926546
1.0
0.946712802768166
0.934572881950535
0.7815533980582524
0.9192789968652038
0.946685878962536
0.935064935064935
0.9354240118760438
0.972972972972973
1.0
0.9598139534883721
0.9604852049255651
0.9358298491183421
0.92902767920511
0.9096502021444893
0.9471276054905948
1.0
0.9383218534752661
0.965424739195231
0.9991596638655462
0.9775402516574212
0.8836104513064132
0.9235892043463021
0.8878297495012193
0.7778329526268746
0.9054940085914538
0.9893858984078847
0.9356695869837297
0.945552428728741
0.9670813893208916
0.9560823940924991
0.9786438868126001
0.9415566927013197
0.9894025698768049
0.9842456608811749
0.9561290322580646
0.9457966057097751
0.9625
0.9641595814257685
0.977622202775347
0.978494623655914
0.8772348033373063
0.9373040752351097
0.8882620958993274
0.8950617283950617
0.8641618497109826
0.6931015752308528
0.6876291438325397
0.7521367521367521
0.8834520611935069
0.9106017960058973
0.9768666020224408
0.9436805922792173
0.851063829787234
0.8769917144678139
0.8433620995389526
0.8615904428623145
0.9882400106908994
0.8416536661466458
0.9044789099869547
0.9042954031650339
0.8823529411764706
0.8623622047244095
0.8446280991735537
0.8377853326857698
0.7253886010362695
0.8920916481892092
1.0
0.0
0.899979334573259
0.8704093567251462
0.967741935483871
0.9388971684053651
0.8397469688982604
0.8349056603773585
0.9076923076923077
0.8590887740723344
0.8350247816851546
0.8942731277533039
0.9121621621621622
0.9279869067103109
0.8979967764218282
0.9389561975768872
0.9853008727606798
0.8714285714285714
0.8999773191199818
0.9843601895734597
0.9710982658959537
0.8341056533827618
0.9371099375900144
0.8787878787878788
0.9227272727272727
0.9217240525142433
0.8948761125811884
0.9411764705882353
0.898159509202454
0.8551401869158879
0.8985507246376812
0.8966602129719264
0.9253695178095469
0.9299097848716169
1.0
0.9180570221752904
0.8646907216494846
0.9986604152712659
0.9257856028526855
1.0
0.9710082215491129
0.9333333333333333
0.9864890580399619
0.8604131769960915
0.8558394160583942
0.9051574270813212
0.8931813791771296
0.8249870039854444
0.7718603814321698
1.0
0.9552238805970149
0.9549263873159682
0.9558823529411765
0.9550011657729074
0.9416342412451362
0.8117437016464987
0.8488421052631578
0.9708644353479412
0.8738988170148503
0.8947613504074505
0.7753723932472691
0.8021929824561403
0.7435239206534422
0.9171848501978519
0.8545880973321607
0.8911968348170128
0.8627513565272902
0.5018939393939394
0.4896185417672622
0.5127388535031847
0.428335170893054
0.5071801566579635
0.5546942291128337
0.6176470588235294
0.632755905511811
0.5657894736842105
0.5728034771809997
0.6856252434748734
0.8493408662900188
0.8733153638814016
0.926291352292513
0.926829268292683
0.9010989010989011
1.0
0.9120521172638436
0.8188574082675337
1.0
0.9582297364495276
0.9574468085106383
1.0
0.9556907037358818
0.9363957597173145
0.9425472077139413
0.8783638320775027
0.9126074498567335
0.9303482587064676
0.9304405432262338
0.9640221402214022
0.9975816203143894
0.9661016949152542
0.8531735222010352
0.9352708058124174
0.967741935483871
0.9007263922518159
0.8893956670467503
0.9613585167215387
0.9387116948092558
0.8888888888888888
0.9250702848062584
0.9459334565619224
0.8850529619458611
0.9304347826086956
0.9249279651117515
0.9261891744122471
0.8751459939266526
0.927466483327604
0.9154114508516314
0.8954903364352184
0.8914639325365528
0.9268997621300867
0.9390551749008295
0.9334313903716802
0.9791753078650399
0.9029549566266178
0.8986750708842347
0.8853757361121034
0.9177532080068548
0.8860688885789988
0.891067855951984
0.8921942018189901
0.903212161269002
0.845652418764431
0.8696420269642027
0.853911278920843
0.8960265134153651
0.9182798700133575
0.91
0.9105148658448151
0.9267119124797407
0.9026553473107488
0.894293407452445
0.8473726855325151
0.9169047928302377
0.957532409476978
0.9630003129672775
0.8789564023343632
0.8631418474118218
0.9406318883174136
0.8979675249879241
0.9086197183098591
0.9852971123691606
0.9309986530690784
0.9375
0.9473438593762152
0.9659472810462809
0.943649896730447
0.9621344564526383
0.9198257413634974
0.9136356776335648
0.8958426464014305
0.925754060324826
0.9303727667083302
0.9272367553308419
0.8667847099260494
0.9050207409526534
0.9551269955089255
0.9018003273322422
0.8956681766704416
0.9195552648790059
0.9108268715124285
0.9129027512137707
0.9332813544219203
0.9313314197394569
0.9607470958924911
0.9549806245726009
0.8783068783068783
0.9212362911266201
0.8968384502923976
0.9170011991032793
0.9204627621113521
0.9446995134653601
0.9601328903654485
1.0
0.9713977334052887
0.9532174909299217
0.937757625721352
0.9356213548676536
0.8870374626522638
0.9880952380952381
0.956167571761055
0.8809980806142035
0.908881979180749
0.9299454493252943
0.9288444575124963
0.9294336118848654
0.900974025974026
0.8786711603273952
