1,1508,524,78,77
2,1506,525,76,76
3,1506,527,79,74
4,1506,528,75,73
5,1505,527,78,76
6,1503,528,81,75
7,1506,527,79,79
8,1505,527,80,79
9,1505,528,81,79
10,1505,527,79,80
11,1506,526,78,81
12,1506,523,79,84
13,1494,530,83,82
14,1489,530,80,83
15,1485,533,84,79
16,1488,531,82,81
17,1492,533,83,80
18,1502,529,80,81
19,1511,527,82,80
20,1524,528,75,76
21,1537,528,73,72
22,1549,527,70,69
23,1562,527,66,63
24,1572,526,70,60
25,1581,523,69,61
26,1582,510,72,66
27,1582,492,67,71
28,1586,477,67,79
29,1588,468,69,72
30,1590,461,70,66
31,1594,457,70,66
32,1596,458,70,64
33,1601,459,72,66
34,1605,467,70,67
35,1608,475,69,63
36,1612,488,71,65
37,1612,504,78,73
38,1613,487,75,78
39,1616,452,72,73
40,1614,420,77,71
41,1617,393,75,73
42,1618,369,75,72
43,1619,348,76,73
44,1617,331,80,81
45,1617,321,83,74
46,1617,312,86,67
47,1617,305,96,64
48,1620,300,92,69
49,1621,299,88,74
50,1626,304,86,79
51,1629,314,88,75
52,1632,325,89,79
53,1634,339,89,86
54,1639,362,91,91
55,1644,390,91,98
56,1649,412,91,98
57,1635,372,92,88
58,1624,331,100,91
59,1613,302,99,89
60,1602,278,102,83
61,1592,256,105,82
62,1583,238,108,95
63,1574,228,111,103
64,1564,224,117,88
65,1553,223,127,92
66,1540,223,139,100
67,1534,225,148,103
68,1528,229,162,104
69,1528,231,164,105
70,1520,240,146,93
71,1512,261,123,107
72,1509,290,115,97
73,1500,323,118,100
74,1493,362,118,104
75,1486,412,119,100
76,1484,391,115,99
77,1475,373,110,97
78,1473,357,116,99
79,1476,351,109,88
80,1471,345,95,87
81,1468,348,90,79
82,1464,349,89,82
83,1457,363,92,80
84,1456,369,90,81
85,1452,387,93,78
86,1448,405,93,78
87,1456,429,82,77
88,1455,454,80,76
89,1453,470,74,77
90,1445,433,81,74
91,1445,403,72,75
92,1444,379,67,66
93,1441,361,68,63
94,1440,349,64,60
95,1437,338,72,59
96,1439,333,61,55
97,1436,329,59,52
98,1436,328,55,50
99,1434,329,55,52
100,1435,334,56,49
101,1433,338,54,51
102,1434,347,51,49
103,1434,358,51,46
104,1434,370,46,47
105,1433,383,48,48
106,1432,400,49,46
107,1433,416,47,51
108,1434,439,45,47
109,1431,446,47,48
110,1429,428,44,48
111,1426,411,46,48
112,1420,398,48,49
113,1413,387,52,51
114,1411,378,52,49
115,1409,374,54,50
116,1405,370,52,50
117,1400,369,51,50
118,1396,367,53,54
119,1395,370,51,55
120,1391,378,53,54
121,1387,389,55,54
122,1382,403,59,57
123,1378,421,61,60
124,1377,442,58,57
125,1372,464,61,65
126,1366,449,65,59
127,1361,426,63,59
128,1357,402,63,62
129,1352,383,65,61
130,1346,367,68,63
131,1345,356,62,60
132,1339,344,65,64
133,1335,341,66,61
134,1331,337,66,63
135,1327,339,67,63
136,1323,343,66,63
137,1319,350,65,63
138,1312,359,69,66
139,1307,371,71,70
140,1300,390,75,68
141,1295,412,75,74
142,1292,439,68,72
143,1287,469,73,78
144,1278,444,73,78
145,1274,413,71,73
146,1266,385,81,72
147,1260,360,79,74
148,1254,340,81,73
149,1249,325,83,71
150,1241,312,87,73
151,1236,300,88,77
152,1232,294,88,75
153,1226,294,88,73
154,1219,294,92,75
155,1212,298,94,79
156,1204,305,98,80
157,1195,317,101,84
158,1189,337,98,85
159,1183,357,98,89
160,1177,388,97,92
161,1166,430,101,94
162,1159,457,97,97
163,1150,421,94,93
164,1140,391,100,94
165,1132,369,96,90
166,1126,354,93,85
167,1119,343,90,82
168,1114,341,87,75
169,1108,335,85,78
170,1103,337,84,77
171,1098,341,81,76
172,1093,348,80,78
173,1088,363,76,75
174,1083,379,75,74
175,1078,399,74,72
176,1074,420,73,71
177,1071,446,70,69
178,1062,434,72,69
179,1053,401,71,73
180,1045,375,72,71
181,1038,354,71,67
182,1032,336,69,66
183,1023,319,69,67
184,1014,309,71,63
185,1002,303,74,61
186,993,299,74,61
187,985,296,74,61
188,979,295,70,63
189,968,298,71,62
190,957,304,77,66
191,948,315,76,66
192,940,329,73,67
193,930,345,74,68
194,917,367,75,66
195,910,397,77,67
196,899,424,73,66
197,897,403,72,73
198,894,372,71,68
199,891,347,69,67
200,888,330,68,61
201,886,314,65,59
202,884,302,64,59
203,882,293,64,59
204,880,290,62,55
205,878,288,61,52
206,876,288,60,51
207,873,289,58,50
208,869,293,58,50
209,866,298,59,49
210,863,306,58,51
211,860,318,59,48
212,858,329,57,49
213,856,344,54,49
214,854,362,52,51
215,850,380,53,52
216,846,406,51,50
217,841,429,55,54
218,840,418,54,56
219,835,403,58,55
220,833,391,60,58
221,827,378,65,60
222,823,372,66,62
223,818,366,71,68
224,812,362,75,71
225,807,363,79,72
226,795,366,85,81
227,787,371,86,90
228,770,393,100,90
229,758,411,108,94
230,755,368,103,96
231,752,330,99,92
232,751,306,91,86
233,750,292,83,75
234,746,281,82,68
235,744,271,79,66
236,743,269,74,60
237,741,267,70,60
238,739,266,67,61
239,737,271,63,56
240,734,277,63,54
241,731,284,62,55
242,728,296,61,51
243,728,306,58,53
244,726,320,54,50
245,721,335,53,53
246,719,354,54,52
247,716,373,56,49
248,715,393,52,53
249,713,393,53,48
250,715,381,54,53
251,718,370,52,51
252,719,361,54,49
253,722,355,52,50
254,722,349,55,52
255,722,347,57,52
256,724,347,58,53
257,724,348,59,57
258,726,354,59,59
259,725,363,62,60
260,725,374,67,63
261,725,388,74,64
262,722,409,81,69
263,724,435,77,75
264,723,423,71,78
265,718,403,71,75
266,715,388,73,70
267,713,377,71,65
268,710,367,80,65
269,706,357,79,65
270,703,355,79,70
271,697,356,86,76
272,690,360,87,73
273,685,368,87,73
274,680,383,85,79
275,674,397,87,87
276,665,419,87,87
277,656,450,93,94
278,647,442,90,93
279,638,407,94,84
280,629,381,95,95
281,611,355,108,91
282,597,329,118,100
283,584,311,119,101
284,569,296,119,109
285,547,286,128,114
286,526,281,133,113
287,506,282,138,122
288,484,294,137,121
289,460,311,139,142
290,431,336,149,150
291,411,338,140,142
292,404,296,137,127
293,400,262,136,117
294,396,244,130,109
295,398,236,121,99
296,392,233,116,91
297,388,230,112,88
298,389,231,103,87
299,384,235,102,85
300,382,244,100,82
301,384,256,91,80
302,380,266,90,82
303,380,283,84,78
304,377,303,82,77
305,373,327,80,78
306,371,354,81,74
307,371,381,75,74
308,369,416,76,72
309,367,425,73,80
310,359,391,73,65
311,353,363,75,68
312,348,336,71,71
313,342,314,76,70
314,335,296,76,68
315,328,281,78,68
316,322,271,77,68
317,314,263,79,68
318,307,257,80,67
319,301,255,82,68
320,292,255,83,69
321,285,257,80,72
322,275,264,84,75
323,267,274,85,75
324,260,289,86,78
325,253,307,85,82
326,246,334,85,87
327,237,361,84,86
328,227,402,91,89
329,217,425,95,97
330,209,387,99,92
331,202,350,96,93
332,197,321,91,83
333,190,295,94,83
334,183,274,92,84
335,176,260,94,80
336,170,247,91,78
337,161,240,94,76
338,155,237,93,75
339,146,234,97,76
340,139,235,96,77
341,131,242,97,77
342,124,249,97,82
343,121,265,95,80
344,112,280,94,81
345,106,300,93,88
346,98,325,94,92
347,90,356,97,95
348,90,398,94,92
349,80,435,99,109
350,79,406,93,102
351,73,376,102,98
352,67,347,108,110
353,63,338,98,113
354,58,324,103,101
355,56,314,93,102
356,56,313,85,84
357,52,316,88,80
358,47,319,92,82
359,45,326,92,88
360,45,338,90,93
361,41,351,93,96
362,39,371,88,95
363,33,397,93,84
364,33,431,87,81
365,33,463,84,77
366,28,461,81,82
367,21,439,85,77
368,15,420,85,75
369,12,408,81,71
370,8,398,84,83
371,4,393,82,87
372,2,391,75,90
373,nan,nan,nan,nan
374,1918,402,70,81
375,1917,411,68,72
376,nan,nan,nan,nan
377,nan,nan,nan,nan
378,1,451,48,66
379,nan,nan,nan,nan
380,nan,nan,nan,nan
381,nan,nan,nan,nan
382,nan,nan,nan,nan
383,nan,nan,nan,nan
384,nan,nan,nan,nan
385,nan,nan,nan,nan
386,nan,nan,nan,nan
387,nan,nan,nan,nan
388,nan,nan,nan,nan
389,nan,nan,nan,nan
390,nan,nan,nan,nan
391,nan,nan,nan,nan
392,nan,nan,nan,nan
393,nan,nan,nan,nan
394,nan,nan,nan,nan
395,nan,nan,nan,nan
396,nan,nan,nan,nan
397,nan,nan,nan,nan
398,nan,nan,nan,nan
399,nan,nan,nan,nan
400,nan,nan,nan,nan
401,nan,nan,nan,nan
402,nan,nan,nan,nan
403,nan,nan,nan,nan
404,26,498,54,60
405,14,489,53,54
406,nan,nan,nan,nan
407,1906,487,49,56
408,1906,487,49,56
409,1906,487,49,56
410,1906,487,49,56
411,1906,487,49,56
412,1906,487,49,56
413,1906,487,49,56
414,1906,487,49,56
415,1906,487,49,56
416,1906,487,49,56
417,1906,487,49,56
418,1906,487,49,56
419,1906,487,49,56
420,1906,487,49,56
421,1906,487,49,56
422,1906,487,49,56
423,1906,487,49,56
424,1906,487,49,56
425,1906,487,49,56
426,1906,487,49,56
427,1906,487,49,56
428,1906,487,49,56
429,1906,487,49,56
430,1906,487,49,56
431,1906,487,49,56
432,1906,487,49,56
433,1906,487,49,56
434,1906,487,49,56
435,1906,487,49,56
436,1906,487,49,56
437,1906,487,49,56
438,1906,487,49,56
439,1906,487,49,56
440,1906,487,49,56
441,1906,487,49,56
442,1906,487,49,56
443,1906,487,49,56
444,1906,487,49,56
445,1906,487,49,56
446,1906,487,49,56
447,1906,487,49,56
448,1906,487,49,56
449,1906,487,49,56
450,1906,487,49,56
451,1906,487,49,56
452,1906,487,49,56
453,1906,487,49,56
454,1906,487,49,56
455,1906,487,49,56
456,1906,487,49,56
457,1906,487,49,56
458,1906,487,49,56
459,1906,487,49,56
460,1906,487,49,56
461,1906,487,49,56
462,1906,487,49,56
463,1906,487,49,56
464,1906,487,49,56
465,1906,487,49,56
466,1906,487,49,56
467,1906,487,49,56
468,1906,487,49,56
469,1906,487,49,56
470,1906,487,49,56
471,1906,487,49,56
472,1906,487,49,56
473,1906,487,49,56
474,1906,487,49,56
475,1906,487,49,56
476,1906,487,49,56
477,1906,487,49,56
478,1906,487,49,56
479,1906,487,49,56
480,1906,487,49,56
481,1906,487,49,56
482,1906,487,49,56
483,1906,487,49,56
484,1906,487,49,56
485,1906,487,49,56
486,1906,487,49,56
487,1906,487,49,56
488,1906,487,49,56
489,1906,487,49,56
490,1906,487,49,56
491,1906,487,49,56
492,1906,487,49,56
493,1906,487,49,56
494,1906,487,49,56
495,1906,487,49,56
496,1906,487,49,56
497,1906,487,49,56
498,1906,487,49,56
499,1906,487,49,56
500,1906,487,49,56
501,1906,487,49,56
502,1906,487,49,56
503,1906,487,49,56
504,1906,487,49,56
505,1906,487,49,56
506,1906,487,49,56
507,1906,487,49,56
508,1906,487,49,56
509,1906,487,49,56
510,1906,487,49,56
511,1906,487,49,56
512,1906,487,49,56
513,1906,487,49,56
514,1906,487,49,56
515,1906,487,49,56
516,1906,487,49,56
517,1906,487,49,56
518,1906,487,49,56
519,1906,487,49,56
520,1906,487,49,56
521,1906,487,49,56
522,1906,487,49,56
523,1906,487,49,56
524,1906,487,49,56
525,1906,487,49,56
526,1906,487,49,56
527,1906,487,49,56
528,1906,487,49,56
529,1906,487,49,56
530,1906,487,49,56
531,1906,487,49,56
532,1906,487,49,56
533,1906,487,49,56
534,1906,487,49,56
535,1906,487,49,56
536,1906,487,49,56
537,1906,487,49,56
538,1906,487,49,56
539,1906,487,49,56
540,1906,487,49,56
541,1906,487,49,56
542,1906,487,49,56
543,1906,487,49,56
544,1906,487,49,56
545,1906,487,49,56
546,1906,487,49,56
547,1906,487,49,56
548,1906,487,49,56
549,1906,487,49,56
550,1906,487,49,56
551,1906,487,49,56
552,1906,487,49,56
553,1906,487,49,56
554,1906,487,49,56
555,1906,487,49,56
556,1906,487,49,56
557,1906,487,49,56
558,1906,487,49,56
559,1906,487,49,56
560,1906,487,49,56
561,1906,487,49,56
562,1906,487,49,56
563,1906,487,49,56
564,1906,487,49,56
565,1906,487,49,56
566,1906,487,49,56
567,1906,487,49,56
568,1906,487,49,56
569,1906,487,49,56
