1.0
0.9024390243902439
0.9240506329113924
0.9239075417580563
0.9996397694524496
1.0
0.9733333333333334
1.0
0.9018524536886577
0.9620253164556962
0.9873460435296103
0.9256010396361274
0.9629629629629629
0.9396372286648825
0.9188632012958328
0.9263547938860583
0.960758877898492
1.0
0.9515828677839852
0.9596371042399555
0.9470588235294117
0.8744239631336406
0.8979967764218282
0.8019344910969444
1.0
0.8352532058248207
0.8390004096681688
0.766023166023166
0.8507950337617077
0.9384615384615385
0.9705882352941176
0.9101423487544484
1.0
0.9012161297205035
0.8866738894907908
0.9377466023673827
0.9305135951661632
0.8717948717948718
0.9706182411752704
0.9722337339411521
0.8717948717948718
0.9350418223883253
0.9138708062093139
0.902728731942215
0.9736477115117892
0.9345859429366736
0.8550996083773199
0.812133072407045
0.8738011873953417
0.9882352941176471
0.9375
0.9534883720930233
0.9444231506324262
0.9761339497688367
0.9292929292929293
0.8949336960217613
0.8695652173913043
0.9088251826869027
0.9141811730790553
0.9051266941661756
0.8102157639806252
0.9512117006512224
0.8801297957625501
0.941803642825411
0.7721423164269493
0.8532695374800638
0.7287845019715412
0.8211648892534865
0.84381049414162
0.713941148094549
0.9922225545916841
0.9602667407613226
0.8986776720289733
0.9807986406117247
0.8792629033602936
0.8596581196581197
0.8385196096483152
0.8967456809963841
0.8381997804610318
0.9212345679012346
0.9292916235780765
0.9542625169147496
0.9064080944350759
0.9635885366191334
0.9311023622047244
0.9529848437983297
0.9248437763891234
0.9483937115516062
0.9605263157894737
0.9102244389027432
0.919629057187017
0.9559105431309904
0.9696969696969697
0.9242041435068217
0.9659714599341384
0.9830667920978363
0.9342146679257161
0.9807482746095169
1.0
0.9080118694362018
0.9444872783346183
0.9081081081081082
0.9383145091225021
0.8795768917819365
0.8789808917197452
0.826885502149277
0.977325312355391
0.8991559306974678
0.8172757475083057
1.0
0.9791969037252056
0.9379070777247069
0.9215358931552587
0.9623903050564145
1.0
1.0
1.0
0.9427973491454482
0.9110212335692619
0.9068712940355773
0.9626446280991735
0.983061287342162
0.95004095004095
0.9649928263988522
1.0
0.9390690376569037
0.834427057041898
0.92355423181931
0.8815028901734104
0.9113179813816756
0.9339242546333602
0.8472012102874432
0.9828629032258065
0.9094142755513398
0.9838709677419355
0.9995039682539683
0.9385474860335196
0.9841706813489333
0.986335926003784
0.8942065491183879
0.9594517418617933
0.8658420551855376
0.8481012658227848
0.9996297667530544
0.8259950686861571
0.8763929367392422
0.9257926306769494
0.8514664143803217
0.9604221635883905
0.9104046242774566
0.9132709687648645
0.967930029154519
0.9199882766705745
0.9745948313622427
0.9526717557251908
0.9552161532487704
0.9470003680529996
0.8631832244757649
0.9061116031886626
0.960183447988326
0.96
1.0
0.9595959595959596
0.9307756463719766
0.9331742243436754
0.9228115015974441
0.9520739910313901
0.9044992743105951
0.9625547335044542
1.0
0.9989883662114315
0.9759599332220368
0.8974402155607949
0.9342223824112452
0.9192995812714122
1.0
0.9850746268656716
0.8795060744871539
0.9317129629629629
1.0
0.9196339765267555
0.9558823529411765
0.9426619747464293
0.984375
0.925479696564034
0.8738891239949217
0.9549795361527967
0.9706826449818104
0.9981892258940697
0.9150435142975549
0.9572702758763741
0.8751711993738994
0.9308885754583921
0.8916820702402958
0.9347181008902077
0.9215792320173066
0.8937288772061585
0.9164282795259502
0.9027777777777778
0.9702095430446857
0.921443736730361
0.9227707006369427
1.0
0.9980806142034548
0.9090909090909091
1.0
0.9090909090909091
0.8721007289595759
0.9597761455054215
0.8697146785837058
0.9582887700534759
0.9635599159074982
0.9264705882352942
0.9601449275362319
1.0
0.8564522127184827
0.925984251968504
0.8292682926829268
1.0
0.80043980208906
0.9072276159654801
0.9097688292319165
0.8598049837486457
0.9477817039654496
0.9230769230769231
0.9751746692433477
0.8787492022973835
0.8046230049532196
0.9325177980547478
0.9321202208137396
0.9295063145809415
0.8529985690126187
0.940181647353586
0.9351620947630923
0.977582065652522
0.967741935483871
0.9828094302554028
0.9556400506970849
0.9706411024565608
0.9830242062244577
0.9663627790003144
0.9476389335046579
0.9296875
0.8723040054775761
0.9961568024596464
0.8874622356495468
0.8638091946076737
0.9797027908662559
0.9803921568627451
0.617484904174324
0.896551724137931
0.9604728481714074
0.9615526802218115
0.9468047126026419
1.0
0.9466437177280551
1.0
0.9168437025796662
0.9818913480885312
0.9391644270706083
0.8233238698405766
0.9420035149384886
0.8439556307576612
0.8917120387174834
0.8663567693201627
0.8963632937629545
0.9025906735751296
0.824212271973466
0.7633617350890782
0.8902077151335311
0.972324108036012
0.9869712653935392
0.9602507009731156
0.903169014084507
0.9312893512181768
0.9419924337957125
0.8632832080200501
0.8479333020197276
0.9372757782664044
0.870464299648849
0.888588791357191
0.8535151029136594
0.9062922868741543
0.9641604392252554
0.9673202614379085
0.9412572055997804
0.9499580988866275
0.8674281948487012
0.9083096039347657
0.8665895508000772
0.9235646354350123
0.900709219858156
0.9076657366812807
0.9034802784222737
0.9621397785853123
0.9684797768479777
0.9098641219790479
0.9997609371264643
0.9185832000983889
0.9772545889864326
0.9309576837416481
1.0
0.9733718318896375
0.9876543209876543
0.9095408772828127
0.9864639347302058
0.932188540388996
0.9352384486917795
0.8447406340057637
0.895121505572812
0.8668002915451894
0.8481824661439772
0.9194514197411628
0.9317955856034997
0.9832285115303984
0.8485620677102294
0.9503599848427434
0.9629629629629629
0.9452313503305004
0.9516700877029296
0.9619846510797787
0.9734662835896569
1.0
0.9517409896151496
0.8830769230769231
0.9533564013840831
0.9423474663908997
0.9463562753036437
0.8954217437596119
0.8507085576183676
0.8436907520539288
0.9765013054830287
0.9446645367412141
0.9639662662918477
0.9533386967015286
0.9540636042402827
0.9304962646744931
0.9862378675937998
0.8830378406985975
0.862813934647583
0.9113975030205397
0.9024589050400761
0.9440085117701822
0.975609756097561
0.9890255189739522
0.9455511288180611
0.9123231345991051
1.0
0.9266636487098234
0.8336882453151618
0.927843137254902
0.8393177737881508
0.7757843038989676
0.6333155934007451
0.7505328326398051
0.7997343075390235
1.0
0.9765791341376863
0.9313008130081301
0.858260759813202
0.8506477633830359
0.9659090909090909
0.988230463938689
0.8794170218616801
0.9626620840493673
0.8603334863087043
0.9153884215734784
0.8723912697148319
0.8616192718710378
0.9067811459611004
0.8409539178769948
0.9105997736703131
0.8731212180363068
0.0
0.943029490616622
0.7803524016413227
0.9056024558710668
0.8498714652956298
0.9327272727272727
0.8375158428390368
0.8721804511278195
0.7727713178294574
0.8764981761334029
0.9232349165596919
0.9402985074626866
0.9393791249083354
0.9076923076923077
0.9215262778977682
0.9843787551069454
0.9110947832476121
0.8997926744989634
0.9486988847583643
0.8679155797960636
0.7811408614668219
0.8915807147997121
0.8495192307692307
0.8617558022199798
0.8784476446180132
0.869362000467399
0.8680459770114942
0.866965620328849
0.9088651601688602
0.8852781880846874
0.9420289855072463
0.9281108192022928
0.893971884679533
0.9709737827715356
0.9106907171139463
0.8759791122715405
0.9406514948683623
1.0
0.94061551798873
0.8994594594594595
0.972809667673716
0.9573835480673935
0.8725934314835787
0.8565869927737632
0.8943089430894309
0.903370786516854
0.8581770930016707
0.824773413897281
0.9412815360571556
0.9384615384615385
1.0
1.0
0.9396199182102478
0.9255889899696758
0.96875
0.8985736925515055
0.9237835153922542
0.8664219147133578
0.8484848484848485
0.9697601668404588
1.0
0.9022046353872244
0.946203504457424
0.7969924812030075
0.8298755186721992
0.9089709762532981
0.543238537434707
0.6203750633552965
0.4842105263157895
0.5526315789473685
0.5130344108446299
0.649848637739657
0.6514851485148515
0.6866028708133971
0.7145953757225434
0.8181818181818182
0.9722379603399434
0.9280190362879238
0.9318181818181818
0.9262782401902497
0.8780487804878049
0.8785982478097623
0.8788063337393422
0.9059490084985836
0.8143939393939394
0.8888888888888888
0.9720021130480718
0.9327817993795243
0.9564600094652154
0.875
0.9155869650569297
0.9779074614422676
0.8907469342251951
0.9078751857355126
0.9225941422594143
0.9298245614035088
0.946203504457424
1.0
0.9815168897386871
0.9164265129682997
0.9827586206896551
0.9667823500247893
0.9278635630329569
0.8548199767711963
0.9350418223883253
1.0
0.9526574363555158
0.9224735259511048
0.956737160120846
0.8588025022341377
0.909427966101695
0.9141280882705685
0.9421665947345705
0.847054627593176
0.971981528563275
0.9325107025938051
0.8983299615216788
0.9137792103142627
0.7960682533546856
0.679694580387892
0.6208012659138316
0.5476870359794404
0.5407824085911531
0.5413045718407584
0.5348455923638405
0.605084592418348
0.6296789465897322
0.6230391818118997
0.6889109370168024
0.7822342311914211
0.8405913032348894
0.8539832765141878
0.8732090758738594
0.8817617617617618
0.8936685209563039
0.9017491970330661
0.8943434032059187
0.8943768178390606
0.965260394407473
0.9795502973634831
0.9205652858243194
0.989330851025742
0.9372688625444994
0.9689925331960128
0.9178061720092655
0.9266729947793071
0.9186692759295499
0.9565005680895958
0.9889764439600972
0.9817194723671374
0.9303709914064138
0.9003764115432873
0.9666308747005864
0.9482061647296615
0.9539908490086426
0.9480618513026902
0.9625895013345761
0.9807627118644068
0.967780776416857
0.9540526587506454
0.9460379192999514
0.9839533187454412
0.9249064348665942
0.9424751873607454
0.9486756268175744
0.9351098050117151
0.9263435700575816
0.9113296553929799
0.9367252693834562
0.9295233615553465
0.9482255712202237
0.8890787016805053
0.9620864525476938
0.9201101928374655
0.914884800265208
0.9398783035146672
0.9702960049679156
0.9632750305072927
0.9501896008740922
0.956140350877193
0.9444809461235217
0.9992279317148495
0.9889740235470006
0.9333846746245668
0.9769375762279632
0.9751077070368598
0.8844423395690267
1.0
0.934299017071909
0.8793509552473174
0.9196898366103572
0.8607122343480759
0.8790740176667682
0.8886544392144132
0.8886544392144132
0.8962811327192085
