1.0
0.6682060390763765
0.6941678520625889
0.676737160120846
0.6298118668596238
0.8098495212038304
0.8011811023622047
0.7788683602771362
0.7313394018205461
0.6750675067506751
0.79
0.6432633849774465
0.7394676168518131
0.7619327073552425
0.6205235265778063
0.7062688687622092
0.7585139318885449
0.7568216921228763
0.6719749962792082
0.7479061976549414
0.7538923791313848
0.7077439462958524
0.6047736802494356
0.6162679425837321
0.6757064486078046
0.6381345926800472
0.6350280301565823
0.6454661093948755
0.5738268774056179
0.45249424405218724
0.46085232903865214
0.5439977509136913
0.4656972076010349
0.4330660086366441
0.4372093023255814
0.4170258620689655
0.4613947696139477
0.34208059981255856
0.15012421625458416
0.14360076949190903
0.16312228129531176
0.10588235294117647
0.12143993060575393
0.1333014811275681
0.11810356991674897
0.11365417777081047
0.1342841266901278
0.153028692879915
0.17321661389457998
0.20134776393710435
0.22171945701357465
0.2514367816091954
0.28160484481453446
0.31114435302916976
0.4170551137921579
0.5335912768202603
0.5627435697583788
0.6615776081424937
0.6987263943785683
0.7110530896431679
0.6707419898819561
0.734375
0.8270756213643575
0.8571428571428571
0.9254302103250478
0.8094435075885329
0.7938764352104976
0.6977491961414791
0.7312423124231242
0.7875457875457875
0.8773181169757489
0.9407846039970392
0.8123249299719888
0.7164518574677786
