1.0
0.8398328690807799
0.8297213622291022
0.8111473465757486
0.8145363408521303
0.9174991943280696
0.9633911368015414
0.8301051466519093
0.8550573514077163
0.7484220018034266
0.8725212464589235
0.7728852838933952
0.9043372517227402
0.8648648648648649
0.7551907291163689
0.8921568627450981
0.878419452887538
0.8504672897196262
0.7645280945184778
0.8328633683670854
0.814805765941852
0.8285192373558625
0.7615242778119238
0.8123257974605141
0.9065886640452671
0.898970083374203
0.9466717820832534
0.8937594857602
0.9369612979550448
0.8772677078403534
0.8112536713556964
0.8138992925509779
0.8108552631578947
0.8421237077273523
0.8444583725060065
0.8285353824979929
0.8086522462562395
0.7688442211055276
0.9097701800067927
0.8805174174514921
0.8849939975990396
0.8972463029066803
0.8910564637999725
0.8850384209733313
0.8088450779272679
0.7600108962135658
0.8548085106382979
0.9060262008733625
0.9074898034853541
0.907769703745109
0.8955285390480116
0.8050430504305043
0.9682737946540095
0.8539812364686071
0.8592728223907926
0.7747532156745438
0.714867617107943
0.7641073080481036
0.8011085751548744
0.7321030862233535
0.6949308755760368
0.8274842999630587
0.8730512249443207
0.7306823316764574
0.8284518828451883
0.9136950904392764
0.8741258741258742
0.8184523809523809
0.7383627608346709
0.7698744769874477
0.8515488018702513
0.7987012987012987
0.7480871100647439
0.7626297577854672
