1,340,356,67,91
2,341,356,67,91
3,339,356,67,91
4,340,356,67,91
5,337,356,67,91
6,339,356,67,91
7,336,355,67,91
8,337,355,67,91
9,334,355,67,91
10,336,356,67,91
11,335,357,67,91
12,335,357,67,91
13,335,357,67,91
14,335,357,67,91
15,337,356,67,91
16,338,355,67,91
17,342,354,67,91
18,345,353,67,91
19,350,352,67,91
20,354,352,67,91
21,360,353,67,91
22,365,353,67,91
23,373,353,67,91
24,380,354,67,91
25,388,354,67,91
26,397,354,67,91
27,406,356,67,91
28,414,356,67,91
29,424,357,67,91
30,433,358,65,89
31,442,358,65,89
32,451,357,65,89
33,462,357,64,87
34,471,357,64,87
35,478,357,64,87
36,486,357,64,87
37,493,357,64,87
38,499,356,64,87
39,504,356,64,87
40,509,356,64,87
41,515,355,64,87
42,520,355,64,87
43,525,355,64,87
44,532,355,64,87
45,537,356,64,87
46,544,356,64,87
47,549,356,64,87
48,556,357,64,87
49,563,357,64,87
50,569,357,64,87
51,577,357,64,87
52,585,357,64,87
53,593,357,64,87
54,602,357,64,87
55,611,356,64,87
56,620,352,64,87
57,629,350,64,87
58,637,346,64,87
59,645,344,64,87
60,652,341,64,87
61,660,339,64,87
62,667,338,64,87
63,676,337,64,87
64,685,337,64,87
65,693,336,64,87
66,703,336,64,87
67,710,335,65,89
68,721,335,65,89
69,731,336,65,89
70,740,336,67,91
71,752,337,67,91
72,760,339,68,93
73,772,340,68,93
74,782,340,68,93
75,793,340,68,93
76,805,340,68,93
77,814,339,68,93
78,824,337,68,93
79,833,335,68,93
80,841,334,68,93
81,849,332,68,93
82,857,331,68,93
83,864,330,68,93
84,872,328,68,93
85,880,328,68,93
86,887,327,68,93
87,897,329,67,91
88,905,332,67,91
89,914,332,67,91
90,922,333,67,91
91,931,334,67,91
92,939,337,67,91
93,948,337,67,91
94,956,337,67,91
95,966,338,67,91
96,976,337,67,91
97,986,336,67,91
98,997,333,67,91
99,1006,331,67,91
100,1017,329,67,91
101,1026,328,67,91
102,1035,325,68,93
103,1045,323,68,93
104,1054,322,68,93
105,1064,321,68,93
106,1075,320,68,93
107,1086,320,68,93
108,1097,320,68,93
109,1108,321,68,93
110,1121,322,68,93
111,1133,325,68,93
112,1145,327,68,93
113,1158,329,68,93
114,1170,332,68,93
115,1183,334,68,93
116,1195,334,68,93
117,1208,334,68,93
118,1220,333,68,93
119,1231,332,68,93
120,1241,330,68,93
121,1251,330,68,93
122,1260,330,68,93
123,1269,330,68,93
124,1276,330,68,93
125,1285,329,68,93
126,1292,329,68,93
127,1301,330,67,91
128,1309,331,65,89
129,1317,333,64,87
130,1324,333,64,87
131,1332,333,64,87
132,1340,334,64,87
133,1348,336,64,87
134,1357,337,64,87
135,1365,339,64,87
136,1374,340,64,87
137,1381,343,64,87
138,1392,344,62,85
139,1404,344,62,85
140,1416,344,62,85
141,1427,342,62,85
142,1438,341,62,85
143,1447,341,62,85
144,1459,340,62,85
145,1471,340,62,85
146,1482,339,62,85
147,1494,338,62,85
148,1505,338,62,85
149,1515,339,62,85
150,1527,340,62,85
151,1537,343,62,85
152,1549,345,62,85
153,1558,348,62,85
154,1569,352,62,85
155,1580,357,62,85
156,1590,360,62,85
157,1599,365,62,85
158,1610,368,61,83
159,1621,371,60,81
160,1631,373,58,80
161,1642,374,57,78
162,1650,375,56,76
163,1659,376,55,75
164,1668,376,54,73
165,1676,378,52,71
166,1683,378,52,71
167,1690,378,51,70
168,1697,380,50,68
169,1705,382,49,67
170,1712,383,48,65
171,1719,386,47,64
172,1726,388,47,64
173,1733,389,46,63
174,1740,393,46,63
175,1746,394,45,61
176,1752,399,45,61
177,1760,401,45,61
178,1768,404,44,60
179,1775,405,44,60
180,1782,408,44,60
181,1790,408,44,60
182,1797,408,44,60
183,1803,407,44,60
184,1810,407,44,60
185,1816,407,44,60
186,1822,407,43,59
187,1828,407,43,59
188,1834,407,42,57
189,1840,407,42,57
190,1845,409,42,57
191,1851,409,42,57
192,1856,410,42,57
193,1863,413,42,57
194,1868,413,42,57
195,1875,415,42,57
196,1882,418,40,56
197,1888,419,40,56
198,1894,421,39,55
199,1901,424,39,55
200,1908,424,39,55
201,1916,425,38,54
202,1,425,39,54
203,9,425,39,53
204,14,425,38,52
205,21,424,37,50
206,27,423,36,49
207,32,424,35,48
208,37,424,35,48
209,42,424,35,47
210,46,424,35,47
211,51,424,35,47
212,57,426,34,46
213,61,426,33,45
214,66,427,33,45
215,71,428,33,45
216,76,429,33,45
217,80,430,33,45
218,84,432,33,45
219,89,433,33,45
220,94,434,33,45
221,99,435,33,45
222,104,435,34,46
223,110,435,34,46
224,116,433,34,46
225,121,433,34,46
226,125,432,34,46
227,130,432,34,46
228,135,430,34,46
229,139,430,34,46
230,143,429,34,46
231,148,429,34,46
232,152,429,34,46
233,156,429,34,46
234,161,429,34,46
235,165,429,34,46
236,170,429,34,46
237,175,430,34,46
238,180,430,33,45
239,185,431,33,45
240,190,431,33,45
241,195,431,33,45
242,200,432,33,45
243,205,432,33,45
244,210,431,33,45
245,215,429,33,45
246,220,428,33,45
247,223,426,33,45
248,228,425,33,45
249,229,424,33,45
250,232,423,33,45
251,235,422,33,45
252,237,422,33,45
253,238,422,33,45
254,238,422,33,45
255,239,422,33,45
256,238,422,33,45
257,236,422,33,45
258,234,422,33,45
259,232,422,33,45
260,229,422,33,45
261,225,422,34,46
262,220,421,35,47
263,216,423,35,47
264,210,424,35,47
265,204,424,35,47
266,197,425,35,47
267,189,426,35,47
268,180,426,34,46
269,175,426,34,46
270,168,425,34,46
271,160,425,33,45
272,155,424,34,46
273,149,424,34,46
274,143,423,34,46
275,137,422,34,46
276,131,421,34,46
277,125,421,34,46
278,120,421,34,46
279,114,421,34,46
280,108,422,34,46
281,102,422,34,46
282,95,422,34,46
283,90,424,34,46
284,84,425,35,47
285,75,426,34,46
286,70,427,35,47
287,62,428,35,47
288,54,428,35,48
289,46,426,35,48
290,39,425,35,48
291,31,422,35,48
292,25,421,35,48
293,19,418,35,48
294,14,416,36,49
295,7,413,36,49
296,1,413,37,51
297,1916,412,36,51
298,1910,411,36,51
299,1903,411,36,51
300,1896,411,36,51
301,1889,412,36,51
302,1881,412,37,51
303,1872,413,37,51
304,1865,415,37,51
305,1857,416,37,51
306,1849,418,37,51
307,1841,418,37,51
308,1833,418,37,51
309,1824,418,37,51
310,1816,417,37,51
311,1809,417,37,51
312,1802,414,37,51
313,1796,413,37,51
314,1790,412,37,51
315,1785,412,37,51
316,1780,410,36,49
317,1774,410,36,49
318,1770,410,36,49
319,1764,410,36,49
320,1759,410,36,49
321,1755,410,36,49
322,1751,410,36,49
323,1747,411,36,48
324,1742,412,36,48
325,1737,412,36,48
326,1731,413,36,48
327,1726,413,36,48
328,1721,413,36,48
329,1717,412,36,48
330,1711,410,36,48
331,1706,407,36,48
332,1700,406,36,48
333,1695,404,36,49
334,1689,402,37,51
335,1685,399,37,51
336,1681,397,38,52
337,1678,394,39,53
338,1675,393,39,53
339,1672,392,39,53
340,1669,389,40,54
341,1666,388,40,54
342,1663,387,40,54
343,1660,387,40,54
344,1655,386,40,54
345,1651,386,40,54
346,1645,386,41,55
347,1640,384,41,57
348,1634,383,42,58
349,1628,381,43,59
350,1620,377,44,60
351,1612,371,45,62
352,1606,367,46,63
353,1598,362,47,65
354,1592,358,48,66
355,1587,353,50,67
356,1582,348,51,69
357,1577,344,52,70
358,1573,340,53,72
359,1569,336,54,74
360,1566,333,55,75
361,1563,330,57,77
362,1561,325,58,79
363,1559,323,59,80
364,1559,321,60,82
365,1558,319,62,84
366,1558,317,63,86
367,1559,316,63,86
368,1560,313,65,88
369,1561,311,66,90
370,1562,311,66,90
371,1561,308,67,92
372,1563,308,67,92
373,1563,308,67,92
374,1564,308,67,92
375,1564,308,67,92
376,1565,309,67,92
377,1566,310,67,92
378,1566,310,67,92
379,1566,310,67,92
380,1567,311,67,92
381,1566,311,67,92
382,1567,312,67,92
383,1567,312,67,92
384,1567,312,67,92
385,1566,313,67,92
386,1566,313,67,92
387,1566,313,67,92
388,1566,313,67,92
389,1566,313,67,92
390,1566,314,67,92
