1.0
0.9782608695652174
0.9213051823416507
0.9493670886075949
0.9309843219654114
0.9888463459297486
0.884384858044164
0.9741168810027674
0.892773528952708
0.967391304347826
0.937141033822591
0.937141033822591
0.937141033822591
0.937141033822591
0.9853353105948262
0.9218106995884774
0.9540905480540112
0.8718026335704556
0.9408330703692016
0.9275225011842728
0.9469611478316944
0.9635974304068522
0.9782608695652174
0.9776964047936085
0.964308476736775
0.9157894736842105
0.9382309339482787
0.9285947179654386
0.9436060365369341
0.9171909539194014
0.9015294724179412
0.895279986465911
0.9290046378879772
0.9354140357207289
0.966077985661829
0.9545454545454546
0.9265770423991727
0.9301533219761499
0.9474232170744404
0.9442830285421295
0.9333333333333333
1.0
1.0
0.9655172413793104
0.9883254286756659
0.9649890590809628
1.0
0.9812597605413846
0.8616412213740458
0.9032258064516129
0.8965344048216977
0.909764531533015
0.8377558756633814
0.8678637200736649
0.8375786634701828
0.8345774858166617
0.8372365339578455
0.8404349103732002
0.811577752553916
0.8352803738317757
0.8343057176196033
0.8374055975122168
0.8260676813950052
0.8013320107694488
0.7746674057649667
0.8061724834150562
0.822871883061049
0.8118195956454122
0.8430480105711349
0.8644479360091416
0.8948676707120924
0.9375
0.9318788958147818
0.89
0.864957264957265
0.9080289812213514
0.8888060813832166
0.9126677981792933
0.9435143170082929
0.8776846915460776
0.8862720793306477
0.9539978094194962
0.9961501443695862
0.9437080929362233
0.9225473321858864
0.9263157894736842
0.946236559139785
0.9571473256177666
0.8942818140451995
0.90625
0.9263157894736842
0.9434253121627871
0.9365521510368306
0.9271322526889865
0.8940684297026744
0.9471911832236338
0.8976897689768977
0.8791455874086566
0.8943531093638313
0.8585151639906683
0.9134180172287926
0.9215686274509803
0.9122362869198313
0.8902594640578477
0.878304657994125
0.9027303754266212
0.8812994585589338
0.9089347079037801
0.9121535181236674
0.893299189073837
0.9346289752650176
0.8970716149608582
0.9053797929727365
0.9159590043923865
0.9325694138386955
0.9049513704686118
0.9787234042553191
0.9972027972027973
0.9750797751101656
0.929625601988504
0.9423046188269139
0.9051071878940732
0.9811932555123216
0.9386385426653883
0.9335709656513286
0.9069990412272292
0.9216886883660973
0.9156976744186046
0.948065528058557
0.9253229516899664
0.9208556149732621
0.9046716083433891
0.9474232170744404
0.9125766871165644
1.0
0.9512195121951219
0.9311910583304226
0.9139784946236559
0.9318181818181818
1.0
0.9214285714285714
0.9436123348017621
0.8015752802181157
0.7413892078071183
0.8341801385681293
0.8937644341801386
0.8280501005102829
0.8373729476153244
0.8678838174273859
0.8552036199095022
0.9288811795316565
0.9217345319936542
0.8840236686390532
0.9040758959943781
0.9540229885057471
0.9050445103857567
0.9128014842300557
0.8664259927797834
0.8637532133676092
0.9148056244830438
0.9555845852384063
0.943374060150376
0.9814995131450828
0.9464110127826942
0.9722222222222222
0.9166666666666666
0.9459920409323479
0.9458128078817734
0.9311262193319539
0.902028081123245
0.8921933085501859
0.8933169834457388
0.910625
1.0
0.9021049114600735
0.958655462184874
0.913604766633565
0.8600583090379009
0.9015025041736227
1.0
0.989010989010989
0.8961497703991522
0.8827877507919747
0.9006861682918021
0.9560439560439561
0.914327378782355
0.9282667700659171
0.9258373205741627
0.8856
0.9478772593526692
0.9228925289652418
0.8497409326424871
0.945054945054945
0.8633422154548915
0.7837226827430294
0.8513274336283185
0.832701222081753
0.8053691275167785
0.8725799189554255
0.836436170212766
0.0
0.8050139275766016
0.8248407643312102
0.804031879981247
0.7659033078880407
0.8537117903930131
0.8162839248434238
0.8693718732629239
0.8274743104380746
0.8924278846153846
0.8471121177802945
0.9292929292929293
0.8432919954904171
0.9069331667707683
0.8128048780487804
0.8395945140131187
0.9307173513182097
0.9450151057401812
0.9648365206662554
0.9608355091383812
0.8901536710301651
0.8703703703703703
0.9075482738443534
0.8817086527929902
0.8509513742071881
0.8282980866062437
0.9373219373219374
0.8817086527929902
0.8972487366647951
0.8970503181029497
0.9119533527696793
0.9478787878787879
0.92
0.9448356807511737
0.8970503181029497
0.8846153846153846
0.8347386172006745
0.8143578238923164
0.8619718309859155
0.8901536710301651
0.8789808917197452
0.8333333333333334
0.8955752212389381
0.9450151057401812
0.8913565426170468
1.0
0.8979591836734694
0.9855072463768116
0.7728531855955678
0.8779342723004695
0.9292866082603254
0.9851899549259497
0.9357798165137615
0.9357798165137615
0.9357798165137615
0.9357798165137615
0.8347826086956521
0.8301886792452831
0.7715582450832073
0.814262905800958
0.818089430894309
0.8054474708171206
0.9652025099828865
0.871578947368421
0.7589367552703942
0.8217581350169986
0.9109119662625198
0.7768679631525077
0.818089430894309
0.7650273224043715
0.7054578258908435
0.7962588473205258
0.8581116327595201
0.851008794619762
0.7762096774193549
0.8455882352941176
0.8865638766519823
0.8020477815699659
0.7969961240310077
0.7863288718929254
0.8073394495412844
0.7563527653213752
0.8247950819672131
0.7917641553579785
0.7073813708260105
0.743225806451613
0.8011126564673157
0.7639257294429708
0.7230769230769231
0.7832167832167832
0.7568402471315092
0.711864406779661
0.8029739776951673
0.8071553228621291
0.7589743589743589
0.7979840403191936
0.763831544178365
0.7289204097714737
0.763831544178365
0.7911184210526315
0.7366003062787136
0.862882096069869
0.7990295188030732
0.8953330312641595
0.7667830811020566
0.7667830811020566
0.7544982007197121
0.8393243828497184
0.8250319284802043
0.77079107505071
0.8793103448275862
0.8010540184453228
0.9366843885935234
0.822867042009528
0.8959778085991679
0.7315944467816575
0.739357080799305
0.7492460146488582
0.8374133949191686
0.8086253369272237
0.7463976945244957
0.7923951048951049
0.7906672481465329
0.7906672481465329
0.8712157616530514
0.7906672481465329
0.7633684210526316
0.7698513800424629
0.7997353330392589
0.7711612079965972
0.7482459760627321
0.7349006890960681
0.6801470588235294
0.7151646760767282
0.6319155740326191
0.6557741116751269
0.7010710808179162
0.7292370020256583
0.7576289021396001
0.7536764705882353
0.7147385103011094
0.711580940359735
0.6822995461422088
0.6489208633093525
0.6147764449291166
0.6486486486486487
0.6363636363636364
0.5901372412188881
0.6031528444139822
0.6355637879138689
0.6422872340425532
0.6226454150279446
0.6246056782334385
0.604715417203905
0.6094903339191564
0.6208425720620843
0.6399659863945578
0.6652041849476882
0.6258534365043241
0.6107045487157411
0.6250345399281569
0.6346645152615302
0.6536650975117687
0.7121958081305387
0.73828125
0.7324388318863457
0.7040971168437026
0.7145345943255351
0.7235421166306696
0.7235421166306696
0.7089971883786317
0.7246168582375478
0.7246168582375478
0.7246168582375478
0.7246168582375478
0.7459016393442623
0.7603305785123967
0.7603305785123967
0.7603305785123967
0.775
0.7553730982854383
0.7699050401753105
0.7362848893166506
0.7362848893166506
0.7506065016982048
0.7506065016982048
0.7506065016982048
0.7506065016982048
0.7506065016982048
0.7600596125186289
