1.0
0.9105491812409491
0.9619977037887486
0.8222532488454516
0.9269406392694064
0.8112209703380088
0.8228571428571428
0.8208606173994387
0.9060174088558093
0.8449593884376493
0.8803611738148984
0.9071090047393365
0.8397912734539802
0.8886376483889203
0.918774373259053
0.9400785854616895
0.8479502474933367
0.7965877688333534
0.7492704564024746
0.746311280342694
0.9171146393299162
0.8311933089881023
0.8682726806765761
0.9090909090909091
0.8490566037735849
0.9157870044569552
0.8167216721672167
0.8126725219573401
0.6946627565982405
0.7815856160250996
0.876308741173606
0.7964968886840286
0.8841865483754946
0.8805866728259615
0.9001053987586368
0.8286814244465832
0.9155023286759814
0.8110973271681515
0.8468652543284224
0.9214557180697915
0.888129803586678
0.8684004035422038
0.8039173940813286
0.8129171151776103
0.8085793871866295
0.8569095066971578
0.6327304234809921
0.6124840221559438
0.7671232876712328
0.8178800619606108
0.7649807872053173
0.7722548111557065
0.7921780736426045
0.7824001668230632
0.7430846177401246
0.7756717350551968
0.8379292670425423
0.8403617625407509
0.8334475668265936
0.878673853350961
0.884642748246773
0.8613812751743786
0.7787027719330345
0.8079734219269104
0.8063462435837611
0.8393232555811393
0.7761806981519507
0.7413441955193483
0.7201057682891
0.7185544868801942
0.7299298903920213
0.7773429857170808
0.68
0.68828938062039
0.6734409244869496
0.7613856342333164
0.7062286953827084
0.6561514195583596
0.8050695166934645
0.8138163437236732
0.7768416927899686
0.8569768670117249
0.8380644509546419
0.6579453636013851
0.7173719155683282
0.7513584222177501
0.7519181585677749
0.797763194380257
0.8118429935384318
0.7714959886739028
0.7451820128479657
0.7612218290184392
0.8042250956109999
0.883203125
0.8727678571428571
0.8855091969493046
0.9049317756175868
0.9096369341102645
0.9034820356516117
0.8971920696151431
0.8315259824759261
0.8288209606986899
0.7454301526077478
0.6904231625835189
0.7115198451113263
0.8018593840790238
0.8455514828390537
0.9050943884147918
0.7795262946607788
0.8235532830127424
0.8190966534051018
0.8558699390339222
0.8646557169930512
0.9097195543603535
0.9271826153259627
0.9737925870460502
0.8661360866136086
0.9293964770430263
0.7851508792242564
0.7083416550163105
0.7557428872497366
0.7519230769230769
0.7083124687030545
0.6977917981072556
0.7124452460706003
0.7005189028910304
0.6488956587966489
0.6220842520598816
0.5963564922307555
0.5765733642360492
0.6636363636363637
0.6901432087715372
0.7519530167876337
0.7482545268774479
0.7659292767694599
0.8247537337146489
0.8354856822010107
0.7989219943105256
0.7869243380197725
0.8026349125918419
0.7419551267038269
0.7636311044689775
0.7948548188782748
0.7070163640439363
0.6808271812804905
0.8454254526325019
0.7931718607919319
0.75279160219146
0.7782675593629143
0.7446808510638298
0.6481167288768239
0.6947548043716735
0.6090990721340915
0.6816344858554109
0.6011286011286011
0.6183229706983614
0.608266629864753
0.6189128383772408
0.6361817862782945
0.6848131642098046
0.7227991460722943
0.7197186265377573
0.6825991592030707
0.7095726142304398
0.7047021207943446
0.6655216355476757
0.6861318101423642
0.6462123914853134
0.6920301004280079
0.6842585677537134
0.6411178893581522
0.7449972051425378
0.7950869112244339
0.7710237659963437
0.72497549863587
0.6731792666034847
0.653700933247845
0.6359771761122098
0.7505407997145469
0.7777366949367966
0.7517499043460647
0.6889126712328767
0.6645373474163557
0.7407895576011395
0.713969593902389
0.7153620332163166
0.7067098245185457
0.6692545467615556
0.6825078325764776
0.6876517640337094
0.6560208968219416
0.6709780087694053
0.6635216272515623
0.7025221956427505
0.7062070301152319
0.7547579951520839
0.7588942850688954
0.8190336883484939
0.7805886537435532
0.7553672073312395
0.6978236237620848
0.6503496503496503
0.7340794407013785
0.7073382544507164
0.7132549931251506
0.6610182954274669
0.5742798038614771
0.6707838930311399
0.7264179193867162
0.6763206905396514
0.5973130758950552
0.49977708849112623
0.5202702702702703
0.500344393729279
0.5304197131813889
0.5527187109116327
0.5904917620425104
0.5843186250609459
0.6817741623087352
0.689930527828795
0.7050692813127702
0.8017018551135714
0.7046718056528848
0.7623009212861783
0.7141015055028335
0.6589172612210056
0.5921743697478992
0.5845831682607957
0.677367830805306
0.6943865546218487
0.7087177020941722
0.6604679633988032
0.6936554370733855
0.610457975083348
0.4809716021284526
0.5398748953005542
0.5117106381487291
0.5071587410195005
0.6019318567709316
0.5923436803802169
0.5775304819043933
0.5404745257073603
0.5662101292708829
0.6208108055354947
0.698321085294353
0.8954590580843453
0.8626609442060086
0.860914811576337
0.800371833604462
0.8506698301553774
0.7644657618124299
0.860249278638784
0.7586845761926818
0.7376933796928448
0.8029340987503987
0.8683371509936235
0.8078477478139466
0.8881019830028328
0.8691886301569091
0.8643283534948359
0.814
0.816846033385533
0.8917572781480182
0.7463460143049653
0.8121974655088018
0.9423764537619029
0.9265487941286132
0.8878072523728401
0.8889375182360052
0.8992464928222825
0.9188400823610158
0.8235770164553547
0.8966343893955062
0.8959276018099548
0.8613969441845962
0.8451869004300364
0.8297107408886905
0.8936916778967174
0.8796988333930886
0.9104288391577555
0.8691472611253833
0.6916450055699963
0.7479630487505791
0.8261194923371648
0.8612003482751374
0.7450199203187251
0.8231347901130035
0.8281582305401957
0.8419209958623617
0.8064830272676683
0.8475331201461854
0.8480104370515329
0.8440634969443056
0.889639550133132
0.8625852918877938
0.7699746162214433
0.7833622183708839
0.7412505623031939
0.8188347964884277
0.846839546191248
0.8022690437601296
0.7966025927581583
0.6821256533770627
0.821584699453552
0.8211226330027052
0.8910054867147524
0.8816376165383056
0.7310293012772352
0.6614912035744206
0.7251026553517657
0.7868385104234721
0.7647659676740972
0.876043717330799
0.84087840238789
0.7841781342922343
0.6226516012569365
0.6625766871165644
0.8720779220779221
0.7730043109855805
0.8079246194733027
0.7159562429271973
0.8519219688863281
0.8633690097386945
0.907336297493937
0.9199462865406466
0.9226721082590484
0.8018036695345704
0.7439717702411291
0.8265404882245403
0.8858633991377354
0.8075183110728135
0.7976163190465276
0.9921259842519685
0.8836046660684528
0.8419721871049305
0.801909307875895
0.8047787130057019
0.7834976268711209
0.685469873543268
0.7015979189892233
0.6925921203621064
0.7957534463634923
0.7239825376707506
0.7216895928859247
0.6937368050668543
0.8008711885500933
0.71334214002642
0.786921381337252
0.6881783514227046
0.7075854082223509
0.6680602006688964
0.6892184121099784
0.7721758908263836
0.7242854697929146
0.7526990553306343
0.712857635298173
0.9363295880149812
0.6084742979142717
0.7304485907105994
0.7407632967925294
0.8827100058742902
0.7818930041152263
0.6938461538461539
0.7758620689655172
0.8007131537242472
0.694980694980695
0.7352545629202689
0.7475595913734393
0.8319327731092437
0.8249400479616307
0.6111111111111112
0.695085255767302
0.7432593653066094
0.690522243713733
0.6642547033285094
0.7659243915069912
0.7001388246182323
0.7371717658395567
0.8291272344900105
0.8889782783588094
0.8279569892473119
0.7760532150776053
0.934449489216799
0.6609251968503937
0.7240161453077699
0.7089639115250291
0.713307240704501
0.892758430071863
0.7562595809913132
0.7481120584652863
0.7964390114270529
0.7851875601154216
0.7080984870958172
0.7275518035303147
0.7409261576971214
0.7713675213675214
0.6551219512195122
0.7242713438225432
0.5861723446893787
0.6423206423206423
0.6058631921824105
0.5860805860805861
0.6070701932858596
0.7667258732978094
0.7490123781933105
0.6380770281343895
0.8478513356562137
0.7849502028771671
0.6659120310478654
0.7586327171259156
0.8133802816901409
0.7272117962466488
0.7053140096618358
0.7077836411609498
0.6460674157303371
0.7957057151878749
0.7712865133623369
0.6369840753981151
0.6908841672378341
0.8269662921348314
0.8719118206005321
0.7863522686673812
0.8346605991657187
0.8554216867469879
0.7945205479452054
0.8366533864541833
0.756578947368421
0.6367892976588628
0.6373626373626373
0.6593080724876441
0.7073170731707317
0.6355837374114136
0.6182237600922722
0.5565495207667731
0.5719960278053625
0.6681034482758621
0.642591967600405
0.6494117647058824
0.6283828382838283
0.6283828382838283
0.6783410138248848
0.6129441624365483
0.6442992874109263
0.6236702127659575
0.578766050735985
0.5064935064935064
0.4947444726350127
0.6080455678177288
0.7317073170731707
0.7317073170731707
0.6341637010676157
0.6868686868686869
0.6101903007980356
0.7608695652173914
0.6910994764397905
0.6891750783153499
0.6485013623978202
0.6712962962962963
0.6656389174374786
0.6440107671601615
0.6242269916333212
0.6329588014981273
0.7314365024288688
0.6336477987421384
0.6310432569974554
0.6629327902240326
0.5833084056236914
0.6481802426343154
0.631622746185853
0.6818312697955657
0.5777634961439588
0.6072669826224328
0.6853932584269663
0.6944
0.6988543371522095
0.6382437161947184
0.7622950819672131
0.7811373092926491
0.6720867208672087
0.6759002770083102
0.6621359223300971
0.7331722471522264
0.7055702917771883
0.6407882950134368
0.6812698412698412
0.7446031218864164
0.5810017271157167
0.615434711820254
0.6268277177368087
0.5833905284831846
0.5922388059701492
0.5894736842105263
0.782608695652174
0.6584004959702418
0.6829581993569132
0.7203791469194313
