1,3672,823,60,141
2,3667,815,62,133
3,3663,815,62,132
4,3649,788,71,133
5,3653,787,64,133
6,3647,791,64,131
7,3643,780,63,132
8,3637,770,64,134
9,3637,775,61,133
10,3635,775,65,130
11,3636,778,62,129
12,3630,753,60,131
13,3628,791,61,131
14,3625,810,60,130
15,3623,809,63,132
16,3616,790,61,131
17,3608,772,60,131
18,3606,773,63,131
19,3603,781,61,130
20,3604,781,60,127
21,3607,809,60,130
22,3608,829,61,125
23,3608,813,61,120
24,3604,772,60,124
25,3602,772,60,124
26,3592,771,62,127
27,3588,794,62,127
28,3594,803,61,127
29,3599,802,61,127
30,3595,802,63,128
31,3595,786,64,123
32,3590,764,66,127
33,3585,770,65,124
34,3581,761,66,124
35,3582,759,65,125
36,3582,769,68,122
37,3576,743,69,128
38,3574,740,68,123
39,3570,741,70,124
40,3571,741,65,126
41,3569,751,67,127
42,3569,769,66,128
43,3570,776,67,128
44,3561,770,72,130
45,3563,775,70,125
46,3557,747,69,128
47,3553,769,70,126
48,3548,754,73,126
49,3544,735,74,132
50,3545,735,70,131
51,3542,749,72,126
52,3540,770,72,133
53,3538,772,71,135
54,3536,774,70,135
55,3535,778,72,131
56,3531,799,70,132
57,3522,790,73,133
58,3516,803,70,130
59,3510,813,74,133
60,3513,811,70,137
61,3511,801,70,138
62,3510,808,74,136
63,3509,811,80,132
64,3509,813,77,132
65,3506,811,77,136
66,3508,813,73,130
67,3512,820,70,134
68,3514,827,75,129
69,3520,831,73,128
70,3520,826,76,134
71,3528,823,73,133
72,3532,831,73,138
73,3537,844,72,138
74,3538,850,74,130
75,3538,852,73,133
76,3542,856,70,140
77,3544,851,70,129
78,3548,853,70,123
79,3546,847,73,135
80,3547,842,73,139
81,3546,864,71,138
82,3544,869,70,132
83,3543,869,73,135
84,3538,865,76,131
85,3541,858,75,134
86,3534,852,75,135
87,3529,854,73,137
88,3523,869,74,138
89,3521,877,71,137
90,3521,884,73,133
91,3517,896,74,137
92,3508,908,78,134
93,3504,914,76,143
94,3498,927,73,132
95,3495,923,76,138
96,3488,922,77,142
97,3484,928,76,138
98,3479,918,77,142
99,3476,923,77,133
100,3477,920,77,140
101,3471,922,79,136
102,3465,931,79,132
103,3463,946,80,136
104,3457,949,82,138
105,3460,947,80,141
106,3459,935,79,149
107,3458,928,82,149
108,3454,921,79,143
109,3450,928,80,142
110,3449,922,81,144
111,3443,921,83,149
112,3439,930,84,147
113,3434,924,82,149
114,3425,913,84,152
115,3425,909,84,157
116,3417,908,85,152
117,3410,901,86,151
118,3404,895,85,161
119,3402,911,81,164
120,3402,914,86,166
121,3403,910,87,164
122,3402,896,88,165
123,3401,878,92,171
124,3393,853,92,168
125,3393,853,89,170
126,3385,849,94,171
127,3386,862,95,171
128,3386,867,95,169
129,3385,866,95,170
130,3387,871,95,167
131,3384,870,96,179
132,3378,861,99,183
133,3372,868,104,173
134,3368,873,101,170
135,3369,863,101,182
136,3365,844,102,180
137,3360,831,104,191
138,3360,841,101,192
139,3352,827,103,198
140,3354,828,100,200
141,3350,832,107,202
142,3346,825,104,202
143,3335,789,104,206
144,3330,793,107,211
145,3329,795,109,215
146,3324,781,109,212
147,3318,790,114,214
148,3318,812,110,220
149,3305,814,116,209
150,3307,822,116,203
151,3299,820,119,220
152,3288,821,124,195
153,3274,816,126,206
154,3273,821,119,227
155,3275,810,128,239
156,3274,831,120,245
157,3271,854,122,240
158,3266,868,124,220
159,3259,865,129,209
160,3258,843,126,234
161,3257,844,121,231
162,3252,817,121,260
163,3246,814,129,257
164,3238,837,131,261
165,3239,842,135,255
166,3231,864,144,253
167,3225,885,144,232
168,3215,884,139,222
169,3201,859,145,234
170,3198,859,148,232
171,3194,883,147,235
172,3183,885,140,242
173,3179,881,142,257
174,3173,862,145,259
175,3170,875,149,247
176,3162,876,148,269
177,3158,878,157,267
178,3151,876,159,279
179,3152,867,154,292
180,3152,877,155,280
181,3152,893,159,272
182,3144,918,166,267
183,3138,923,170,261
184,3136,902,163,291
185,3136,893,164,300
186,3137,898,161,305
187,3126,908,169,293
188,3110,898,182,308
189,3104,900,180,318
190,3102,911,186,302
191,3096,945,188,294
192,3087,942,195,297
193,3078,950,191,284
194,3069,915,193,325
195,3059,918,195,320
196,3052,915,200,322
197,3038,883,202,353
198,3030,907,195,339
199,3011,938,213,319
200,3011,935,216,325
201,2996,984,217,287
202,2978,1007,231,267
203,2975,978,223,297
204,2955,965,229,316
205,2956,975,221,305
206,2947,976,229,320
207,2929,1005,241,295
208,2907,969,249,334
209,2902,932,227,370
210,2900,913,226,399
211,2884,905,235,423
212,2873,907,248,427
213,2870,915,240,420
214,2864,888,248,441
215,2862,895,234,441
216,2845,903,244,440
217,2826,906,235,442
218,2819,954,235,399
219,2797,997,235,358
220,2795,1014,249,340
221,2777,1025,252,338
222,2751,1022,258,341
223,2735,1042,258,323
224,2724,1044,251,332
225,2717,1030,257,346
226,2702,1027,267,355
227,2679,1002,279,384
228,2671,983,269,396
229,2673,1071,257,337
230,2674,1031,240,374
231,2657,1041,254,361
232,2649,1045,254,361
233,2633,1039,262,366
234,2618,1034,272,379
235,2596,993,300,422
236,2607,1026,281,398
237,2597,1034,285,394
238,2585,1031,283,399
239,2561,1040,269,396
240,2568,1029,264,410
241,2558,1030,250,413
242,2539,1024,249,427
243,2527,1036,254,415
244,2499,1093,283,356
245,2508,1122,257,324
246,2486,1151,251,295
247,2466,1173,257,283
248,2448,1174,244,272
249,2428,1199,242,282
250,2430,1205,247,261
251,2409,1217,247,252
252,2396,1206,253,262
253,2376,1214,250,271
254,2358,1234,241,254
255,2354,1225,239,260
256,2340,1236,241,255
257,2322,1242,237,269
258,2307,1240,241,260
259,2296,1267,237,235
260,2295,1264,243,239
261,2279,1278,228,230
262,2269,1282,226,233
263,2248,1279,229,232
264,2239,1287,222,215
265,2239,1279,209,223
266,2221,1277,214,233
267,2199,1285,210,226
268,2187,1289,202,238
269,2175,1296,201,227
270,2172,1280,200,240
271,2158,1270,188,248
272,2154,1307,174,220
273,2138,1301,174,217
274,2121,1297,180,227
275,2121,1293,179,227
276,2110,1301,183,230
277,2101,1284,172,236
278,2085,1315,178,209
279,2078,1336,170,190
280,2079,1328,169,198
281,2069,1322,162,206
282,2060,1332,164,200
283,2053,1345,153,187
284,2039,1338,154,192
285,2040,1333,152,201
286,2033,1332,153,186
287,2026,1342,143,177
288,2017,1350,131,178
289,2005,1343,132,180
290,2009,1335,123,192
291,1999,1339,124,184
292,1987,1350,129,174
293,1981,1339,123,184
294,1971,1340,122,182
295,1970,1330,122,195
296,1964,1344,115,181
297,1949,1345,119,179
298,1938,1355,106,153
299,1926,1353,113,164
300,1928,1348,113,164
301,1915,1360,109,160
302,1901,1354,113,161
303,1896,1356,101,152
304,1886,1354,103,154
305,1884,1353,106,156
306,1881,1359,98,152
307,1876,1365,97,144
308,1870,1378,96,140
309,1861,1364,98,149
310,1859,1350,101,162
311,1853,1361,97,154
312,1844,1364,100,157
313,1841,1369,95,147
314,1834,1384,88,139
315,1834,1384,90,134
316,1825,1380,87,138
317,1820,1387,84,125
318,1813,1379,80,135
319,1807,1387,85,133
320,1810,1385,75,132
321,1804,1390,85,131
322,1798,1392,79,137
323,1794,1392,75,126
324,1790,1384,72,125
325,1790,1387,72,121
326,1780,1377,71,122
327,1775,1379,69,118
328,1773,1393,68,118
329,1769,1402,68,121
330,1768,1401,65,121
331,1762,1404,68,118
332,1759,1395,64,124
333,1752,1391,64,124
334,1752,1393,62,112
335,1751,1397,62,110
336,1747,1395,57,110
337,1740,1399,58,103
338,1733,1378,60,111
339,1730,1392,56,100
340,1730,1393,58,99
341,1725,1388,55,96
342,1720,1403,54,97
343,1714,1399,52,96
344,1707,1396,53,97
345,1707,1399,52,92
346,1701,1384,52,98
347,1698,1372,53,100
348,1695,1371,50,104
349,1696,1387,50,91
350,1696,1384,52,93
351,1691,1403,50,93
352,1687,1391,50,96
353,1687,1375,47,96
354,1684,1379,45,91
355,1686,1375,45,98
356,1685,1366,45,96
357,1681,1373,44,99
358,1680,1378,47,94
359,1681,1365,47,94
360,1680,1368,45,95
361,1679,1373,48,93
362,1676,1365,47,94
363,1675,1380,46,84
364,1667,1381,48,89
365,1669,1378,44,93
366,1664,1355,43,91
367,1661,1340,42,88
368,1658,1346,43,88
369,1661,1350,40,88
370,1661,1352,39,87
371,1660,1379,43,85
372,1657,1393,44,86
373,1660,1375,44,88
374,1657,1353,46,86
375,1660,1356,46,84
376,1658,1348,44,86
377,1657,1345,49,88
378,1656,1355,44,84
379,1658,1351,43,82
380,1657,1351,43,84
381,1660,1345,40,81
382,1661,1336,42,84
383,1657,1350,41,89
384,1655,1378,42,81
385,1654,1375,42,83
386,1648,1382,47,86
387,1645,1387,45,80
388,1643,1377,41,84
389,1642,1368,46,79
390,1642,1363,48,82
391,1640,1366,44,80
392,1635,1376,41,78
393,1635,1374,44,77
394,1635,1366,44,78
395,1634,1365,46,79
396,1633,1370,43,77
397,1630,1370,43,78
398,1631,1367,45,77
399,1630,1373,44,77
400,1629,1371,43,79
401,1629,1372,45,77
402,1628,1370,44,80
403,1627,1372,44,76
404,1623,1373,41,73
405,1621,1370,47,78
406,1619,1366,40,75
407,1618,1355,34,73
408,1613,1365,35,75
409,1605,1359,36,73
410,1605,1359,36,74
411,1601,1351,36,77
412,1592,1362,36,69
413,1587,1344,37,72
414,1583,1346,36,73
415,1584,1348,35,72
416,1572,1364,37,71
417,1571,1357,36,72
418,1566,1362,33,69
419,1559,1362,34,71
420,1559,1362,34,71
421,1558,1341,35,73
422,1551,1348,35,70
423,1546,1354,33,70
424,1548,1347,33,70
425,1549,1351,32,67
426,1544,1356,35,69
427,1537,1359,34,68
428,1535,1343,40,67
429,1533,1350,38,67
430,1533,1351,37,68
431,1533,1348,35,70
432,1534,1345,38,70
433,1530,1350,36,69
434,1529,1346,41,70
435,1527,1349,41,67
436,1530,1331,42,69
437,1531,1334,40,67
438,1527,1333,40,68
439,1526,1332,41,67
440,1527,1331,41,67
441,1523,1336,42,68
442,1522,1329,41,68
443,1520,1319,42,69
444,1521,1323,38,66
445,1521,1326,41,65
446,1520,1329,40,64
447,1518,1333,41,64
448,1514,1359,40,65
449,1512,1343,40,66
450,1511,1344,40,66
451,1508,1329,40,68
452,1497,1337,41,67
453,1493,1328,41,70
454,1487,1335,36,69
455,1485,1338,38,65
456,1479,1347,39,67
457,1471,1339,40,67
458,1463,1331,42,69
459,1455,1331,41,66
460,1455,1332,42,65
461,1448,1339,41,65
462,1442,1343,40,64
463,1438,1342,41,62
464,1434,1335,43,65
465,1433,1338,44,62
466,1431,1324,43,63
467,1427,1320,46,64
468,1426,1323,46,67
469,1423,1319,48,68
470,1424,1326,47,63
471,1427,1322,43,63
472,1425,1321,47,61
473,1423,1317,45,60
474,1418,1314,45,61
475,1418,1318,44,60
476,1414,1308,46,61
477,1404,1313,45,61
478,1393,1316,48,63
479,1386,1316,48,61
480,1388,1316,47,60
481,1373,1322,48,61
482,1363,1329,40,58
483,1355,1327,45,62
484,1344,1322,47,61
485,1344,1322,46,58
486,1332,1324,44,58
487,1328,1315,41,57
488,1319,1313,44,62
489,1308,1320,49,60
490,1308,1328,42,58
491,1301,1312,48,63
492,1293,1311,42,59
493,1286,1308,45,64
494,1276,1314,50,58
495,1278,1310,48,58
496,1273,1304,46,59
