1.0
0.9505033119490951
0.9337618925173566
0.8946108689627371
0.897754854368932
0.8789753311216981
0.8662357036300348
0.8789753311216981
0.8759043959882241
0.8789753311216981
0.8728556511361941
0.8634448574969021
0.8794729749962569
0.8887887662386423
0.8794729749962569
0.9048558421851289
0.8887887662386423
0.8885316722760838
0.8825686700097298
0.8889306097927305
0.9048558421851289
0.9175745850728032
0.8984004218667604
0.9080840518876274
0.9048558421851289
0.9178061263463448
0.9241122932957313
0.9241122932957313
0.9178061263463448
0.9307949575508104
0.9139842632331903
0.9139842632331903
0.917573713526496
0.9172413793103448
0.9341595662277304
0.926901037633576
0.9542610289304883
0.9577464788732394
0.9370385775189768
0.9504789823587918
0.9645135776430266
0.9370385775189768
0.9504789823587918
0.9540362265731337
0.9505033119490951
0.9612313813774509
0.9438096728752543
0.9645135776430266
0.9338566765117363
0.9267212350411853
0.9199081124332137
0.9336890638760814
0.9235872679866794
0.9404242046163444
0.9473272286139156
0.9135650569055676
0.9510736754536474
0.9341595662277304
0.9541385267787027
0.9538875266946136
0.9507750314201927
0.9336522462562395
0.9302652106084244
0.9370385775189768
0.9472196041470311
0.9266606005459509
0.9503783584253962
0.9437593276254811
0.9542610289304883
0.9302652106084244
0.9038313586705647
0.8940613221961903
0.9142769199199713
0.868555924027736
0.8908840834415832
0.868555924027736
0.8560590936314634
0.868555924027736
0.8691717984164886
0.8627685857602755
0.8722420465396793
0.8627685857602755
0.8560590936314634
0.8560590936314634
0.8722420465396793
0.843728309370352
0.868555924027736
0.8655107425555975
0.8781117182756527
0.8722420465396793
0.8560590936314634
0.8781117182756527
0.8560590936314634
0.884888810180383
0.8500948766603416
0.8378887841658812
0.8511261037801369
0.8076997861170523
0.8533333333333334
0.8195518152461102
0.8474509025986907
0.8474509025986907
0.8195518152461102
0.8381806092545621
0.8352999137824856
0.8195518152461102
0.843728309370352
0.8511261037801369
0.8195518152461102
0.8408093431525702
0.8157495720224994
0.8560590936314634
0.8324175147229136
0.8167535423243522
0.8277738115752936
0.8277738115752936
0.8306056653459011
0.843728309370352
0.8466456841218309
0.8540927914300592
0.843728309370352
0.843728309370352
0.8344165435745938
0.8627685857602755
0.8474509025986907
0.8657718120805369
0.8503929200029748
0.8746421576013259
0.8715997287318212
0.8746421576013259
0.8843313777058467
0.8913484971567831
0.8972374283895608
0.9103214890016921
0.9103214890016921
0.9103214890016921
0.9070769230769231
0.9238754325259516
0.9305555555555556
0.9139721531321316
0.9139721531321316
0.9238754325259516
0.9274276859504132
0.9307940606843125
0.9272159252278537
0.9507750314201927
0.9136408243375859
0.9100392480892378
0.9402985074626866
0.9438013931807469
0.9074306820222126
0.9472884862133075
0.9041584361612067
0.9171918586630851
0.9338812880403683
0.9338187491873619
0.9268774703557312
0.9268774703557312
0.9268774703557312
0.9302652106084244
0.9304049309510806
0.9268774703557312
0.9302652106084244
0.9336522462562395
0.9268774703557312
0.9437593276254811
0.9338187491873619
0.9302652106084244
0.9302652106084244
0.9302652106084244
0.9302652106084244
0.9472884862133075
0.9373211963589076
0.937231857302582
0.937231857302582
0.9542610289304883
0.9302652106084244
0.9542610289304883
0.9407603890362511
0.920534077115777
0.9472884862133075
0.9402985074626866
0.9437593276254811
0.9472196041470311
0.9472884862133075
0.9169571616701526
0.9574434424932764
0.9401785480535121
0.9573963249057499
0.9169571616701526
0.9202726427759992
0.8908840834415832
0.8940613221961903
0.8908840834415832
0.8908840834415832
0.8903656176800081
0.8908840834415832
0.8903656176800081
0.8872138327943161
0.8903656176800081
0.8903656176800081
0.8646468720068559
0.8872138327943161
0.9107019208575898
0.8744214280294408
0.8903656176800081
0.8775066380073334
0.8903656176800081
0.891666245003289
0.8560590936314634
0.8533333333333334
0.8381806092545621
0.8233077186628163
0.7960011590843233
0.8142332839122086
0.8335495874850051
0.7960011590843233
0.8104378249671996
0.8195518152461102
0.8204852015961223
0.8011666059059424
0.8011666059059424
0.7907728189305411
0.8304000793217986
0.7999122529066225
0.8051916188232985
0.8117915501251288
0.8221665930398075
0.8117915501251288
0.8025530666144968
0.8172757475083057
0.8025530666144968
0.8361411158458032
0.8249402841734591
0.8091511579565186
0.8185218688115786
0.8157495720224994
0.8249402841734591
0.8167535423243522
0.813953488372093
0.8049598832968636
0.8315602836879432
0.8258426966292135
0.8096188482694835
0.8204852015961223
0.8049598832968636
0.8157495720224994
0.8378887841658812
0.817660887452248
0.8315602836879432
0.813953488372093
0.828702335205439
0.8204852015961223
0.817660887452248
0.8148347745143669
0.8331771783618521
0.8031737532552876
0.8349666311062595
0.8046427347078701
0.799474478127585
0.8111516516884199
0.799474478127585
0.8074220949303567
0.7957292604032395
0.8008910212474297
0.8074220949303567
0.8046427347078701
0.8004041584495898
0.8059414612783143
0.7788552221120596
0.7815219493328176
0.6805244643428205
0.7803811686272615
0.7879469142069766
0.7753990159606384
0.7984488585252
0.8008910212474297
0.8341681130671956
0.8645585631166203
0.0
0.0
0.0
0.0
0.0
0.0
0.8408093431525702
0.8249402841734591
0.8370640291514836
0.8211314066269509
0.8493499363661318
0.8315602836879432
0.8560590936314634
0.8370640291514836
0.8370640291514836
0.8370640291514836
0.8370640291514836
0.843728309370352
0.8389926568429353
0.8474509025986907
0.8530777295192452
0.828702335205439
0.8567576340166287
0.8445072798075254
0.8474509025986907
0.8474509025986907
0.8597638601133272
0.8408093431525702
0.8530777295192452
0.8474509025986907
0.8627685857602755
0.843728309370352
0.8560590936314634
0.868555924027736
0.8511261037801369
0.8378887841658812
0.8530777295192452
0.8587797768619961
0.8434324520010985
0.8434324520010985
0.8485060108744451
0.8523064640870195
0.8664503245132301
0.8352999137824856
0.8306056653459011
0.8466456841218309
0.8533333333333334
0.8540927914300592
0.8315602836879432
0.8428511260312662
0.8590389701112718
0.8560590936314634
0.8466456841218309
0.8694784127776392
0.8258948298718515
0.8466456841218309
0.8533333333333334
0.84
0.8495614687081908
0.8725049900199601
0.828743925784126
0.8410596026490066
0.8102599112498171
0.8344165435745938
0.8102599112498171
0.8114712246833135
0.7780043664979247
0.7960011590843233
0.7818260368663594
0.7973275024295432
0.7946337432557236
0.7933183564026379
0.7856573897511405
0.8091511579565186
0.7946337432557236
0.7946337432557236
0.7741378483380498
0.790633608815427
0.7715560673672088
0.7715560673672088
0.7741378483380498
0.7741378483380498
0.7856573897511405
0.7691941095172282
0.7741378483380498
0.7895105401685462
0.7741378483380498
0.7856573897511405
0.7780513457952861
0.7921695471661678
0.7627659827960064
0.7856573897511405
0.7627659827960064
0.7895105401685462
0.7616059331098909
0.7844529750479846
0.7780043664979247
0.7690468219427041
0.7908496732026143
0.7792207792207793
0.7702450016780937
0.797288761479034
0.7701431492842535
0.8013636696888976
0.7701431492842535
0.7727272727272727
0.7935098247991482
0.8223483088361173
0.7921695471661678
0.7741378483380498
0.7921695471661678
0.7716211693837548
0.7857142857142857
0.8185218688115786
0.7766149404547095
0.7882736156351792
0.7778899303052151
0.7935098247991482
0.7973856209150327
0.7741007194244605
0.8026315789473685
0.7792207792207793
0.7676682894074198
0.7702450016780937
0.7987479599542056
0.7691208005718371
0.7792954708842559
0.7579258908488221
0.7715560673672088
0.7640942478298197
0.7567567567567568
0.7727916636653941
0.7615412143624001
0.7701823073043019
0.7479306500960557
0.7479306500960557
0.7517084282460137
0.7370132931083246
0.7370132931083246
0.7479306500960557
0.7370132931083246
0.7370132931083246
0.7255618958891348
0.7112118828374439
0.692419187852295
0.6946743929359823
0.6946743929359823
0.7050644332878329
0.7150165513090581
0.6985091109884042
0.7007841423873802
0.7112118828374439
0.6946743929359823
0.7050644332878329
0.7088888888888889
0.702761510150228
0.6952568988475136
0.7057519057519057
0.7017985362362339
0.7124337886813493
0.7112118828374439
0.699177654247255
0.6952568988475136
0.7140531615543825
0.7057519057519057
0.7179320133088253
0.7158507835251698
0.7014257180246574
0.7158507835251698
0.7158507835251698
0.7181666974681205
0.7173596168529187
0.6927083333333334
0.7112118828374439
0.7014257180246574
0.7202790697674418
0.711959158215713
0.7217682799078148
0.7030567685589519
0.7158507835251698
0.7158507835251698
0.7135325131810193
0.7158507835251698
0.7173596168529187
0.7241379310344828
0.750682609923736
0.7372928952541421
0.7617964752700398
0.773144524300861
0.7656231485650639
0.759277690885824
0.759277690885824
0.759277690885824
0.7730523505292266
0.7780164697457931
0.7617964752700398
0.7768662055807298
0.7554302769026695
0.759277690885824
0.764313112658048
0.7717409427625468
0.7806356174842527
0.750682609923736
0.7730523505292266
0.770480074407956
0.7756225425950196
0.7882533662962341
0.7640942478298197
0.7730523505292266
0.7730523505292266
0.770480074407956
0.7730523505292266
0.7768662055807298
0.7679057116953762
0.7844529750479846
0.7730523505292266
0.7856028045237352
0.7806356174842527
0.7567567567567568
0.7818260368663594
0.770480074407956
0.770480074407956
0.7768662055807298
0.7882533662962341
0.8007977758974979
0.80249209147328
0.7970807858679104
0.7970807858679104
0.7856028045237352
0.8087072844460659
0.8124087591240876
0.790633608815427
0.8022181146025879
0.7868496062611721
0.790633608815427
0.7879469142069766
0.8068270354499416
0.7829502053758017
0.8031737532552876
0.7879469142069766
0.8083480305702528
0.8096188482694835
0.8087072844460659
0.817660887452248
0.813953488372093
0.8111516516884199
0.8022181146025879
0.813953488372093
0.8302668573965373
0.8068270354499416
0.817660887452248
0.8111516516884199
0.8258426966292135
0.8213218362647592
0.794372189721027
0.8349666311062595
0.8111516516884199
0.813953488372093
0.8101996867658575
0.8258426966292135
0.8360857776682278
0.790633608815427
0.8349666311062595
0.8111516516884199
0.817660887452248
0.8278092158447857
0.794372189721027
0.8229813664596274
0.8111516516884199
0.813953488372093
0.8204852015961223
0.8331771783618521
0.8022181146025879
0.82210508165628
0.8074220949303567
0.82210508165628
0.82210508165628
0.817660887452248
0.8258426966292135
0.8101996867658575
0.8258426966292135
0.828702335205439
0.828702335205439
0.8324175147229136
0.8324175147229136
0.813953488372093
0.8167535423243522
0.8341681130671956
0.828702335205439
0.8451878691616618
0.813953488372093
0.8341681130671956
0.8557569055219041
0.8463919327059881
0.8713349692630726
0.8661001609010458
0.8661001609010458
0.8691717984164886
0.8718870216643045
0.8718870216643045
0.875
0.898076188049433
0.8913010243082098
0.884526205824649
0.8877057115198451
0.897337232568878
0.8948468321525053
0.8661001609010458
0.8913010243082098
0.8948468321525053
0.8853454821564161
0.8853454821564161
0.9015979814970564
0.8853454821564161
0.8853454821564161
0.8853454821564161
0.8853454821564161
0.8853454821564161
0.9015979814970564
0.8786160815975298
0.8786160815975298
0.8817530807965789
