1.0
0.8868993653671804
0.8783347409210591
0.8628017177550719
0.8858402258431974
0.8570374015748031
0.8599788443088731
0.8281189648512939
0.8822316103379721
0.845549930295693
0.8822316103379721
0.8371533432175583
0.8449565196209777
0.857991069237941
0.8636913729654968
0.8696403445977635
0.8822869116216419
0.8540943660931847
0.8620382291769833
0.8722873534547269
0.8753335494650739
0.8943656688423738
0.891156462585034
0.9009327839429713
0.891156462585034
0.9172413793103448
0.888046398352959
0.9041095890410958
0.888046398352959
0.9067467863390888
0.8972375969873885
0.9066897376523576
0.9062019477191184
0.8997913379815766
0.899723162103968
0.9231960359244348
0.9194642995381003
0.9714285714285714
0.9400396432111001
0.926423743298889
0.9194530056201601
0.9297700435052828
0.9297700435052828
0.9330203442879499
0.926423743298889
0.9330203442879499
0.9467808453072053
0.9226550926527536
0.9364143758802358
0.9058881434085434
0.8995729793692442
0.9161313717364277
0.9091851007615397
0.9128092216034193
0.9058881434085434
0.9400396432111001
0.9097222222222222
0.9163817221013366
0.9165247018739353
0.9195975980659752
0.9229569557080474
0.9030284253737123
0.9296316657504123
0.919258561105875
0.9365968586387434
0.9162377164248947
0.9098982805803687
0.9163330040039519
0.9298273073511765
0.8967061245496655
0.8967061245496655
0.8870876724978197
0.8710905767668562
0.8908840834415832
0.8587797768619961
0.8493499363661318
0.8462651925428636
0.8406425862111709
0.8461576996292957
0.8191269215608987
0.861594312509454
0.8432850723914129
0.836865671641791
0.8472408151123011
0.8397064696485623
0.8463919327059881
0.8558335211479228
0.8491473217639546
0.8646468720068559
0.8490499648135116
0.8645585631166203
0.8742100053300845
0.8908840834415832
0.8490499648135116
0.8645585631166203
0.8101996867658575
0.8276100597855626
0.7982336293549331
0.8099798634644664
0.8034477677913658
0.8165119591375669
0.8315602836879432
0.8155081531109907
0.8101996867658575
0.8087072844460659
0.7992800155672309
0.7928534941986329
0.8164296453306386
0.7982336293549331
0.8284556060905676
0.8231062830299471
0.8048033448393213
0.82210508165628
0.8101996867658575
0.8221665930398075
0.8044851393037262
0.7982336293549331
0.8044851393037262
0.8034477677913658
0.8165119591375669
0.82210508165628
0.8072837632776935
0.8167535423243522
0.8155081531109907
0.8074925001829224
0.8218805615977852
0.8218805615977852
0.8247460894061828
0.8311263204880226
0.8491473217639546
0.8805905999544914
0.8550469778425362
0.8618012812460746
0.8675551958726385
0.8802994423649836
0.900066656411834
0.8834491713129153
0.9132118333419381
0.9101814826207321
0.8779340348037232
0.8932875237167325
0.8779340348037232
0.9070769230769231
0.8877636488235742
0.8974083729489342
0.9103236304465738
0.9103236304465738
0.8749808800285525
0.9070055796652201
0.9171918586630851
0.884889885807504
0.8983431047667602
0.8701034040304929
0.904383083555738
0.8883846624515602
0.9008851828094933
0.8908391070053887
0.9008851828094933
0.9211235090419392
0.8857012635150533
0.8913010243082098
0.9008851828094933
0.8881553891075282
0.907682044439883
0.8940886699507389
0.8880960269120008
0.9138487768334582
0.9074306820222126
0.898076188049433
0.9041584361612067
0.9138487768334582
0.8940886699507389
0.897337232568878
0.900162736031824
0.9133195128271573
0.896988416988417
0.8976836938180702
0.937231857302582
0.9041584361612067
0.907682044439883
0.9105048312923061
0.9105048312923061
0.9235751632286763
0.8935741415394155
0.9098452334503837
0.900162736031824
0.9468688200395518
0.9098452334503837
0.9167100197690147
0.8872925058367755
0.8737012237358578
0.8401744098631785
0.8836958752308639
0.8648483925034283
0.8584299235713925
0.8739970963551617
0.8489432814816676
0.8645585631166203
0.85402124430956
0.8637263360909506
0.8452763819095478
0.8736203790627458
0.85387954008985
0.8578918183193023
0.8667952198513181
0.8939019732654361
0.8549825416363134
0.8550469778425362
0.8580434509606932
0.8588453257222973
0.8099798634644664
0.8127853881278538
0.8090119275511707
0.8024345948068522
0.8183206106870229
0.7918611435239207
0.8011666059059424
0.8074925001829224
0.7971912030038524
0.7815689705453485
0.8105411346291586
0.7919917562196379
0.7841224947578875
0.7892799293182153
0.7932485322896282
0.7866735158141924
0.7932485322896282
0.7881011981432425
0.8171849144212008
0.7867312490826361
0.7957585162196114
0.787956391307529
0.8117012632045505
0.8117012632045505
0.8052805280528053
0.7946337432557236
0.7946337432557236
0.7842542434091729
0.7868496062611721
0.8074220949303567
0.8008910212474297
0.8129755119015584
0.8167535423243522
0.7841867433487181
0.7879469142069766
0.813953488372093
0.8087072844460659
0.799474478127585
0.8111516516884199
0.8098782471533494
0.7981341364871813
0.7939815941958417
0.8059414612783143
0.799474478127585
0.8004041584495898
0.7967289719626168
0.7953754960074463
0.8042416769420468
0.7939815941958417
0.7724524834357015
0.7798751270509656
0.8055426233123423
0.7788552221120596
0.7879469142069766
0.7788552221120596
0.7675709445659226
0.7825676754481458
0.7708434201607437
0.77351595963507
0.7586173741647037
0.7902845043685658
0.6699417758369723
0.7701823073043019
0.7675709445659226
0.7564289295862086
0.76765621259277
0.7917439250512345
0.8217767744176239
0.8280806572068709
0.0
0.0
0.0
0.0
0.0
0.0
0.8164296453306386
0.8111516516884199
0.8099798634644664
0.8247460894061828
0.8493499363661318
0.82210508165628
0.8074220949303567
0.8193401089998527
0.8126940324249742
0.8217767744176239
0.8098782471533494
0.8217767744176239
0.8098782471533494
0.8378887841658812
0.8349666311062595
0.8312706168307745
0.8111516516884199
0.8229813664596274
0.8320428826682549
0.8254708787254634
0.8527326662979536
0.8500948766603416
0.8530777295192452
0.8500948766603416
0.8126940324249742
0.8258426966292135
0.84970705826146
0.8349666311062595
0.84970705826146
0.8430475232587378
0.8430475232587378
0.8594162455690474
0.8400442644802696
0.8315797365856097
0.8061201862665386
0.8341681130671956
0.8426411139392125
0.8521355966150919
0.836865671641791
0.8273202289126649
0.8284556060905676
0.8463919327059881
0.8567576340166287
0.8378887841658812
0.8352999137824856
0.8408093431525702
0.8408093431525702
0.8405573525752674
0.8378887841658812
0.8312706168307745
0.8284556060905676
0.8565223902950427
0.8445072798075254
0.8408093431525702
0.8378887841658812
0.8471759144065688
0.8218805615977852
0.8367703600139811
0.8165119591375669
0.7930867309836622
0.8167535423243522
0.7791970802919708
0.7679057116953762
0.8167535423243522
0.7879469142069766
0.79193815034523
0.7777401894451962
0.786638871382169
0.790633608815427
0.8036461519637832
0.7640942478298197
0.7679057116953762
0.7818260368663594
0.7663865546218488
0.7527347094074004
0.7892407218249915
0.7777401894451962
0.7575264442636289
0.7725575231899771
0.7895105401685462
0.7513235083702962
0.7651080776335677
0.760238379022646
0.79193815034523
0.7751926782273603
0.7687861271676301
0.7638922127028192
0.7661727502710517
0.7803057749438447
0.7550869492617065
0.7868496062611721
0.7548475455921574
0.7686729514140682
0.7881011981432425
0.7699185809828438
0.7636713581137977
0.7763884850247165
0.7881011981432425
0.7651080776335677
0.7881011981432425
0.7651080776335677
0.760238379022646
0.7780043664979247
0.7830867316251654
0.7701431492842535
0.7740072202166065
0.7804572803850782
0.7958666312561867
0.7767176487510189
0.784370477568741
0.7843137254901961
0.7676682894074198
0.7959942285588516
0.7726713171932704
0.761235550865749
0.7790320236422654
0.8075623921654395
0.7651080776335677
0.7665538446870381
0.7741378483380498
0.7539130228249769
0.7529867308872834
0.7465876777251185
0.7551770207080828
0.7551770207080828
0.7615412143624001
0.7653292598515407
0.7642731716577287
0.7424419967190063
0.7449051300070274
0.7313457343247871
0.7445503444371049
0.7300337457817773
0.7238300564759919
0.7238300564759919
0.743276687015344
0.7088888888888889
0.706894172837235
0.6920577534723017
0.6923775985459503
0.6943078647060169
0.7023020257826887
0.6962316705416542
0.7000023032452726
0.7130044843049327
0.690156853830416
0.7003613410785345
0.7045993143593401
0.6898051695322696
0.6898051695322696
0.692419187852295
0.7050644332878329
0.6885649244636575
0.7050644332878329
0.7173596168529187
0.6943078647060169
0.7003613410785345
0.6962316705416542
0.6901615947700382
0.702761510150228
0.6822017425507101
0.702761510150228
0.6939518172186651
0.7130044843049327
0.690156853830416
0.6965555073026902
0.7030567685589519
0.6882546652030735
0.7007841423873802
0.7112118828374439
0.702761510150228
0.7088888888888889
0.7135325131810193
0.7026285714285714
0.7007841423873802
0.7003613410785345
0.6920577534723017
0.7023020257826887
0.7023020257826887
0.7370132931083246
0.748216178028965
0.7567567567567568
0.7443568318229964
0.743276687015344
0.7627507163323782
0.7567567567567568
0.7567567567567568
0.7564289295862086
0.7542336701295005
0.7479306500960557
0.7701823073043019
0.7856028045237352
0.7324557294106624
0.7630811541288319
0.7567567567567568
0.7653292598515407
0.7517084282460137
0.7679057116953762
0.7615412143624001
0.7679057116953762
0.790633608815427
0.7457475380483438
0.7742705127287477
0.7679057116953762
0.7765661029976941
0.7454265037370981
0.7564289295862086
0.7701823073043019
0.7551770207080828
0.7664705038036458
0.7933183564026379
0.770480074407956
0.7567567567567568
0.770480074407956
0.760238379022646
0.7716211693837548
0.7816737698566447
0.7855239571726176
0.7804572803850782
0.8195518152461102
0.7933183564026379
0.7791970802919708
0.7879469142069766
0.7791970802919708
0.7868496062611721
0.7751926782273603
0.7930078096489307
0.7815219493328176
0.7791970802919708
0.8022181146025879
0.790633608815427
0.7765661029976941
0.8007977758974979
0.7788552221120596
0.8031737532552876
0.7788552221120596
0.7852582704585026
0.8111516516884199
0.8204852015961223
0.799474478127585
0.7980652962515115
0.7939815941958417
0.8120068610634649
0.7862346022603519
0.810747490690276
0.7962940268143827
0.7976326749311966
0.829533410564196
0.7967289719626168
0.8096188482694835
0.7939815941958417
0.8111516516884199
0.8164296453306386
0.8217767744176239
0.8046427347078701
0.7981341364871813
0.813953488372093
0.8111516516884199
0.8111516516884199
0.8111516516884199
0.8201183431952662
0.8018616044090631
0.8070607958187466
0.8135894085451542
0.8042416769420468
0.8164296453306386
0.7967289719626168
0.7939815941958417
0.8098782471533494
0.786541455819385
0.8083480305702528
0.8135894085451542
0.8055426233123423
0.8027354282072651
0.8027354282072651
0.8111516516884199
0.7879469142069766
0.799474478127585
0.8148347745143669
0.8135894085451542
0.7875593426658551
0.8120068610634649
0.784832322641923
0.8018616044090631
0.8135894085451542
0.8415620503150896
0.8172536253329388
0.8360857776682278
0.8356667659616721
0.8599527139192112
0.8723382706671731
0.8436517320318986
0.8620680926465004
0.8466800804828973
0.884889885807504
0.86919745739104
0.8634899869175807
0.853316230287482
0.8723382706671731
0.856366928183464
0.8687727825030377
0.8745954486379043
0.8723382706671731
0.9041584361612067
0.8754778118117611
0.856366928183464
0.8687727825030377
0.884526205824649
0.875
0.8754778118117611
0.8630271330500163
0.8786160815975298
0.920534077115777
0.8696876728863854
0.8786160815975298
0.8594162455690474
