1.0
0.960838389409818
0.9367414299451621
0.8898356664637858
0.8904559700738045
0.8812895450436878
0.8655990421312579
0.8716216216216216
0.8783783783783784
0.8627797115862755
0.8597861228550112
0.8783783783783784
0.8597861228550112
0.8979818926710839
0.8725049900199601
0.8979818926710839
0.8979818926710839
0.9041095890410958
0.897754854368932
0.8820555180095617
0.8948137694672648
0.8789753311216981
0.9274185310041884
0.9009327839429713
0.9045331580411095
0.9077461751198843
0.9013300965963688
0.917573713526496
0.9109820996613449
0.9310822244442735
0.917573713526496
0.8972602739726028
0.9205095998564508
0.9172413793103448
0.9404242046163444
0.9438096728752543
0.9400151266202436
0.9678562924945104
0.9263997513855079
0.9507042253521126
0.9404242046163444
0.9612313813774509
0.9474669231369083
0.9440559440559441
0.9577464788732394
0.9577464788732394
0.9645135776430266
0.9370385775189768
0.9541385267787027
0.950679337155423
0.9199081124332137
0.933381852208042
0.9034019534955264
0.9474669231369083
0.9542610289304883
0.9103214890016921
0.9406442555182903
0.926901037633576
0.9577464788732394
0.9436125654450261
0.9401785480535121
0.930021575814292
0.9401785480535121
0.9266606005459509
0.9370385775189768
0.9401785480535121
0.9367439912028067
0.9401785480535121
0.950679337155423
0.9266606005459509
0.9202726427759992
0.9038313586705647
0.8940613221961903
0.8812221772561716
0.8908840834415832
0.8560590936314634
0.868555924027736
0.868555924027736
0.868555924027736
0.868555924027736
0.868555924027736
0.868555924027736
0.868555924027736
0.8812221772561716
0.8618012812460746
0.8843313777058467
0.8618012812460746
0.8812221772561716
0.8781117182756527
0.8648214196011453
0.8940613221961903
0.8908840834415832
0.8587797768619961
0.8781117182756527
0.8655107425555975
0.8530777295192452
0.8408093431525702
0.8408093431525702
0.828702335205439
0.8408093431525702
0.828702335205439
0.828702335205439
0.843728309370352
0.8315602836879432
0.843728309370352
0.8408093431525702
0.8370640291514836
0.843728309370352
0.8399583663758922
0.8408093431525702
0.8277738115752936
0.8493499363661318
0.8157495720224994
0.8399583663758922
0.8493499363661318
0.8332713800708745
0.8399583663758922
0.8466456841218309
0.843728309370352
0.8560590936314634
0.843728309370352
0.8428511260312662
0.828743925784126
0.8457423094070441
0.828743925784126
0.8531211141507088
0.8531211141507088
0.8678401928533762
0.8648214196011453
0.8843313777058467
0.8903656176800081
0.9034019534955264
0.9034019534955264
0.896551724137931
0.9170054026241318
0.9133890675241157
0.9203086816720257
0.9235872679866794
0.9305555555555556
0.9272159252278537
0.9341595662277304
0.9341595662277304
0.9208677368070157
0.9244441024851889
0.9244441024851889
0.9343216508690824
0.9307940606843125
0.9407603890362511
0.920534077115777
0.920534077115777
0.920534077115777
0.9373211963589076
0.9274276859504132
0.9373211963589076
0.9373211963589076
0.9240604416892677
0.9309293795526167
0.9309293795526167
0.9309293795526167
0.9373211963589076
0.9309293795526167
0.9274276859504132
0.9377130461729161
0.9309293795526167
0.9343216508690824
0.9211235090419392
0.9151013126035428
0.92127681412296
0.9184037510830233
0.9151013126035428
0.9184037510830233
0.9184037510830233
0.9184037510830233
0.9184037510830233
0.9217050115926521
0.9313157219799949
0.9346599651246281
0.9411035658034032
0.9346599651246281
0.9217050115926521
0.9217050115926521
0.9155236118843953
0.9155236118843953
0.9122664911658989
0.9217050115926521
0.9155236118843953
0.9217050115926521
0.9217050115926521
0.9217050115926521
0.9313157219799949
0.9149044585987262
0.8924379884898596
0.9087688219663419
0.9087688219663419
0.9087688219663419
0.8991706458909273
0.9120006072413531
0.9023342295032538
0.9155236118843953
0.9187794139972674
0.9187794139972674
0.912636975972655
0.912636975972655
0.9034062531215663
0.9002348004196433
0.9029953975000629
0.909008051040559
0.8928391833450668
0.8892966668342467
0.8731371227439527
0.8418978174114401
0.8533333333333334
0.8408093431525702
0.7741378483380498
0.7986603432259326
0.7855357359543744
0.7826278013768859
0.7691748455107233
0.7730242880039453
0.7790775817009732
0.7564846884110333
0.7478143913920645
0.7349361532322426
0.7191682005870355
0.7147440680495448
0.6972238717339667
0.6836204336204336
0.688476781574815
0.6700089126559715
0.6632001188530678
0.6212003872216845
0.6457447860037561
0.6136363636363636
0.5981710597095212
0.5867077464788732
0.5848286103205049
0.5563816302652106
0.5394115510352343
0.5174631254332911
0.4978369384359401
0.49468747008710634
0.48237822349570203
0.46539140390211325
0.4510955176858084
0.4555792122326527
0.43967646631471885
0.4297419889772228
0.4358175473579262
0.3904997814366895
0.3762939203965593
0.3552163711569628
0.3516756914971462
0.3284132841328413
0.31199731903485256
0.2820186598812553
0.26950989632422245
0.24796084828711257
0.25735658493994384
0.22110690959092472
0.17820592684880307
0.17653352353780313
0.16858220545817618
0.1343186827434202
0.11380413910817154
0.11236676512135611
0.08032394017023387
0.07713453411561974
0.07622677465459743
0.06495916852264291
0.03998539346357495
0.03942783788740143
0.0
0.01671799384073911
0.0
0.0
0.0
0.0
0.0
0.0
0.0
0.0
0.0
0.0
0.0
0.0
0.0
0.0
0.0
0.0
0.0
0.0
0.0
0.0
0.0
0.0
0.0
0.0
0.0
0.0
0.0
0.0
0.0
0.0
0.0
0.0
0.0
0.0
0.0
0.0
0.0
0.0
0.0
0.0
0.0
0.0
0.0
0.0
0.0
0.0
0.0
0.0
0.0
0.0
0.0
0.0
0.0
0.0
0.0
0.0
0.0
0.0
0.0
0.0
0.0
0.0
0.0
0.0
0.0
0.0
0.0
0.0
0.0
0.0
0.0
0.0
0.0
0.0
0.0
0.0
0.0
0.0
0.0
0.0
0.0
0.0
0.0
0.0
0.0
0.0
0.0
0.0
0.0
0.0
0.0
0.0
0.0
0.0
0.0
0.0
0.0
0.0
0.0
0.0
0.0
0.0
0.0
0.0
0.0
0.0
0.0
0.0
0.0
0.0
0.0
0.0
0.0
0.0
0.0
0.0
0.0
0.0
0.0
0.0
0.0
0.0
0.0
0.0
0.0
0.0
0.0
0.0
0.0
0.0
0.0
0.0
0.0
0.0
0.0
0.0
0.0
0.0
0.0
0.0
0.0
0.0
0.0
0.0
0.0
0.0
0.0
0.0
0.0
0.0
0.0
0.0
0.0
0.0
0.0
0.0
0.0
0.0
0.0
0.0
0.0
0.0
0.0
0.0
0.0
0.0
0.0
0.0
0.0
0.0
0.0
0.0
0.0
0.0
0.0
0.0
0.0
0.0
0.0
0.0
0.0
0.0
0.0
0.0
0.0
0.0
0.0
0.0
0.0
0.0
0.0
0.0
0.0
0.0
0.0
0.0
0.0
0.0
0.0
0.0
0.0
0.0
0.0
0.0
0.0
0.0
0.0
0.0
0.0
0.0
0.0
0.0
0.0
0.0
0.0
0.0
0.0
0.0
0.0
0.0
0.0
0.0
0.0
0.0
0.0
0.0
0.0
0.0
0.0
0.0
0.0
0.0
0.0
0.0
0.0
0.0
0.0
0.0
0.0
0.0
0.0
0.0
0.0
0.0
0.0
0.0
0.0
0.0
0.0
0.0
0.0
0.0
0.0
0.0
0.0
0.0
0.0
0.0
0.0
0.0
0.0
0.0
0.0
0.0
0.0
0.0
0.0
0.0
0.0
0.0
0.0
0.0
0.0
0.0
0.0
0.0
0.0
0.0
0.0
0.0
0.0
0.0
0.0
0.0
0.0
0.0
0.0
0.0
0.0
0.0
0.0
0.0
0.0
0.0
0.0
0.0
0.0
0.0
0.0
0.0
0.0
0.0
0.0
0.0
0.0
0.0
0.0
0.0
0.0
0.0
0.0
0.0
0.0
0.0
0.0
0.0
0.0
0.0
0.0
0.0
0.0
0.0
0.0
0.0
0.0
0.0
0.0
0.0
