1.0
0.8348436129786612
0.8224043715846995
0.7858861267040899
0.7511497189575882
0.651595744680851
0.6779370853841216
0.6344211344211345
0.5956012770485988
0.5521588402143083
0.5511240029006527
0.5252679938744257
0.4956157072054899
0.45380802163136547
0.420256111757858
0.38052095130237823
0.35714285714285715
0.3256671729225428
0.24309358646708043
0.1728629579375848
0.19054054054054054
0.1681299828438793
0.0
0.0
0.0
0.0
0.15052007220837274
0.14339956967472473
0.16124786099776228
0.18367810866105932
0.1874646801952222
0.17260499024540507
0.1808202719676697
0.19551984416849283
0.19367414953153492
0.19926400436145564
0.20778052619743648
0.236953333908393
0.2605135839225903
0.34252669039145905
0.43078204975598144
0.5127547750288425
0.5736075173634754
0.7235075230545219
0.7452687991961146
0.7391887361716393
0.8258936840155584
0.7892298784018529
0.896168108776267
0.7872386290148738
0.7853546910755149
0.7019230769230769
0.6809356725146198
0.5727519204699503
0.6832634951934927
0.5666582977655034
0.6508891928864569
0.5565500406834825
0.6111430212521539
0.5545952175165658
0.5041128084606346
0.5888062115820123
0.5156092648539778
0.6308724832214765
0.5527244217953744
0.6931918656056587
0.5881027489860298
0.6951026856240127
0.6339381003201707
0.7753846153846153
0.7377666248431619
0.6837820914214151
0.6343526350032531
0.6790564689063617
0.7042459736456809
0.7027027027027027
0.7089013632718525
0.6246056782334385
0.5384615384615384
0.601195559350982
0.5859106529209622
0.5605786618444847
0.518783542039356
0.6182170542635659
0.6067101584342963
0.562015503875969
0.540796963946869
0.60932944606414
0.4760614272809395
0.5593542260208927
0.5242626070409134
0.4804575786463298
0.5547445255474452
0.5106382978723404
0.4601226993865031
0.5387931034482759
0.4601226993865031
0.453781512605042
0.37551020408163266
0.4208826695371367
0.3167898627243928
0.3451995685005394
0.3232758620689655
0.33783783783783783
0.33653846153846156
0.37383177570093457
0.3125
0.3125
0.33411488862837047
0.2942477876106195
0.3091106290672451
0.4165680473372781
0.28824833702882485
0.3693467336683417
0.42567567567567566
0.328125
0.34946236559139787
0.36671368124118475
0.37681159420289856
0.3987730061349693
0.3179190751445087
0.3343465045592705
0.39634146341463417
0.35502958579881655
0.40752351097178685
0.4229452054794521
0.4229452054794521
0.3584905660377358
0.3781094527363184
0.3190839694656489
0.3265625
0.36363636363636365
0.41025641025641024
0.29780564263322884
0.3281004709576138
