1,340,356,67,91
2,343,357,67,92
3,343,358,67,92
4,342,357,66,92
5,341,356,67,92
6,341,355,67,92
7,339,355,68,92
8,338,355,67,92
9,337,356,67,92
10,338,357,66,92
11,336,358,67,92
12,337,359,66,92
13,338,358,66,92
14,339,358,66,92
15,340,357,66,92
16,342,355,67,92
17,345,354,67,92
18,348,353,67,92
19,352,353,67,92
20,356,354,67,92
21,361,354,67,92
22,367,354,67,92
23,374,355,66,91
24,381,355,66,92
25,389,355,65,92
26,398,357,65,91
27,407,358,65,91
28,417,358,65,91
29,426,359,65,91
30,435,359,65,91
31,446,358,65,91
32,455,357,65,91
33,463,356,65,91
34,471,355,65,91
35,478,356,65,91
36,486,355,65,91
37,493,355,65,91
38,499,354,66,91
39,505,353,66,92
40,511,353,65,91
41,516,353,66,91
42,522,352,66,92
43,527,353,66,91
44,532,353,66,92
45,538,354,65,91
46,544,355,65,91
47,550,355,66,92
48,556,356,65,91
49,563,356,65,92
50,570,357,65,92
51,578,357,65,92
52,586,358,65,91
53,595,358,65,91
54,604,357,65,91
55,613,355,65,91
56,622,352,65,91
57,631,348,66,91
58,639,346,66,91
59,647,343,66,91
60,654,341,66,91
61,661,339,67,91
62,669,338,67,91
63,677,338,67,91
64,686,338,65,90
65,695,338,65,90
66,705,338,65,90
67,715,339,65,90
68,725,339,65,90
69,735,340,65,90
70,746,341,65,90
71,757,343,65,90
72,769,345,64,90
73,779,347,64,90
74,790,348,64,90
75,801,348,64,90
76,812,346,64,90
77,822,344,64,90
78,831,342,64,90
79,840,341,64,89
80,848,339,65,89
81,857,337,64,89
82,863,335,65,90
83,870,334,65,90
84,877,333,66,90
85,885,333,66,90
86,892,333,66,90
87,900,334,66,90
88,908,335,66,90
89,916,335,66,91
90,925,337,66,90
91,933,338,65,90
92,942,340,65,90
93,951,342,65,90
94,960,342,65,90
95,970,342,65,90
96,980,341,65,90
97,990,338,65,91
98,1000,337,65,90
99,1009,335,66,90
100,1019,333,66,90
101,1028,331,66,90
102,1039,329,65,90
103,1049,328,65,90
104,1059,328,65,89
105,1068,326,65,90
106,1079,327,65,89
107,1089,327,65,89
108,1101,328,65,89
109,1113,329,65,89
110,1125,331,64,89
111,1137,333,64,89
112,1150,335,63,89
113,1162,338,63,88
114,1175,341,62,88
115,1188,342,61,88
116,1200,343,61,87
117,1212,341,61,87
118,1224,340,61,87
119,1235,338,61,87
120,1246,339,60,86
121,1256,338,60,86
122,1265,338,60,86
123,1273,337,60,86
124,1281,337,60,87
125,1288,337,60,87
126,1295,337,60,87
127,1302,336,61,88
128,1309,337,62,87
129,1316,338,62,87
130,1324,339,62,87
131,1332,340,62,87
132,1340,340,62,88
133,1348,341,62,88
134,1357,343,62,88
135,1365,344,61,88
136,1375,346,61,88
137,1384,348,61,87
138,1393,348,61,88
139,1403,348,61,88
140,1415,347,61,88
141,1426,346,61,87
142,1435,343,61,87
143,1443,343,61,87
144,1453,340,61,87
145,1464,339,61,87
146,1477,339,61,87
147,1489,340,60,87
148,1500,342,60,86
149,1512,343,59,86
150,1523,343,59,85
151,1535,346,58,86
152,1545,349,58,86
153,1556,352,57,85
154,1567,356,57,84
155,1578,361,56,84
156,1589,364,56,84
157,1601,369,55,83
158,1611,373,55,83
159,1622,375,54,83
160,1632,375,54,84
161,1641,377,55,83
162,1650,377,55,83
163,1658,375,54,84
164,1666,375,54,84
165,1673,376,55,83
166,1680,376,55,84
167,1687,377,55,84
168,1694,378,56,84
169,1700,378,56,85
170,1711,380,56,84
171,1714,381,57,84
172,1722,381,56,85
173,1731,380,56,86
174,1734,384,57,86
175,1741,387,57,86
176,1749,390,57,86
177,1755,392,57,87
178,1762,395,58,86
179,1769,397,58,87
180,1776,400,58,87
181,1784,399,58,87
182,1790,398,59,87
183,1797,399,59,87
184,1802,398,60,88
185,1808,397,60,88
186,1814,397,61,88
187,1819,397,61,88
188,1825,397,61,89
189,1829,397,62,89
190,1836,397,61,89
191,1841,398,62,89
192,1846,398,62,90
193,1852,400,62,90
194,1857,402,62,90
195,1863,403,63,90
196,1867,406,63,90
197,1876,406,63,90
198,1882,407,63,91
199,1887,410,63,90
200,1895,410,63,91
201,1900,411,64,91
202,1907,412,63,90
203,1913,412,63,90
204,1919,411,64,91
205,1928,410,63,91
206,1931,410,63,91
207,16,409,63,91
208,20,408,63,91
209,24,408,63,91
210,29,408,63,91
211,33,409,63,91
212,38,409,63,91
213,42,411,64,91
214,46,411,64,91
215,51,412,64,91
216,56,415,63,91
217,60,415,64,91
218,65,414,63,91
219,69,414,64,91
220,75,414,63,91
221,78,414,64,91
222,75,413,63,91
223,75,413,63,91
224,75,413,63,91
225,75,413,63,91
226,74,413,63,91
227,76,414,63,91
228,74,413,63,91
229,77,414,63,91
230,75,413,63,91
231,78,414,64,91
232,76,413,63,91
233,75,413,63,91
234,75,413,63,91
235,75,413,63,91
236,76,413,63,91
237,74,413,63,91
238,75,413,63,91
239,75,413,63,91
240,75,413,63,91
241,75,413,63,91
242,75,413,63,91
243,75,413,63,91
244,75,413,63,91
245,75,413,63,91
246,75,413,63,91
247,75,413,63,91
248,74,413,63,91
249,75,413,63,91
250,75,413,63,91
251,75,413,63,91
252,75,413,63,91
253,75,413,63,91
254,75,413,63,91
255,75,413,63,91
256,75,413,63,91
257,75,413,63,91
258,75,413,63,91
259,75,413,63,91
260,75,413,63,91
261,75,413,63,91
262,75,413,63,91
263,75,413,63,91
264,75,413,63,91
265,75,413,63,91
266,75,413,63,91
267,75,413,63,91
268,75,413,63,91
269,75,413,63,91
270,75,413,63,91
271,75,413,63,91
272,75,413,63,91
273,75,413,63,91
274,75,413,63,91
275,75,413,63,91
276,74,413,63,91
277,73,413,63,91
278,74,413,63,91
279,73,413,63,91
280,70,412,63,91
281,71,412,63,91
282,73,412,63,91
283,70,413,63,91
284,65,413,64,91
285,60,413,65,91
286,54,413,65,91
287,44,414,64,91
288,41,413,64,92
289,29,413,64,92
290,20,412,64,92
291,14,411,65,92
292,7,409,65,92
293,1,408,65,92
294,-5,408,64,92
295,-10,407,63,92
296,-16,407,63,91
297,-22,405,63,92
298,-27,404,63,91
299,-36,405,63,91
300,-42,405,63,92
301,-50,405,63,92
302,-58,407,63,91
303,-65,406,63,91
304,-74,409,63,90
305,-82,410,63,90
306,1830,411,63,90
307,1822,411,63,91
308,1814,411,63,91
309,1805,410,63,91
310,1798,410,63,91
311,1791,409,62,90
312,1784,408,63,91
313,1778,407,63,91
314,1772,405,63,92
315,1766,405,63,91
316,1761,404,63,91
317,1756,403,63,92
318,1751,403,63,91
319,1746,402,63,92
320,1741,403,63,91
321,1737,403,63,92
322,1732,404,63,91
323,1727,404,63,92
324,1723,404,63,91
325,1717,404,63,92
326,1711,405,63,91
327,1706,405,63,91
328,1701,404,63,92
329,1695,405,63,91
330,1689,403,63,91
331,1684,399,63,92
332,1678,398,63,91
333,1673,396,64,91
334,1669,395,63,91
335,1664,392,64,91
336,1660,390,64,91
337,1657,389,64,91
338,1654,387,64,91
339,1650,385,64,91
340,1647,383,64,91
341,1644,383,64,91
342,1640,382,64,91
343,1637,382,64,91
344,1632,381,64,92
345,1628,381,64,91
346,1624,381,64,92
347,1617,381,64,92
348,1611,381,64,91
349,1603,380,64,91
350,1596,376,64,91
351,1589,373,64,91
352,1581,369,64,91
353,1574,367,64,91
354,1566,363,65,91
355,1561,360,65,91
356,1557,357,65,91
357,1551,354,65,91
358,1547,352,66,91
359,1543,349,66,91
360,1541,346,66,91
361,1539,345,66,91
362,1537,343,66,91
363,1536,342,66,91
364,1536,340,66,91
365,1535,341,66,91
366,1535,340,67,91
367,1539,342,67,91
368,1540,340,67,91
369,1539,337,67,91
370,1539,337,67,91
371,1540,336,67,91
372,1541,337,67,91
373,1541,338,67,91
374,1544,340,67,92
375,1543,339,67,92
376,1544,340,67,92
377,1546,341,67,92
378,1544,341,67,92
379,1546,341,67,92
380,1546,342,67,92
381,1546,342,67,92
382,1546,343,67,92
383,1549,344,67,92
384,1546,343,67,92
385,1546,343,67,92
386,1547,344,66,92
387,1547,344,66,92
388,1547,344,66,92
389,1546,345,66,92
390,1546,345,66,92
