1.0
1.0
1.0
1.0
0.9888463459297486
0.9672320105384489
0.9672320105384489
0.9191327741731287
0.967391304347826
0.989010989010989
0.9297520661157025
0.9498956158663883
0.9297520661157025
0.9025383892196803
0.9853353105948262
0.9498956158663883
0.9540905480540112
0.972408293460925
0.9068361494341962
0.8855421686746988
0.9394572025052192
0.9462857142857143
0.961463096015676
0.9698275862068966
0.9030564989194195
0.956989247311828
0.9018910619039923
0.8928
0.8817286988618886
0.9092107431207778
0.8478154945590385
0.8693181818181818
0.8792246520874751
0.8919327731092437
0.9520809152710993
0.859307010475423
0.8615042137064716
0.8660896931549961
0.8809218950064021
0.8786492030929461
0.8620635419943379
0.8812285574252573
0.8854387971890831
0.8752860411899314
0.8668735707285201
0.8732394366197183
0.8834888960411973
0.9511677282377919
0.8384673178061608
0.8445861854387057
0.8622585204963091
0.8781167724949667
0.8361155465234432
0.822879288072341
0.758487972508591
0.7776699029126214
0.8025354829819484
0.8215431840379517
0.8237553147716362
0.840241674863004
0.8392982456140351
0.7958078845086063
0.7857538802660754
0.8301313061506566
0.8423597678916828
0.8522775649212431
0.8079911209766926
0.8133720127089377
0.8685548293391431
0.8454686837268486
0.832696931127139
0.847350143439529
0.828710323134115
0.8002281477256523
0.8685548293391431
0.8672853144793048
0.9058192955589587
0.9374303454863875
0.8873239436619719
0.896551724137931
0.9309843219654114
0.9520776946346123
0.884176434299815
0.9502788844621514
0.9705882352941176
0.9188000628239359
0.8857098429482195
0.942564420987271
0.946236559139785
0.9520776946346123
0.9810954920019389
0.9850417257124863
0.9707086614173228
0.8871087375760273
0.9464148625825273
0.9400640536830868
0.8976897689768977
0.8791455874086566
0.8943531093638313
0.8585151639906683
0.9134180172287926
0.8885101548075558
0.8795163784619711
0.9134180172287926
0.9007919366450684
0.9070610410323329
0.8851160158460668
0.9134180172287926
0.8976897689768977
0.8911377764926991
0.939762655850984
0.869312400058148
0.9498937139386577
0.9474481296380434
0.9376498800959233
0.9430844553243574
0.9641997110290577
0.9540318836093484
0.9135451003895715
0.9918327344005227
0.8948204639339054
0.9954568399798082
0.9118444125617726
0.9525996391668033
0.9138466568579369
0.8615042137064716
0.8686931996239423
0.8812285574252573
0.8873125906819281
0.8398645379777455
0.8472222222222222
0.9187935034802784
0.8930412371134021
0.8234290147401087
0.859307010475423
0.8617460317460317
0.819852363750589
0.8702506700299543
0.8815325155436061
0.8804329998359849
0.8118842845973416
0.89712
0.8128829984323785
0.7624422083220016
0.8252148997134671
0.7664705038036458
0.8124373119358074
0.7816971242385607
0.8407740362639037
0.8294930875576036
0.8502400495586185
0.8617460317460317
0.8731028008136442
0.8787244322757288
0.8062927061814715
0.8388005301524188
0.8447904588371707
0.8231738035264483
0.7895266868076536
0.799059929494712
0.7843597919113945
0.6943699731903485
0.6943699731903485
0.6875523538281119
0.6632054932172166
0.602978082650159
0.5671292426015716
0.5739130434782609
0.5627821434542719
0.5157033077180087
0.5369318181818182
0.5488131059846205
0.5570974753385721
0.49941540003340573
0.5112781954887218
0.5341801771686445
0.5262366310160428
0.5375229817817149
0.5294117647058824
0.47011686143572623
0.48388712639839704
0.4732888146911519
0.47011686143572623
0.4552736982643525
0.4683692204974128
0.47070605908863294
0.4231154102735157
0.4231154102735157
0.40330110036678896
0.3895
0.4202801867911941
0.45210280373831774
0.4448523277156683
0.4344344344344344
0.4068701017175254
0.33882783882783885
0.05205128205128205
0.035658713692946056
0.04160780788493643
0.03516624040920716
0.0
0.0
0.0
0.0
0.0
0.0
0.0
0.0
0.0
0.0
0.0
0.0
0.0
0.0
0.0
0.0
0.0
0.0
0.0
0.0
0.0
0.0
0.0
0.0
0.0
0.0
0.0
0.0
0.0
0.0
0.0
0.0
0.0
0.0
0.0
0.0
0.0
0.0
0.0
0.0
0.0
0.0
0.0
0.0
0.0
0.0
0.0
0.0
0.0
0.0
0.0
0.0
0.0
0.0
0.0
0.0
0.0
0.0
0.0
0.0
0.0
0.0
0.0
0.0
0.0
0.0
0.0
0.0
0.0
0.0
0.0
0.0
0.0
0.0
0.0
0.0
0.0
0.0
0.0
0.0
0.0
0.0
0.0
0.0
0.0
0.0
0.0
0.0
0.0
0.0
0.0
0.0
0.0
0.0
0.0
0.0
0.0
0.01383190716211464
0.04328157476464115
0.06003198425390577
0.0825744523750923
0.08750320759558634
0.12032604476646397
0.12190883571715011
0.1486433346441211
0.1778225806451613
0.05316021558059775
0.15580155801558015
0.251583443806157
0.25457205559619606
0.23113207547169812
0.24771055397087524
0.22550335570469798
0.3302259440669932
0.24771055397087524
0.33264984227129335
0.36359175662414134
0.3356142584341184
0.3359588490596367
0.2800918836140888
0.28850488354620585
0.36649384316267014
0.35969837959249157
0.29825367647058826
0.3508255680889325
0.3726919339164237
0.3850760764001295
0.39516260826932503
0.3447397739933153
0.33140895615540644
0.3443211998125293
0.362476370510397
0.347102436072023
0.32695729537366547
0.39813841765500674
0.39820359281437123
0.40235970352442896
0.37748344370860926
0.37589408004869884
0.3474178403755869
0.3800383877159309
0.3890784982935154
0.38138181818181816
0.41599531272887064
0.39818491208167894
0.4012557077625571
0.40431493415522557
0.4385363848156777
0.4258560258829873
0.4063627857238337
0.44026340545625586
0.4079081632653061
0.4011425732737208
0.4094926746579489
0.3968086354569987
0.4407871198568873
0.455026455026455
0.43622177562359615
0.41702598120508566
0.4140147862423658
0.3889461744689627
0.3558111860372868
0.3558111860372868
0.3548157921445245
0.34228255404725993
0.3376798995460253
0.3395476483391691
0.3395476483391691
0.31709750566893424
0.3281807372175981
0.3281807372175981
0.3004081632653061
0.3113509558218238
0.3224794760630938
0.3224794760630938
0.32011720538412236
0.33133253301320525
0.32011720538412236
0.34274005774424887
0.33133253301320525
0.32968850500781033
0.31854214123006835
0.32164872573373815
0.31055560624030654
0.31055560624030654
0.31055560624030654
0.31055560624030654
0.31055560624030654
0.31055560624030654
0.3181011120456032
