1.0
0.7721275842895415
0.7653980198269397
0.7692268173645004
0.7572552141378761
0.7461290757987697
0.7392137264700983
0.7525645102596802
0.7445346943703844
0.7353136320811051
0.7237514094315846
0.6962000053221215
0.7028914662238175
0.6955797249057474
0.679463679909263
0.6662030407933812
0.6678379189180802
0.6906229517341403
0.702109896782028
0.6859413858012393
0.7284166959890468
0.7174483948529973
0.7081891580161477
0.6928973558991163
0.6877530434782608
0.6759803312445636
0.6680466158164856
0.6788541944666845
0.6635838887648691
0.6658230942332718
0.6592390583732606
0.6365881384500803
0.6314174470610372
0.6506846038643965
0.6421990746685942
0.6357641725358592
0.6217662015549383
0.6476634428385675
0.6408770227385979
0.6319718845700381
0.6234262623825823
0.6394241620854422
0.6347854745006668
0.6155694249220803
0.6351846200793408
0.6312472530922333
0.6419485835006995
0.628053639414989
0.6217738151102769
0.6088674635578074
0.6096619291088826
0.5947995302801543
0.6002205024912541
0.588292014514451
0.588292014514451
0.6032574080252343
0.5963739584287153
0.6077081068019814
0.5986306655539703
0.5924985366292944
0.6031943285306822
0.6062332856163091
0.6042909660700295
0.5899972092469999
0.5965783716279026
0.5948642907717725
0.5921771859809726
0.6104696104744117
0.5909119170488839
0.602179485910544
0.5917958880356701
0.5889621700486831
0.6148457021968082
0.6054017404248594
0.6051139430516073
0.6147843185449183
0.6578391299283999
0.6531311806929043
0.650801435673362
0.6473782917871376
0.6398489226638757
0.651339075035394
0.6520438565835224
0.6499927731740219
0.6508058326937836
0.6443478897649327
0.6302047614382287
0.6283500399729414
0.6174146718146718
0.6231704033679264
0.6182419351864941
0.6145007631332775
0.5880737807445192
0.5821785812608975
0.6042238702558443
0.6260282890453926
0.6231302516835184
0.6445685265327854
0.6178590505789069
0.6321886933302707
0.6270872522066271
0.6364825807023898
0.6368336380255941
0.6094224703094792
0.6040726954236917
0.6021681010803882
0.6013413145470857
0.6261144983767519
0.6162091026565931
0.6198446096476169
0.6331928534235876
0.628696211917508
0.6470588235294118
0.6322635944235763
0.6347615376142747
0.6324657511049396
0.6319762299375692
0.6274963320963148
0.6311709506323949
0.623896122028692
0.6157544864552406
0.6155199254171101
0.6109727879784979
0.6311908420545367
0.6233867205722282
0.6012429378531073
0.6013378179207135
0.5983310310897496
0.5904087007598007
0.618328212131558
0.6170992106309273
0.6135690976701829
0.6257171785352683
0.6204076748175037
0.6134969325153374
0.6101764802902854
0.5988475996795465
0.5950041373603641
0.6124237477446516
0.6146857458061585
0.6187727825030377
0.6095304590679002
0.6054129806429009
0.6012482207379831
0.6155646050352105
0.6094259128623736
0.5979628118116663
0.5915759107274638
0.5975531524926686
0.5881665348781242
0.5716327016636614
0.5928912118690746
0.5949154942876027
0.5905110350525198
0.585353183551552
0.606132046957552
0.6008054275659398
0.5854416654619055
0.6166174279066119
0.6082374729373712
0.6080193389037785
0.5914014983424261
0.5889874362971794
0.6112155513779449
0.6050597890424443
0.59164115533076
0.6107890737428214
0.6060923945935042
0.5911208366335969
0.6107811473615065
0.634640185710601
0.6286099207429808
0.6186846658753878
0.6224044516034558
0.6139436103991212
0.6114886636592654
0.6016426504545056
0.59849592955395
0.5825281270681668
0.6085183368085367
0.6191117092866757
0.6304082925798957
0.624061622821333
0.6033960076203098
0.6059557477957078
0.6017724954055957
0.5975842667630207
0.5975736209041891
0.6120323541332582
0.6120468528583473
0.6095002973347989
0.6200555989606992
0.6284898825423543
0.5897097625329816
0.5844178998038866
0.5842614145031334
0.5842614145031334
0.5771672465119615
0.5735096248721767
0.6044159462605675
0.5967264462652075
0.5845322022888366
0.6160578237937097
0.6053687505015649
0.5957446808510638
0.5929702711925647
0.5929702711925647
0.5874204492983478
0.5991727884437311
0.5991727884437311
0.5866754508770485
0.5822127327598595
0.6069108092144123
0.6068918515994377
0.5955247735748534
0.5897960488459817
0.5897960488459817
0.5897960488459817
0.6017893007120686
0.5943054828504449
0.5943054828504449
0.5999190028349007
0.6154969118472768
0.5963453282686386
0.5963453282686386
0.5911903325962161
0.5880687750887533
0.5849923430321593
0.5705726626724258
0.5705726626724258
0.5970659450220767
0.582268256758683
0.579189927544839
0.5834441489361702
0.6087875585082289
0.6055512217217344
0.5965698743294633
0.5883416177135111
0.5863548540887763
0.572868026542148
0.572868026542148
0.572868026542148
0.5892757306226175
0.5842833257333941
0.5793221879892924
0.5761761660647996
0.5912136217991155
0.5879673763372524
0.5777731003999158
0.5745481333368413
0.592964824120603
0.5835708298407376
0.5771935188015898
0.6044241654152709
0.5864365122460061
0.5800863325805438
0.573268921095008
0.6156414919943946
0.6121188498785717
0.6201254105703194
0.6165835597623242
0.5850387732493733
0.5850387732493733
0.5801813887025751
0.5719786470639713
0.5719786470639713
0.6029376208897486
0.6305268945887376
0.6268368757837872
0.6238025653515181
0.6393104366347178
0.630826148713375
0.6127326215581925
0.5863990010565748
0.5743113388853299
0.5701024021437459
0.5854083344084634
0.588433734939759
0.5782751725472489
0.5782751725472489
0.5696864111498258
0.5646603195094401
0.5646603195094401
0.5571414794097791
0.5824540247211335
0.5751800368447496
0.5644741235392321
0.5517482284839815
0.5517482284839815
0.5517482284839815
0.5378747678429292
0.5596292901517466
0.5474055963053518
0.5438554789636321
0.5438554789636321
0.5438554789636321
0.5661158499589565
0.5515278716516666
0.5442322057411162
0.5367283514620709
0.5294865456600042
0.5227080692860161
0.518547086459575
0.5628968853946175
0.5482950277902959
0.544519133275752
0.544519133275752
0.5949450188741179
0.5893099059895727
0.5788053477247639
0.584313066845818
0.5786908663137551
0.5670549084858569
0.5590682196339434
0.6083450659157814
0.599272173324306
0.599272173324306
0.5792682926829268
0.5851428571428572
0.5792682926829268
0.584640369246549
0.5746163382208352
0.5746163382208352
0.5746163382208352
0.570689039628704
0.5826273075894052
0.570689039628704
0.5724863948612722
0.5560394631588303
0.547498346925281
0.5337596471885336
0.5310110074709341
0.5310110074709341
0.5544909065537932
0.5502325581395349
0.538072948046531
0.5289348616158792
0.5289348616158792
0.5552858945733424
0.5643511039310716
0.5779467680608364
0.5641025641025641
0.5732474609858806
0.5641025641025641
0.5616377829053955
0.5555009823182712
0.5456320156173743
0.5403225806451613
0.5403225806451613
0.5424848766868311
0.5759708105290592
0.5670506071819461
0.5645789009392351
0.5773238633418011
0.5595084421954871
0.5353850880786563
0.5422851766673635
0.5547723475355054
0.5547723475355054
0.5503054351798674
0.591230315508319
0.591230315508319
0.5745173745173745
0.562613230853692
0.5529322162985529
0.543733681462141
0.543733681462141
0.5907990314769975
0.5810468065483053
0.5717566016073479
0.5669594167958212
0.5604824813325675
0.5409565695437053
0.5340411558669002
0.5099869735128094
0.5752840909090909
0.5779500430663221
0.5598642753271934
0.557163531114327
0.5526204692117483
0.5234751090219176
0.5082152974504249
0.5183974756296839
0.5481189066331719
0.5274757740486883
0.5181399196407469
0.5807351077313054
0.5659305993690852
0.5342876789398012
0.5317613388913084
0.5606157793457345
0.5579316948611555
0.5381211278290555
0.5325034578146611
0.5457724491070314
0.5362137862137862
0.5081926820253788
0.6036534154535275
0.6083808993456773
0.5815925542916236
0.570054483083339
0.5621737384553608
0.5466472303206997
0.5389991428759807
0.5266654014044411
0.5147012529119184
0.5453652145430724
0.5192847353651374
0.4906928645294726
0.48369250562881955
0.4784179501806427
0.5142322597888548
0.506781914893617
0.5641747923438064
0.5434938892882818
0.530161427357689
0.5070779632368476
0.5803389830508474
0.5612229679343773
0.5476932205904168
0.5519681556833259
0.5544468546637744
0.536215205351363
0.5250637213254036
0.5548504079782411
0.5321390937829295
0.5583517068349426
0.5315962863132675
0.5980494881921496
0.585844093735055
0.571451216612507
0.5467168745587196
0.5679012345679012
0.5432756324900133
0.5432756324900133
0.6121457489878542
0.5857760691975012
0.5677165354330709
0.5730337078651685
0.5555555555555556
0.5358257945720919
0.6094567922423411
0.5911597522694494
0.5906062905809933
0.5906062905809933
0.5716179272636899
0.6093614059509309
0.593963504280896
0.0
0.0
0.0
0.0
0.0
0.0
0.0
0.0
0.0
0.0
0.0
0.0
0.0
0.0
0.0
0.5673624288425048
0.5388914764788076
0.5318559556786704
0.5173534838766365
0.5293861558554637
0.5201342281879194
0.4807936911727296
0.5172356919016988
0.486150597027049
0.4625237191650854
0.4117377699763413
0.4976218787158145
0.4739613809245173
0.4609628336243452
0.5155540320507327
0.5394176741018218
0.501466275659824
0.4933397917171228
0.4750377014048734
0.4462874579453877
0.455994455994456
0.44410390008428474
0.4028946979766652
0.388431558242879
0.4608150470219436
0.42529370022865254
0.45590433482810166
0.4431482090042721
0.4115453460620525
0.4014125956444968
0.43160377358490565
0.3980806142034549
0.4252005295537731
0.4073445455948156
0.4462474645030426
0.4272827979110619
0.44993608862377504
0.4280318925723878
0.4315849026105229
0.46386379430159835
0.47494157361724226
0.4505948865074677
0.43807178043631245
0.432113920942794
0.4236880115551276
0.4338641533961651
0.4143784323514728
0.451693851944793
0.505705116776609
0.47128643742363413
0.5110826158637113
0.5137372977041776
0.48852701702442636
0.4747446867237096
0.45215180679135647
0.44580372402626606
0.4429422751934537
0.5046007717423567
0.5637149028077754
0.5178402273444901
0.48338368580060426
0.530879345603272
0.5280112044817927
0.5308790987728828
0.53404405109122
0.513094179266726
0.4886485433109227
0.4895770087026918
0.48721047331319234
0.46858168761220825
0.4676045175351694
0.46888842016452226
0.5197814207650273
0.5112107623318386
0.526177724341458
0.5329448677722994
0.47987085057007367
0.5260758367619259
0.5349483275919547
0.5652124645892351
0.5707172495554238
0.535250563365168
0.5516562807477862
0.5063161137927493
0.484613816996128
0.5114107883817427
0.5035020222945644
0.4826466409579866
0.4693112295243734
0.49497991967871485
0.503388786198398
0.48105982198302627
0.5191696674433383
0.5014023732470334
0.5291144803339926
0.5630417196348088
0.5834730538922156
0.5830508474576271
0.5918984280532044
0.5751351351351351
0.5376
0.5737895716945997
0.5792323426783781
0.5327102803738317
0.5376404494382022
0.5588576735546784
0.5990871967331252
0.553142594507641
0.5689981096408318
0.49735806632939855
0.5441025054341608
0.5441210710128056
0.5659968716159307
0.5355023081996043
0.5593570608495981
