1.0
0.9823410696266398
0.9542168674698795
0.9711691259931896
0.9296543359611886
0.8229593738352591
0.8866498740554156
0.8528174936921783
0.8316633266533067
0.833071316278405
0.7926922100989596
0.84645225879114
0.8574610244988864
0.8281523642732049
0.8912846118928733
0.8821997708572024
0.9027213012198937
0.8821478382147838
0.8111627906976744
0.7442045567605213
0.8602561651691837
0.9292127071823204
0.9267610013994713
0.8551695559085573
0.8903085299455535
0.9285550195267631
0.8532150130928134
0.9458243692548406
0.9501466275659824
0.8883575501195512
0.829683698296837
0.7773367239347516
0.825
0.8560303094085455
0.9017142054236336
0.8493547537529629
0.7882623705408516
0.7123552123552124
0.6865777637497041
0.7200321156162184
0.7078850168620524
0.7002960601229788
0.709992486851991
0.7172859450726979
0.682095006090134
0.6884626562045917
0.5919343103627481
0.5707644628099173
0.531058705469142
0.6257607613145956
0.5646025283908293
0.5080773606370876
0.5094217024041585
0.5056374674761491
0.5409836065573771
0.5579150579150579
0.5763546798029556
0.6255984679221194
0.6879372120798498
0.6737481031866465
0.6183745583038869
0.5926123246315042
0.6071065989847716
0.6559139784946236
0.6444444444444445
0.5940778736302168
0.6593406593406593
0.5916445303066892
0.5524017467248908
0.5817075728970003
0.5765765765765766
0.6473354231974922
0.6197832603181923
0.6197832603181923
0.6593650012306178
0.6573426573426573
0.6300233341975628
0.6338028169014085
0.6221198156682027
0.618421052631579
0.6015384615384616
0.5822784810126582
0.6282507528059129
0.6867501999466809
0.8008968609865471
0.8265615524560339
0.7702702702702703
0.7845220030349014
0.7580645161290323
0.7869147659063626
0.7852028639618138
0.7424058323207776
0.7308612440191388
0.7382198952879581
0.7519729425028185
0.681766704416761
0.7209437809496068
0.6926136363636364
0.6807387862796834
0.7152954481198756
0.7510204081632653
0.6988950276243094
0.8102697998259356
0.8703284258210645
0.8362676056338029
0.8234614273331408
0.7979139504563233
0.8292682926829268
0.8455026455026455
0.772207267833109
0.8141184817311103
0.7909763835037011
0.8171886380189366
0.796875
0.8284850774461655
0.9202685690306337
0.8594408272692455
0.8870967741935484
0.8479327259985985
0.8647798742138365
0.7930391547545059
0.7875894988066826
0.7712437518376948
0.7835941716135996
0.7227797290516809
0.6846430405752439
0.6931934493346981
0.6825396825396826
0.65625
0.720666161998486
0.79491833030853
0.7880478087649403
0.9529411764705882
0.900523560209424
0.8846778559826746
0.9205244848809205
0.9214285714285714
0.9335600313889616
0.9130212330519314
0.9639498432601881
0.9515214027849407
0.919740777666999
0.9081735620585267
0.8560700876095119
0.8717277486910995
0.8772151898734177
0.7396900446545837
0.7690253671562083
0.8210846426761277
0.8245785487417542
0.8627648839556004
0.8832644628099173
0.9612762476138533
0.9351904491188175
0.8857639895621919
0.7313943541488451
0.7151265450264862
0.6479576843961211
0.6500579374275782
0.6882352941176471
0.6762716847985887
0.7312334412717103
0.6345475910693302
0.6780643291799479
0.6574448243705315
0.695364238410596
0.6298600311041991
0.7255520504731862
0.6574448243705315
0.684995340167754
0.6380832282471627
0.6901408450704225
0.6380832282471627
0.6436567164179104
0.6409937888198758
0.633578431372549
0.6675078864353312
0.6561043802423113
0.7237464522232734
0.6965299684542586
0.7004350528278434
0.6987577639751553
0.7161311692613448
0.7053833605220229
0.7952886529528865
0.8148873653281097
0.7524630541871922
0.7657546879803259
0.7570433202059982
0.7131594906003639
0.7352601156069364
0.7625649913344887
0.7786766830395839
0.6095
0.6571785268414482
0.5848834471391571
0.6010230179028133
0.5527803958529689
0.5528056848811566
0.5006799637352675
0.47991120976692564
0.4392049883086516
0.44144144144144143
0.4206377014716188
0.49605885444035736
0.6137176938369782
0.7270233196159122
0.749251497005988
0.8756218905472637
0.8232428670842032
0.7948278814865559
0.8672785033533357
0.8852459016393442
0.8049634107540566
0.8083230198019802
0.7810596833130329
0.7138319376263356
0.7211184694628403
0.7282658170232135
0.8140703517587939
0.7418326693227092
0.6786703601108033
0.7030742314421394
0.6808309726156752
0.6629532795271115
0.7579403272377286
0.7721331689272503
0.7740784780023782
0.7760778859527121
0.8000445583156957
0.0
0.0
0.0
0.5401705565529623
0.0
0.0
0.4154575066627184
0.4204486176317162
0.38671294000991574
0.352394007637325
0.3097028958254983
0.2714203565267395
0.2588211907365073
0.25521251002405776
0.0
0.2683541644785212
0.34311708003899055
0.26383567475521497
0.26044178643773513
0.21572044391451894
0.20481927710843373
0.20023837902264602
0.11307972902553413
0.10803421818502514
0.07075962539021852
0.05566055566055566
0.0
0.0
0.0
0.0
0.0
0.0
0.0
0.0
0.0
0.0
0.0
0.0
0.0
0.0
0.0
0.0
0.0
0.0
0.0
0.0
0.0
0.0
0.0
0.0
0.0
0.0
0.0
0.0
0.0
0.0
0.0
0.0
0.0
0.0
0.0
0.0
0.0
0.0
0.0
0.0
0.0
0.0
0.0
0.0
0.0
0.0
0.0
0.0
0.0
0.0
0.0
0.0
0.0
0.0
0.0
0.0
0.0
0.0
0.0
0.0
0.0
0.0
0.0
0.0
0.0
0.0
0.0
0.0
0.0
0.0
0.0
0.0
0.0
0.0
0.0
0.0
0.0
0.0
0.0
0.0
0.0
0.0
0.0
0.0
0.0
0.0
0.0
0.0
0.0
0.0
0.0
0.0
0.0
0.0
0.0
0.0
0.0
0.0
0.0
0.0
0.0
0.0
0.0
0.0
0.0
0.0
0.0
0.0
0.0
0.0
0.0
0.0
0.0
0.0
0.0
0.0
0.0
0.0
0.0
0.0
0.0
0.0
0.0
0.0
0.0
0.0
0.0
0.0
0.0
0.0
0.0
0.0
0.0
0.0
0.0
0.0
0.0
0.0
0.0
0.0
0.0
0.0
0.0
0.0
0.0
0.0
0.0
0.0
0.0
0.0
0.0
0.0
0.0
0.0
0.0
0.0
0.0
0.0
0.0
0.0
0.0
0.0
0.0
0.0
0.0
0.0
0.0
0.0
0.0
0.0
0.0
0.0
0.0
0.0
0.0
0.0
0.0
0.0
0.0
0.0
0.0
0.0
0.0
0.0
0.0
0.0
0.0
0.0
0.0
0.0
0.0
0.0
0.0
