1.0
0.6616670237840154
0.8177777777777778
0.8269369153274166
0.8042165107189387
0.7820542817033224
0.6360219095693266
0.662621359223301
0.662621359223301
0.662621359223301
0.662621359223301
0.6190854870775347
0.6190854870775347
0.6190854870775347
0.7207512532655511
0.5195520121488231
0.7310939682925348
0.6019686676833496
0.6019686676833496
0.6418346479696173
0.6418346479696173
0.5543470584080796
0.6128191766545076
0.5304266223922616
0.5372168284789643
0.44953664700926704
0.5232661266481404
0.5897586815773985
0.6048049371831606
0.5928539920599912
0.5928539920599912
0.5922860942810699
0.7037654115294901
0.6890462307371928
0.6890462307371928
0.6788241698421339
0.6788241698421339
0.6788241698421339
0.6788241698421339
0.7033677593174674
0.7033677593174674
0.6204111600587372
0.6204111600587372
0.66823087752229
0.66823087752229
0.6276329219634407
0.6276329219634407
0.6465684912475688
0.45163014430785675
0.4820859872611465
0.561973150171714
0.7017741481272881
0.7017741481272881
0.7017741481272881
0.7017741481272881
0.717484772482981
0.717484772482981
0.729043414944935
0.729043414944935
0.7740562546262029
0.7389891696750902
0.6969090117544623
0.6969090117544623
0.6688145394465097
0.6688145394465097
0.69791927801454
0.69791927801454
0.6890497586952904
0.6890497586952904
0.45806688717383315
0.4502890173410405
0.6566147859922179
0.6327900287631831
0.6247216035634744
0.5161561057490558
0.4429550803233398
0.4407901435699012
0.43329150982852366
0.4345702109967779
0.4182951304531531
0.4365743721828719
0.44415069398545937
0.44415069398545937
0.46255201109570043
0.4452629775569642
0.3939996385324417
0.3861140630534892
0.2948717948717949
0.2933552766920387
0.469250947245701
0.2568710359408034
0.16282894736842105
0.21686746987951808
0.41916167664670656
0.41916167664670656
0.39776075427224517
0.39776075427224517
0.43022694350555285
0.3794317915003522
0.5209923664122137
0.46598846037048286
0.664504971897968
0.21614583333333334
0.22556390977443608
0.235874931431706
0.5824175824175825
0.5824175824175825
0.5871056241426612
0.5871056241426612
0.606278613472858
0.6112320417936439
0.616151131409591
0.616151131409591
0.5758818703855619
0.567253803042434
0.665894248999368
0.5930902111324377
0.5121698601760746
0.5216494845360825
0.5595172792100932
0.4682179341657208
0.18963675213675213
0.22270742358078602
0.21181906614785992
0.21181906614785992
0.24428606537232736
0.24428606537232736
0.22992045162945857
0.22992045162945857
0.21624445024810657
0.21624445024810657
0.2737994945240101
0.2737994945240101
0.2293475217026043
0.2293475217026043
0.2159024956471271
0.2159024956471271
0.18328155888167186
0.18328155888167186
0.1700325732899023
0.1700325732899023
0.205607476635514
0.205607476635514
0.583552384528727
0.583552384528727
0.5470459518599562
0.5470459518599562
0.5397796817625459
0.2073448163795905
0.6372413793103449
0.6372413793103449
0.5975049244911359
0.6483739837398373
0.8314855875831486
0.8314855875831486
0.500459981600736
0.500459981600736
0.7068965517241379
0.7068965517241379
0.6523929471032746
0.6523929471032746
0.6423487544483986
0.519650655021834
0.519650655021834
0.6174384647476012
0.6060606060606061
0.5972850678733032
0.5487349647449191
0.5487349647449191
0.5198019801980198
0.5198019801980198
0.502398604448321
0.502398604448321
0.5589451913133402
0.5589451913133402
0.5589451913133402
0.5589451913133402
0.5507548152004165
0.5507548152004165
0.5514360313315927
0.5514360313315927
0.547915538711424
0.609446598519563
0.5968586387434555
0.5968586387434555
0.7004608294930875
0.7004608294930875
0.7083716651333947
0.7083716651333947
0.6930955993930197
0.21686746987951808
0.2558795860771402
0.2558795860771402
0.6307796152548093
0.6361494446314372
0.5928338762214984
0.5928338762214984
0.7036485480268057
0.7036485480268057
0.6535008976660682
0.6535008976660682
0.7687434002111933
0.7687434002111933
0.7066171505739365
0.16465207448546226
0.5025809479117785
0.32053539978865797
0.4501770359129995
0.4501770359129995
0.1826086956521739
0.1826086956521739
0.2874251497005988
0.2874251497005988
0.2828729281767956
0.2828729281767956
0.55
0.55
0.6681707740367928
0.6617394293571675
0.6475268073331027
0.6410958904109589
0.6514161220043573
0.6446280991735537
0.5304857044436789
0.5304857044436789
0.40425531914893614
0.40063897763578277
0.4391959798994975
0.4391959798994975
0.4063097514340344
0.43902439024390244
0.5283842794759825
0.5283842794759825
0.5614035087719298
0.5614035087719298
0.5331833520809899
0.5331833520809899
0.5278969957081545
0.5278969957081545
0.6049901878329128
0.6049901878329128
0.6833284328138782
0.5344418052256532
0.5991332611050921
0.5991332611050921
0.4873864783047427
0.4873864783047427
0.4078590785907859
0.4078590785907859
0.4244521337946944
0.4244521337946944
0.2202797202797203
0.2202797202797203
0.35872235872235875
0.422508038585209
0.2267818574514039
0.2267818574514039
0.15571776155717762
0.15571776155717762
0.1663619744058501
0.1663619744058501
0.3920485919381557
0.38840262582056895
0.32727272727272727
0.6239187664535539
0.0
0.0
0.0
0.0
0.5516866158868335
0.5516866158868335
0.6601590744757773
0.6601590744757773
0.3720340518022097
0.36645851917930417
0.37221408817309254
0.37221408817309254
0.6014644351464435
0.6014644351464435
0.44373593398349587
0.44373593398349587
0.4629128316188414
0.4629128316188414
0.4772727272727273
0.4772727272727273
0.47368421052631576
0.47368421052631576
0.46836363636363637
0.35994587280108253
0.3954732510288066
0.3954732510288066
0.28023681984775867
0.3402347355927733
0.3402347355927733
0.3395236172789665
0.334983498349835
0.334983498349835
0.334983498349835
0.334983498349835
0.5341335333833458
0.19350811485642946
0.18751718449271376
0.17042330951072018
0.17042330951072018
0.13354531001589826
0.6680060271220493
0.5909090909090909
0.5868193503154943
0.23947868585392343
0.25401827923101167
0.25401827923101167
0.06725380304243395
0.06725380304243395
0.1372175333514838
0.1372175333514838
0.31808141369517196
0.31808141369517196
0.29374605180037905
0.29374605180037905
0.2977346278317152
0.2977346278317152
0.3089700996677741
0.30952046125720717
0.28655400440852313
0.2608695652173913
0.26735661923242776
0.24972253052164262
0.24407350259503435
0.28343558282208586
0.2927962819519752
0.2927962819519752
0.2579425113464448
0.2612137203166227
0.19667013527575442
0.1990324809951624
0.3542310936182176
0.35167936776742875
0.4581929555895865
0.21514195583596216
0.17424708051628765
0.17424708051628765
0.0946514423076923
0.0946514423076923
0.0
0.0
0.0
0.0
0.23811659192825113
0.23811659192825113
0.18849840255591055
0.18604651162790697
0.25789239662072033
0.28793256433007985
0.33210332103321033
0.13615384615384615
0.1374223602484472
0.0843819393042191
0.11926605504587157
0.10946051602814699
0.07202016564638099
0.07348029392117568
0.15616438356164383
0.15616438356164383
0.08238636363636363
0.2144588045234249
0.15098861593768723
0.1457965902410347
0.16040738383195416
0.18205546492659053
0.14207474226804123
0.06726986624704957
0.04457050243111831
0.1609344581440623
0.07684247293049248
0.07681755829903979
0.10144927536231885
0.15176624509376363
0.09819121447028424
0.10061782877316858
0.2226148409893993
0.03975993998499625
0.041979010494752625
0.041979010494752625
0.1314441789006487
0.1314441789006487
0.054890219560878244
0.054890219560878244
0.07354001441961067
0.055133079847908745
0.05660377358490566
0.05487228003784295
0.051921384570255205
0.05212702216896345
0.17444981213097155
0.14391657010428738
0.18078381795195955
0.18279231011660887
0.01533406352683461
0.015122353588122079
0.0
0.0
0.07905138339920949
0.07905138339920949
0.0
0.014349073832507175
0.0
0.0
0.0
0.0
0.2118445082181059
0.21009055627425616
0.1986111111111111
0.19572953736654805
0.14673531476714252
0.19911504424778761
0.22502497502497504
0.2275827229098257
0.12063715155774186
0.13332548835020006
0.15683136627325464
0.21932858596134283
0.20306761719593866
0.03312027890761186
0.06842923794712286
0.0692167577413479
0.08197343453510436
0.0831129580657348
0.0
0.0
0.0519730510105871
0.0519730510105871
0.01913536498936924
0.0
0.056429548563611494
0.03708791208791209
0.0
0.8444055944055944
0.26846049883278045
0.26604164130037744
0.8759964570416298
0.41732925586136593
0.7774167343623071
0.0
0.04215091066782307
0.04215091066782307
0.0
0.0
0.0
0.0
0.0
0.0
0.0
0.0
0.0
0.0
0.9593421653723161
0.7286962855061908
0.7665847665847666
0.8064516129032258
0.8060319337670018
0.7906772207563765
0.8522567984300533
0.8449138410227904
0.0
0.0
0.6333793103448276
0.6636338571822443
0.717065036131184
0.717065036131184
0.7521613832853026
0.7521613832853026
0.41470311027332707
0.41198501872659177
0.4157239819004525
0.4157239819004525
0.38617999442741713
0.38617999442741713
0.36756683033278775
0.3603082851637765
0.34004968258349433
0.3314393939393939
0.32362459546925565
0.32362459546925565
0.19577133907595928
0.19577133907595928
0.17466231951560315
0.17466231951560315
0.3382860175112762
0.3382860175112762
0.32432432432432434
0.31739572736520855
0.3581007611453425
0.36610169491525424
0.5095541401273885
0.49677573441604966
0.7107162687395892
0.6956521739130435
0.1956521739130435
0.4634858812074002
0.4561717352415027
0.4561717352415027
0.3831851253031528
0.18860016764459347
0.32771535580524347
0.32771535580524347
0.23615819209039549
0.5240443896424167
0.5146443514644351
0.5146443514644351
0.3252788104089219
0.3252788104089219
0.3252788104089219
0.3252788104089219
0.2050300710770913
0.2050300710770913
0.18447663295982508
0.18447663295982508
0.18447663295982508
0.35519265118652715
0.3946146703806871
0.3946146703806871
0.375609756097561
0.375609756097561
0.2862108922363847
0.28423475258918296
0.3306144643828168
0.33423765599565924
0.3440424993675689
0.3417085427135678
0.548723897911833
0.548723897911833
0.19390979603562195
0.34312341146568764
0.5567921440261866
0.1465603190428714
0.18433029908972692
0.3638698630136986
0.20541245516791654
0.20541245516791654
0.22743682310469315
0.21179792908691558
0.2222222222222222
0.2222222222222222
0.19047619047619047
0.19047619047619047
0.17462482946793997
0.17462482946793997
0.2244039270687237
0.22167487684729065
0.26486168334314303
0.2622563496751329
0.2788104089219331
0.27611940298507465
0.7958236658932715
0.8134171907756813
0.732152739346984
0.72552783109405
0.3258845437616387
0.3258845437616387
0.2776334776334776
0.28049482163406214
0.2875924404272802
0.7155196433546949
0.6770341571785615
0.3181818181818182
0.3038130381303813
0.2808413871517908
0.7767600104684638
0.6683480453972257
0.7373913043478261
0.637114951164538
0.6529167683670979
0.6529167683670979
0.6333652007648184
0.6379680419747198
0.2631578947368421
0.0
0.0
0.0
0.4715357861980597
0.4359616186900292
0.34208854056343996
0.33256928526776414
0.3125
0.3125
0.3184834123222749
0.34189483886600436
0.4174852652259332
0.40481927710843374
0.40063593004769477
0.34545454545454546
0.32910372608257804
0.34649476228847703
0.3378250142342
0.33453716023569663
0.35580935646826267
0.36876929863255403
0.4253527537551206
0.44570908263145914
0.41117177656446874
0.3531296731467635
0.43030575539568344
0.5143202904396934
0.535586765055939
0.535586765055939
0.4570873786407767
0.4570873786407767
0.4570873786407767
0.4570873786407767
0.35841542653531755
0.35841542653531755
0.3177570093457944
0.3177570093457944
0.1722038615411376
0.25229044167920145
0.24547524871149468
0.24547524871149468
0.42690243132301864
0.42690243132301864
0.0
0.0
0.0
0.0
0.11246251249583472
0.2188715953307393
0.2976800241036457
0.2976800241036457
0.29523480662983426
0.29523480662983426
0.34267470734302946
0.33273989674203314
0.37410071942446044
0.37410071942446044
0.4442358242583552
0.4442358242583552
0.42653352353780316
0.347693480747236
0.303894297635605
0.0
0.0
0.0
0.06988934187536401
0.07006276455991826
0.07205067300079177
0.07348117045007217
0.0828622816032888
0.07573415765069552
0.10722795869737888
0.1138633639632441
0.0
0.0
0.0
0.0
0.0
0.0
0.0
0.0
0.0
0.47959287531806616
0.38882046423495975
0.3844496487119438
0.4199679413785207
0.12152501985702939
0.1288735204149488
0.0
0.1237918707798226
0.0
0.0
0.0
0.0
0.0
0.0
0.0
0.0
0.0
0.0
0.0
0.0
0.0
0.0
0.0
0.0
0.0
0.0
0.0
0.0
0.0
0.0
0.0
0.0
0.0
0.0
0.0
0.0
0.0
0.0
0.0
0.0
0.0
0.0
0.0
0.0
0.0
0.0
0.0
0.0
0.0
0.0
0.0
0.0
0.0
0.0
0.0
0.0
0.0
0.0
0.0
0.0
0.0
0.0
0.0
0.0
0.0
0.0
0.0
0.21415020645017296
0.2162398774348873
0.29605263157894735
0.2934144751141056
0.2652200120554551
0.2545068928950159
0.21447253705318223
0.1123404255319149
0.10105263157894737
0.1011544804837823
0.10922093401235236
0.12885344743751823
0.49814867559099973
0.41817201401995147
0.3411042944785276
0.3397702273282816
0.512428870919437
0.512428870919437
0.1559879235155988
0.15128312999579302
0.0
0.0
0.0
0.0
0.463531669865643
0.4124116260801257
0.32900745013217975
0.3447024673439768
0.013567784652122002
0.36418922870007603
0.3495730788548468
0.09049773755656108
0.08644362792496615
0.08706661472536034
0.09478442618966607
0.09478442618966607
0.10049008587743356
0.10846477154607494
0.0866938190932283
0.09398936649544921
0.18122111408416444
0.18153272495339023
0.21923879040667363
0.22018308820339277
0.2863896717883444
0.22299982719889408
0.11020818822072595
0.1097844627073965
0.15694761732996673
0.15694761732996673
0.1338417825631823
0.13295699324073387
0.18825224944494215
0.18695601717535104
0.08759040730871717
0.22649451826720698
0.2081195427131155
0.1514629948364888
0.10390343756617491
0.10390343756617491
0.1164337990685296
0.11498607242339833
0.10044496316288569
0.11702362552439832
0.12352567271699978
0.12843258526241386
0.12552152052205542
0.11884550084889643
0.15825494875754598
0.16263782129317242
0.19068008278027546
0.27634554500226144
0.09127600124185035
0.09127600124185035
0.095
0.10080982965652052
0.09391529208948791
0.09301152458189438
0.07459935897435897
0.07420100422411732
0.11009022431917888
0.10948304247612775
0.053357939500922734
0.05307262569832402
0.005239556289827708
0.010430370231159556
0.010430370231159556
0.010430370231159556
0.005206052644382815
0.005206052644382815
0.03761739741851238
0.04289436760873923
0.0
0.05035351982785122
0.06525486333415415
0.08058355769832821
0.019954303122619955
0.019954303122619955
0.03707048144099615
0.04530340814630091
0.0
0.0
0.0
0.03065352943976391
0.026330532212885154
0.02619472350014083
0.11949085782992662
0.11869682506744138
0.11039119804400978
0.11643528884908196
0.10869152130125793
0.11441048034934498
0.08687448405990801
0.09245722865383856
0.06697551819162108
0.07176349042358739
0.08429313239370632
0.08470985208145329
0.05344460939694258
0.06740890688259109
0.07213765718067505
0.0727362896226805
0.07339449541284404
0.07339449541284404
0.0724373576309795
0.0724373576309795
0.10802644003777148
0.10454696315964156
0.0
0.0
0.0
0.0
0.0
0.0
0.0
0.0
0.0
0.0
0.3824852890273451
0.3460717178411015
0.07719587628865979
0.07868690201253711
0.34419308586904573
0.12189905902480752
0.11495340366147878
0.09424580753062424
0.09097105466442496
0.0846731951719426
0.10956211719535607
0.10956211719535607
0.09126466753585398
0.09126466753585398
0.0733566211495713
0.07289365730514358
0.03871491742622507
0.03871491742622507
0.021611437437659316
0.021611437437659316
0.0
0.006757487295923884
0.06852009947663412
0.026664197759466716
0.025945945945945945
0.025945945945945945
0.051718599421779636
0.059361221636735136
0.017845150148709583
0.017845150148709583
0.0
0.0
0.0
0.0
0.6565278816587717
0.6791457286432161
0.6906965006729475
0.7483490566037736
0.7395030665198931
0.7162130546673945
0.7251975417032485
0.7310431814809318
0.7181562861391045
0.7361202908129544
0.7407254399735603
0.7589455416907693
0.7725619834710744
0.74568099638409
0.8655804480651731
0.8655804480651731
0.8769700050838841
0.7958998098702158
0.7958998098702158
0.7958998098702158
0.7958998098702158
0.7958998098702158
0.7958998098702158
0.7958998098702158
0.7725619834710744
0.7821127459084146
0.8492114465139513
0.8492114465139513
0.8421052631578947
0.8421052631578947
0.7582329317269076
0.7582329317269076
0.5997227783767134
0.5710133504113503
0.5710133504113503
0.5710133504113503
0.5640189685832839
0.5640189685832839
0.04809709936227114
0.0547518544321954
0.7706715760826063
0.7706715760826063
0.7753762407941083
0.7753762407941083
0.8003875968992248
0.8003875968992248
0.8052168295243479
0.8052168295243479
0.9154929577464789
0.9154929577464789
0.6956659955494331
0.7024622716441621
0.693905168375579
0.693905168375579
0.686273510372598
0.674945215485756
0.6954774603638489
0.8994170120109574
0.6791449217181854
0.6791449217181854
0.9079852665230385
0.9079852665230385
0.8700822178433104
0.8700822178433104
0.8441496920890573
0.8441496920890573
0.8410462776659959
0.8681805594018277
0.8173455102993133
0.8173455102993133
0.7937541528239203
0.7937541528239203
0.6846442935320103
0.6846442935320103
0.6247349092225728
0.6247349092225728
0.5974943784131064
0.5974943784131064
0.6128921652665866
0.1367238669111868
0.10409898894039493
0.09912430507612369
0.12384110951986131
0.15669196963643628
0.15024992649220817
0.14895245035525598
0.1699413353198622
0.1699413353198622
0.17065857041118482
0.17065857041118482
0.5990153846153846
0.5990153846153846
0.5954529050884158
0.018344519015659956
0.04401848624895825
0.0449497620306716
0.056083086053412466
0.751311647429171
0.7713442138932174
0.7713442138932174
0.7488105004101723
0.7340993688299078
0.7326133909287257
0.7247162022703818
0.7177376526818906
0.04152902312411515
0.5089690161261098
0.5063490143910993
0.47882136279926335
0.4685251254762049
0.4946689650769329
0.49191434963247044
0.48107032854209447
0.47835025054606195
0.5087902888237756
0.5087902888237756
0.5063528431576755
0.5063528431576755
0.4779493514515133
0.4774774774774775
0.0
0.0
0.0
0.7448494453248812
0.16377333770062233
0.15283842794759825
0.13777968097634086
0.4876360039564787
0.48383209479815226
0.48383209479815226
0.4315913094539049
0.4315913094539049
0.5927903871829105
0.5927903871829105
0.5353930387172467
0.5353930387172467
0.4802901593967739
0.4802901593967739
0.49848433816099696
0.49848433816099696
0.4226284273558147
0.4226284273558147
0.4249116607773852
0.4249116607773852
0.5329614027097802
0.5240120900033584
0.5551470588235294
0.5551470588235294
0.5562997598887905
0.5597660223804679
0.5183704073981504
0.5183704073981504
0.5335215243472125
0.5433636799233349
0.5142143451885334
0.5350441835128918
0.45942131263232183
0.45942131263232183
0.44812413154238073
0.3289192652712516
0.0
0.0
0.0
0.0
0.5028181937344344
0.6468380017326018
0.0
0.0
0.0
0.0
0.458604206500956
0.458604206500956
0.4717139098193996
0.45409252669039146
0.5071049054738663
0.5071049054738663
0.42851828890266586
0.42851828890266586
0.39914647922681057
0.39914647922681057
0.43707153020307854
0.43707153020307854
0.43494897959183676
0.5043103448275862
0.5581174984207201
0.5253491005157882
0.5581174984207201
0.5581174984207201
0.4888888888888889
0.4888888888888889
0.5091870123332495
0.5091870123332495
0.49906498363721363
0.49906498363721363
0.5007072135785007
0.5007072135785007
0.4722673474123927
0.4722673474123927
0.5130979498861048
0.5130979498861048
0.4273331407107772
0.4273331407107772
0.3938814531548757
0.3938814531548757
0.37593984962406013
0.37593984962406013
0.4312383322962041
0.4312383322962041
0.3944374209860936
0.3944374209860936
0.18304080237064052
0.18304080237064052
0.0
0.0
0.6744186046511628
0.6744186046511628
0.6978785662033651
0.6978785662033651
0.6128133704735376
0.6128133704735376
0.6280752532561505
0.6280752532561505
0.6332351858667649
0.6332351858667649
0.6314265025343954
0.6314265025343954
0.6171932402645114
0.6171932402645114
0.47049312853678255
0.47049312853678255
0.5112154407929056
0.5112154407929056
0.4893250688705234
0.4893250688705234
0.0
0.0
0.0
0.0
0.0
0.0
0.5479926165205353
0.5479926165205353
0.5305938135019191
0.5305938135019191
0.19790505905950523
0.19790505905950523
0.19790505905950523
0.19790505905950523
0.487264936919781
0.6489583333333333
0.6418338108882522
0.6418338108882522
0.1975728155339806
0.1975728155339806
0.24219536757301108
0.5715832205683355
0.5960537133461222
0.5481742190937088
0.47888513513513514
0.44671036659383345
0.4298543689320388
0.4298543689320388
0.40756407066434436
0.3212607132983135
0.2560021580793094
0.2560021580793094
0.2259083728278041
0.2259083728278041
0.4899744804958075
0.4899744804958075
0.5063593004769475
0.5063593004769475
0.5102850956333453
0.5102850956333453
0.486784140969163
0.486784140969163
0.546980513216284
0.546980513216284
0.4754573446839341
0.4754573446839341
0.5719424460431655
0.576318968989126
0.0
0.0
0.45683728036669213
0.4632649146364857
0.5392670157068062
0.5392670157068062
0.5563997662185857
0.5563997662185857
0.3503735745182855
0.3503735745182855
0.41328006612481055
0.41328006612481055
0.4158018078339471
0.4158018078339471
0.3809020436927414
0.3809020436927414
0.5026163591297164
0.5566224230443377
0.0
0.782922429344558
0.7872460496613995
0.7811558477129553
0.5219885277246654
0.5219885277246654
0.4624612202688728
0.5308346044889954
0.3467183041174073
0.3961687385367842
0.23536511768255883
0.2289068231841526
0.15663410022061142
0.13850593138826547
0.1424233221986031
0.36160558464223386
0.1861566484517304
0.18139865104721334
0.1774716369529984
0.31926121372031663
0.4888768312533912
0.4888768312533912
0.5952380952380952
0.6144578313253012
0.4069767441860465
0.4069767441860465
0.3807471264367816
0.3907380607814761
0.3736737400530504
0.3769255981645362
0.4342779105496757
0.42547993019197206
0.3564692568841946
0.3564692568841946
0.3712528823981553
0.3783058643158298
0.3642096964919196
