1.0
0.9035488787284999
0.8411413969335605
0.7745551076590306
0.8865153538050734
0.8695898161244696
0.8856597947507039
0.9143258426966292
0.9164326440302953
0.8273795252936945
0.8611496378486669
0.8545509986278396
0.9718472811415348
0.9034835809714071
0.805740645822655
0.87293834052271
0.8300190212692374
0.9317942723553477
0.9218163195629908
0.9969644405897659
0.9232638382660252
0.922771152754117
0.887742117913191
0.9847328244274809
0.8372141199867418
0.9645896003437903
0.910118406889128
0.8750928053738731
0.9216201998947923
0.8564707398814128
0.8779583513563616
0.807931239894477
0.8852984781095882
0.8134584633129734
0.8735569564427841
0.8535470269995682
0.8567555354722096
0.6539880783423219
0.8001119588654835
0.7453441295546559
0.6545012165450121
0.7935497266246799
0.8249574764187413
0.8870926680244399
0.8334062281315605
0.7886146080671416
0.6944891814298718
0.9134005475061762
0.8524465279812482
0.8040435109619335
0.8361308224163028
0.8823080377189043
0.9352404904118202
0.8496306347052616
0.8309438588858787
0.8669096765989912
0.7859093443196099
0.7662496273572658
0.7369462535812304
0.5815014747620902
0.5456241811468576
0.7180519605023488
0.8435546411331803
0.7681342621231274
0.6203925323121111
0.6939408687188222
0.5724710619023654
0.5741542874308362
0.5429609098728854
0.46682219531642205
0.5194166803211535
0.7389323996137678
0.8451662659347638
0.9173660170222042
0.8901760223468277
0.8055018997686315
0.8814257752137633
0.9169956257334898
0.85533547907898
0.9354867869949076
0.8532538166547586
0.7894507726909962
0.932804606442501
0.8950147300761373
0.9163164626347524
0.9140477436679335
0.8975089138289981
0.8619879926406507
0.8543496741286484
0.8554846198491004
0.8165319994869822
0.8442677904415286
0.9192741151478054
0.8928974069898534
0.9172473867595818
0.8863292024396876
0.8862119137281753
0.8310003110696351
0.7683278152814207
0.9136683314646825
0.8923776079322454
0.9695959773139216
0.9019202172366975
0.9744173586927404
0.9659471397022156
0.9649874427537303
0.8132780082987552
0.8571627356849648
0.8968695375814397
0.9490540989047461
0.8505683393401718
0.9401625697776907
0.8701041150223103
0.8819755006805367
0.8884676775738228
0.8205844220604368
0.7377506719040727
0.9081667231446967
0.8604574080212132
0.8200305630657105
0.8187919463087249
0.8661881568828506
0.8580040187541862
0.8978323699421965
0.7984077338640887
0.7851451721809588
0.7089297886843899
0.8579682233991334
0.7606375606375606
0.8041013671223741
0.8548387096774194
0.8527564549895325
0.8138528138528138
0.8381992842343191
0.8833333333333333
0.7708479327259986
0.858149090197613
0.7271329746348962
0.7704433497536946
0.8426099645611841
0.7415279727290957
0.7492824928249282
0.7919508867667121
0.8683666436940042
0.8960660514813016
