1.0
0.732592424586074
0.7155332387293963
0.7004716981132075
0.7439547581903276
0.7009593794651969
0.7254980881465084
0.7811962545385056
0.7747572815533981
0.7747572815533981
0.7385963539629137
0.7365375341584954
0.7899704071022955
0.6738593526582608
0.7722952194576461
0.7613222280062467
0.8199368408508609
0.783725410075302
0.7842031029619182
0.8533187653646545
0.8950258739043193
0.8451102317693612
0.964494751608378
0.7536140791954745
0.8914966133137754
0.907788028320103
0.8321179581697251
0.8904373610081542
0.8562456640011684
0.8597429663077457
0.8644385290348023
0.8023577086019524
0.9110725003948823
0.8796702029520295
0.9016909814323607
0.9748410731602198
0.9160569001688584
0.8381336943329287
0.904229460379193
0.9398737562854392
0.8577183770883055
0.8239487473845983
0.9312491208327472
0.8892473300847242
0.9350150627338034
0.8167551175132677
0.8998985309039573
0.8595326749770654
0.8487742757083732
0.8818455312691356
0.9524909747292418
0.8944313050956784
0.8853282502663004
0.8314501246479101
0.808405296488198
0.8074296010727455
0.8174418246579279
0.7857572452318576
0.8320134895064888
0.7634234725685786
0.7033582261346789
0.7694364139388853
0.647398494422106
0.627569611550361
0.6805373353623341
0.547138986696973
0.5586531607954944
0.4417296916023355
0.4357540254923317
0.3982005600905678
0.34990686344748534
0.33692094088555125
0.3009080182629662
0.25107193901858027
0.24613899613899615
0.23627125268712135
0.20676410313048388
0.21911017474284297
0.21746619905072312
0.2218869534738414
0.2250093207068824
0.19320563787495482
0.20788883418130094
0.236264573649318
0.27408789470482064
0.29892048752176437
0.3324925925018978
0.3864288989165319
0.3660452845504885
0.5694275274056029
0.7983459499116283
0.5427281522089649
0.5124128176364434
0.7111918871036715
0.6196768671089236
0.6157275936197882
0.6807980049875312
0.7268442058904486
0.7634646302250804
0.5551316044751988
0.5930359085963003
0.5123982877636806
0.5603717937259809
0.5364080877494384
0.5454117647058824
0.5028496273564226
0.5488065204735105
0.591597657038982
0.5407140880154996
0.5751960895759918
0.5548502994011976
0.5372492836676218
0.55098739637393
0.5670862346009641
0.5627572734249634
0.6015823473905785
0.6009745533297238
0.612104011659124
0.5789724829012247
0.6675999650013125
0.6711021382031752
0.6988323844446589
0.6228061853714069
0.6849056603773584
0.7279776006892096
0.7082452431289641
0.7723830734966592
0.7716087547916409
0.9011507001247747
0.7979469632164243
0.7102137767220903
0.7467051814406933
0.7912560473033506
0.7021650087770626
0.6970311635626038
0.652706656912948
0.7224067200625122
0.7053309900410076
0.6762718600953895
0.6821963394342762
0.608
0.6970503891847604
0.6970878238936024
0.6675919500346982
0.7545922116091109
