1.0
1.0
0.8952380952380953
0.8392857142857143
0.8270223752151463
0.8269063496665701
0.8963684676705048
0.9328959141067701
0.9453904873752202
0.8671808054841473
0.7553899387809423
0.763732129420617
0.7158108795119471
0.822289156626506
0.8741721854304636
0.8263750828363154
0.7945205479452054
0.7875848690591658
0.7758892036512434
0.784036047634374
0.7551219512195122
0.7199602780536246
0.7392156862745098
0.6841774142812205
0.7128900094547747
0.7534976682211859
0.72523244629689
0.774736147757256
0.8130841121495327
0.8204680405169402
0.8426150121065376
0.790356394129979
0.7242455775234131
0.7185134205092911
0.7538994800693241
0.735542779844437
0.7185134205092911
0.7538994800693241
0.7185134205092911
0.689286944540131
0.7128712871287128
0.7128712871287128
0.7185134205092911
0.7185134205092911
0.7128712871287128
0.7526728439059159
0.7215686274509804
0.7526728439059159
0.7215686274509804
0.7215686274509804
0.6748466257668712
0.7101343988376316
0.6989631748301752
0.720604496866937
0.6959434313360625
0.6898661567877629
0.6964549483013294
0.6908424908424908
0.6902970297029702
0.7525
0.831511839708561
0.770392749244713
0.9182509505703422
0.8820754716981132
0.8820754716981132
0.9159786304031083
0.7505720823798627
0.8241206030150754
0.813953488372093
0.9044216167932112
0.8459530026109661
0.7983471074380165
0.8174904942965779
0.7801542776998598
0.7990243902439025
0.7990243902439025
0.7804185881518269
0.8
0.8410619469026549
0.8142348754448399
0.7780082987551867
0.8232428670842032
0.8116883116883117
0.8091655266757866
0.8023058663953883
0.7889296432144048
0.802244965335094
0.7031297477970222
0.6717557251908397
0.7481676927587217
0.7076392877656519
0.7876543209876543
0.8058608058608059
0.8130582075762242
0.8058608058608059
0.7987897125567323
0.8139885438649382
0.8359133126934984
0.8393501805054152
0.8515341471461564
0.8197539075490522
0.8318496538081108
0.9120627656096764
0.9019607843137255
0.8613861386138614
0.9090909090909091
0.8577127659574468
0.7240473061760841
0.711066931742876
0.8350100603621731
0.7631578947368421
0.711066931742876
0.8094262295081968
0.6774941995359629
0.7412868632707775
0.6815623965574313
0.7480554616165032
0.6720876203119814
0.8433116660964762
0.7699115044247787
0.7282983390786587
0.6680238020670216
0.6124763705103969
0.6643154857326066
0.6211786952410967
0.6420782552918538
0.6138328530259366
0.6581141757536882
0.5693430656934306
0.6079436258808456
0.5609137055837563
0.618437900128041
0.6
0.5824
0.5069708491761724
0.5653981451870803
0.5994236311239193
0.5816005040957782
0.6581141757536882
0.5983606557377049
0.6847512038523275
0.5994236311239193
0.5816005040957782
0.5524896923564859
0.5909090909090909
0.5899779388591239
0.6211786952410967
0.5564998426188228
0.5481434864694776
0.5564998426188228
0.5188470066518847
0.5760834147930922
0.5452212957023733
0.6107667210440457
0.5542635658914729
0.6368386675375571
0.5714285714285714
0.6281423441070846
0.615014436958614
0.5714285714285714
0.5714285714285714
0.5784377017430601
0.4956126096847579
0.5894428152492669
0.562843295638126
0.5587756431129925
0.4625121713729309
0.45180136319376824
0.45425048669695
0.5445673389720235
0.4707792207792208
0.4873294346978557
0.4359591100420926
0.5004619648906683
0.4742547425474255
0.44683429263859437
0.5084020776046441
0.49651409518035766
0.4679682733374009
0.5320197044334976
0.5003054367745876
0.49651409518035766
0.5570388349514563
0.5570388349514563
0.5125872004852896
0.5125872004852896
0.5206310679611651
0.5206310679611651
0.5206310679611651
0.5125872004852896
0.5125872004852896
0.48412698412698413
0.4644262791401756
0.45182926829268294
0.44041137326073804
0.43142597638510444
0.41603630862329805
0.40359427353030763
0.5341538461538462
0.4679682733374009
0.4688908926961226
0.4644262791401756
0.45182926829268294
0.41961023142509135
0.416
0.4075495841330774
0.5112487773068145
0.42445582586427655
0.42130365659777425
0.42938931297709926
0.392
0.49757516973811833
0.45319561007101355
0.42663656884875845
0.4749185667752443
0.43548387096774194
0.5058139534883721
0.42445582586427655
0.5344325897187197
0.4546899841017488
0.4378773435017477
0.4329170669228306
0.4076923076923077
0.3920563741191544
0.36864
0.3741474504709321
0.3333333333333333
0.36343115124153497
0.35589941972920697
0.36343115124153497
0.33322591040928135
0.32603092783505155
0.32603092783505155
0.28916768665850673
0.3009118541033435
0.34978274363749223
0.31840942562592045
0.3112290008841733
0.36330498177399756
0.34615384615384615
0.32596371882086167
0.2813599062133646
0.27852998065764023
0.28885316184351556
0.3088356729975227
0.268814218272702
0.2973047304730473
0.2912160379847006
0.28507383966244726
0.2726074347482204
0.2545454545454545
0.2727991565629942
0.2739072847682119
0.2964766542537955
0.28313770397938737
0.29164265129683
0.29164265129683
0.2927519818799547
0.32045184304399527
0.3091801385681293
0.29688401615695326
0.32399653479641927
0.31755196304849886
0.31096408317580343
0.3176804286164513
0.33974156949259376
0.33112582781456956
0.3445036016285625
0.3811344805608668
0.3662420382165605
0.39268527430221367
0.3599615014436959
0.3406356062943536
0.3713203147770329
0.28187919463087246
0.2888268156424581
0.31455660903513666
0.30197723187537445
0.3065236818588025
0.31626235399820307
0.3420582986317668
0.342082239720035
0.3121922965537214
0.3186558516801854
0.33728666473821234
0.34177215189873417
0.3353507565337001
0.34177215189873417
0.3258629572385368
0.31732243229432805
0.31732243229432805
0.3392675483214649
0.34782608695652173
0.35805626598465473
0.35898747123497826
0.3155487804878049
0.33638025594149906
0.3284008307372793
0.31420410283043365
0.31322806109241524
0.2917316692667707
0.29515877147319103
0.29392488026216285
0.31079717457114026
0.31474911302584896
0.3265720081135903
0.3203223369428356
0.3462603878116344
0.36231884057971014
0.3740005158627805
0.3958709677419355
0.3786407766990291
0.3719029374201788
0.38084632516703787
0.3469557964970809
0.32109617373319543
0.28898743532889876
0.28059847927397596
0.29144178874325366
0.2952258064516129
0.43585614600107353
0.3771836950767602
0.3431128791645947
0.32970835392980724
0.33872117898740195
0.358450202044212
0.33966745843230406
0.361376673040153
0.35788456894469933
0.34725594949004374
0.3277494537509104
0.3029223093371347
0.3024970273483948
0.2905263157894737
0.27081995290087774
0.272230099250557
0.24472906403940886
0.241195092995647
0.2527821939586645
0.24579457747872552
0.24795368336993412
0.24161073825503357
0.22448979591836735
0.23225806451612904
0.24158723983660765
0.2756130013305455
0.28995840760546643
0.28169014084507044
0.3143953934740883
0.2928749759938544
0.32135959830050215
0.304648482520169
0.309702209414025
0.3185537583254044
0.4246575342465753
0.4920807116511174
0.5100671140939598
0.5393455395403194
0.5187106335679882
0.5033719522739063
0.5501182463161725
0.5021520803443329
0.4983344437041972
0.37100977198697066
0.292534281361097
0.237200259235256
0.23786486050636993
0.199870214146658
0.20881971465629054
0.21350832266325223
0.23740544020601964
0.24458700882117082
0.251892635925671
0.2697841726618705
0.27258597241111326
0.0
0.0
0.0
0.0
0.0
0.26092959042797975
0.0
0.0
0.0
0.0
0.0
0.0
0.0
0.0
0.0
0.0
0.0
0.0
0.0
0.0
0.0
0.0
0.0
0.0
0.0
0.0
0.0
0.0
0.0
0.0
0.0
0.0
0.0
0.0
0.0
0.0
0.0
0.0
0.0
0.0
0.0
0.0
0.0
0.0
0.0
0.0
0.0
0.0
0.0
0.0
0.0
0.0
0.0
0.0
0.0
0.0
0.0
0.0
0.0
0.0
0.0
0.0
0.0
0.0
0.0
0.0
0.0
0.0
0.0
0.0
0.0
0.0
0.0
0.0
