1.0
1.0
1.0
1.0
1.0
1.0
1.0
0.9983136593591906
0.912875867386276
1.0
1.0
1.0
1.0
1.0
1.0
0.9481996209728364
0.9481996209728364
0.9481996209728364
0.9481996209728364
0.8447653429602888
0.855595667870036
0.855595667870036
0.7713957495692131
0.7491995731056563
0.8362116991643455
0.797979797979798
0.8181818181818182
0.8830022075055187
0.8945334069574821
0.8234672304439746
0.9122703023117961
0.8132118451025057
0.8870333988212181
0.7760691975012013
0.7237936772046589
0.6907502977371973
0.6631578947368421
0.7402755267423015
0.6697214076246334
0.6697214076246334
0.6617808721143276
0.617816091954023
0.6567217828900072
0.6965306900495616
0.6579042131796903
0.6139731827805223
0.7283710054559626
0.719906505648617
0.6174430128840436
0.6232077359119707
0.639577139081599
0.6038426349496798
0.5200880572372042
0.5547772485289997
0.5470332850940666
0.5187343880099917
0.5159914712153518
0.4902353530295443
0.4793265659816786
0.40912109807394287
0.3852813852813853
0.36354794787006417
0.40956209012058387
0.4081272084805654
0.4256433614210886
0.4185549380076956
0.3905325443786982
0.4260813428018076
0.4400956729723853
0.4400956729723853
0.467965367965368
0.43781094527363185
0.4934256055363322
0.4512820512820513
0.43164853913414375
0.44906621392190155
0.4519332347348405
0.4382728562740726
0.41445456306917267
0.42851356824625353
0.4386292834890966
0.42704626334519574
0.41051314142678347
0.3858067045677318
0.3550161198558695
0.3912800447177194
0.34421980300673927
0.33293858907122315
0.33293858907122315
0.3337696335078534
0.35708422262354295
0.3801041841707276
0.33031218529707956
0.3342135665951477
0.3355440043018462
0.3525444512568976
0.3381518755718207
0.29522983521248913
0.2881815103284795
0.3045267489711934
0.2839973658215344
0.2839973658215344
0.28016460905349794
0.2763331138907176
0.28016460905349794
0.27533617579534275
0.2643186306780777
0.27533617579534275
0.27533617579534275
0.26370347102245956
0.26370347102245956
0.2591549295774648
0.2582657517155334
0.24527726995734309
0.2313731299066805
0.2208642514185945
0.22611850060459493
0.21957396097124982
0.21051032806804373
0.1967006850272613
0.19780683256010123
0.1989311163895487
0.20606754436176303
0.21965897693079237
0.22564469914040114
0.20434972996642825
0.19915848527349228
0.20931899641577062
0.25140845070422535
0.2420888812035276
0.23199445983379502
0.21818181818181817
0.2007213423239768
0.1954233409610984
0.17083271705369027
0.16458569807037457
0.1496118560338744
0.15109690541914864
0.13339009507591884
0.1475095785440613
0.1376597836774828
0.14260897030953884
0.13556338028169015
0.14065420560747663
0.1331754957087896
0.1556732223903177
0.1761476284886381
0.17928286852589642
0.24596273291925466
0.2455943607818007
0.2294981640146879
0.2398945518453427
0.25735294117647056
0.2395715896279594
0.2500367701132519
0.26717557251908397
0.28172348484848486
0.1541251133272892
0.1208931873133267
0.0
0.0
0.0
0.046102867022042936
0.04763254890842075
0.10405698358624961
0.17593244194229415
0.19413919413919414
0.15029151371194127
0.21940928270042195
0.26458208057727
0.10317262053459905
0.0
0.0
0.0
0.0
0.0
0.0
0.0
0.0
0.0
0.0
0.0
0.0
0.0
0.0
0.0
0.0
0.0
0.0
0.0
0.0
0.0
0.0
0.0
0.0
0.0
0.0
0.0
0.0
0.0
0.0
0.0
0.0
0.0
0.0
0.0
0.0
0.0
0.0
0.0
0.0
0.0
0.0
0.0
0.0
0.0
0.0
0.0
0.0
0.0
0.0
0.0
0.0
0.0
0.0
0.0
0.0
0.0
0.0
0.0
0.0
0.0
0.0
0.0
0.0
0.0
0.0
0.0
0.0
0.0
0.0
0.0
0.0
0.0
0.0
0.0
0.0
0.0
0.0
0.0
0.0
0.0
0.0
0.0
0.0
0.0
0.0
0.0
0.0
0.0
0.0
0.0
0.0
0.0
0.0
0.0
0.0
0.0
0.0
0.0
0.0
0.0
0.0
0.0
0.0
0.0
0.0
0.0
0.0
0.0
0.0
0.0
0.0
0.0
0.0
0.0
0.0
0.0
0.0
0.0
0.0
0.0
0.0
0.0
0.0
0.0
0.0
0.0
0.0
0.0
0.0
0.0
0.0
0.0
0.0
0.0
0.0
0.0
0.0
0.0
0.0
0.0
0.0
0.0
0.0
0.0
0.0
0.0
0.0
0.0
0.0
0.0
0.0
0.0
0.0
0.0
0.0
0.0
0.0
0.0
0.0
0.0
0.0
0.0
0.0
0.0
0.0
