1.0
0.981445937300064
0.9426691729323309
0.982090524259199
0.902127659574468
0.8998178506375227
0.9302899444787168
0.9164712778429074
0.8871572871572871
0.9185142528073712
0.967670011148272
0.8387096774193549
0.8387096774193549
1.0
0.8757062146892656
0.9231362467866324
0.9517349334724758
0.8906560636182903
0.9722563221212865
0.9527428164331513
0.8895117963092736
0.93570581257414
0.8957625198277815
0.8833519553072625
0.9423774954627949
0.8490088570223534
0.902371288186285
0.8640897755610972
0.9295945128101675
0.9459023011707711
0.8837570347370464
0.8649885583524027
0.9055727554179567
0.8651241534988713
0.8415370539798719
0.8203439443834614
0.8300865800865801
0.8407187718073971
0.902542372881356
0.8701825557809331
0.8476864811460563
0.7799871712636305
0.8015218769816107
0.7710843373493976
0.8414063678889392
0.8776119402985074
0.8548996801395755
0.86
0.8918691195056874
0.8723519826181423
0.8703281982585398
0.8502813767831435
0.8251359047372508
0.8330381988363268
0.8459229614807404
0.8780129695338309
0.8196387991867001
0.8018018018018018
0.7777399977331974
0.8674455178611548
0.8576188360728565
0.8520609223559484
0.8520609223559484
0.819366852886406
0.8062287202082916
0.7986310881856958
0.7459845330160618
0.8143151583286491
0.7932559425096739
0.8360655737704918
0.8377948582030215
0.8831259856316804
0.86664947124065
0.8553318419090231
0.8312114989733059
0.7998548504152891
0.7993874425727412
0.7982871998776572
0.8765918738629472
0.8095787651471437
0.7614410905550146
0.8273042273042273
0.7914056711793628
0.7407841604793539
0.8568701075542544
0.8268894986280868
0.7759463865241804
0.7609651729466302
0.7818044764003247
0.776268063791813
0.8143999129914623
0.7781787306304394
0.8308788089755261
0.7605974319024338
0.7971991701244814
0.8179243876993393
0.7580551242236024
0.7861408137758644
0.7486510791366906
0.7173299905985584
0.7770349980338184
0.7651006711409396
0.7082660037290243
0.762255202583916
0.7801063620248178
0.6800046527858555
0.6917247650803273
0.6831428890460416
0.6908593200902601
0.691471262667357
0.676083467094703
0.6639175257731958
0.6913854204616964
0.6587914434988335
0.6417319029670436
0.6669863802033378
0.6364110589462703
0.640806466598532
0.65279077489661
0.638323317487368
0.5931114663566343
0.6215717907351924
0.5786802030456852
0.5327254419333184
0.5477995279744551
0.5996126098307274
0.5869363213992894
0.5813735749297791
0.5576306303749325
0.5700303844805422
0.5406292749658003
0.5743493863273123
0.5790024953020547
0.5484552744452043
0.5630854340856227
0.5881804333633849
0.6159087357399594
0.6257462686567165
0.6464860421738168
0.6090006789305228
0.6723485461073196
0.6853568118628359
0.6028844200690636
0.6121882707591121
0.6228571428571429
0.610797801645174
0.6178056243625237
0.6151411237140596
0.6239073942830144
0.6412323986039234
0.5983443708609272
0.6478187919463088
0.5920562681009516
0.6024595583373739
0.6271429853693564
0.6137433179512953
0.6139292436893673
0.6588539080345616
0.7174603174603175
0.637223974763407
0.6652290538052911
0.7017468422467079
0.6516064257028112
0.6778136139874384
0.6938314509122502
0.6485355648535565
0.6995049807492514
0.7316028069303856
0.6621524838856696
0.6621524838856696
0.6748916305435145
0.7027027027027027
0.7220196353436185
0.734379457917261
0.682578630381441
0.7011380126785305
0.6536180308422301
0.6591434723662174
0.7377488825680618
0.705422403535611
0.718739175614825
0.6750590086546027
0.6262015929689646
0.6773139067899505
0.6773139067899505
0.6949679424907713
0.6609516470814872
0.716048134290626
0.7074942910525223
0.7160178685386088
0.6915495911092472
0.644143142920649
0.6283941039565555
0.7030358365669939
0.7330735509011204
0.711127046731206
0.7111111111111111
0.6717248356095094
0.7046472922801178
0.7463510848126232
0.688828759180518
