1,227,353,31,94
2,226,351,31,98
3,225,349,30,100
4,224,349,31,99
5,223,349,33,99
6,221,348,34,99
7,218,351,38,95
8,218,351,37,94
9,216,352,38,95
10,214,353,39,92
11,214,351,37,95
12,213,351,38,95
13,213,349,32,95
14,211,345,28,99
15,210,344,27,98
16,209,345,26,99
17,209,347,28,97
18,208,347,27,95
19,208,347,26,95
20,205,348,29,95
21,206,346,28,97
22,206,347,26,95
23,205,349,27,93
24,205,349,26,93
25,204,350,28,93
26,204,351,26,92
27,203,351,27,91
28,204,351,25,91
29,203,352,27,91
30,203,351,26,90
31,203,352,25,90
32,203,352,24,88
33,203,352,25,90
34,202,352,25,90
35,203,353,24,87
36,204,352,23,87
37,202,349,24,93
38,202,351,24,90
39,202,352,23,89
40,202,351,23,91
41,201,352,24,90
42,202,353,22,88
43,200,352,24,88
44,201,352,23,87
45,199,352,24,89
46,200,353,22,88
47,199,352,23,90
48,199,352,22,89
49,199,352,22,89
50,198,352,22,89
51,197,352,22,91
52,197,352,22,90
53,197,353,22,90
54,197,353,21,89
55,195,354,22,89
56,194,353,23,91
57,194,353,21,90
58,192,354,21,88
59,190,354,22,91
60,190,354,22,89
61,188,353,22,90
62,188,353,21,90
63,185,352,22,91
64,185,353,21,87
65,183,351,22,90
66,181,348,22,92
67,182,348,20,94
68,180,349,21,91
69,179,346,24,96
70,179,347,22,94
71,177,345,24,94
72,176,344,23,96
73,176,345,22,96
74,173,345,24,96
75,171,344,25,100
76,170,343,24,101
77,169,342,25,103
78,167,340,27,105
79,167,340,26,107
80,165,342,25,102
81,165,346,25,98
82,165,345,24,99
83,164,346,24,99
84,162,345,25,101
85,162,346,26,100
86,161,346,25,99
87,160,347,25,99
88,160,348,26,97
89,158,348,27,97
90,158,348,28,94
91,157,347,28,97
92,156,348,28,95
93,155,347,30,96
94,155,347,29,97
95,154,348,30,96
96,154,347,29,96
97,153,347,28,88
98,153,347,29,82
99,153,348,28,82
100,153,347,28,81
101,153,347,28,75
102,154,347,27,78
103,154,347,28,78
104,154,348,27,73
105,155,349,26,83
106,153,347,29,88
107,153,347,29,81
108,154,346,28,79
109,154,347,28,72
110,156,347,26,78
111,155,346,27,80
112,155,346,28,78
113,156,347,27,76
114,156,348,27,81
115,156,347,27,75
116,157,348,27,72
117,156,350,28,79
118,157,347,28,76
119,157,349,27,84
120,158,349,26,76
121,158,348,26,70
122,159,351,26,72
123,159,349,26,69
124,159,351,27,73
125,159,348,26,69
126,160,353,25,65
127,160,349,24,67
128,160,353,26,66
129,160,349,24,65
130,161,350,25,68
131,161,351,25,71
132,161,349,25,70
133,161,349,25,71
134,161,349,25,68
135,161,351,26,70
136,162,349,25,67
137,162,351,26,72
138,162,348,25,70
139,161,352,27,73
140,162,349,25,68
141,162,351,25,69
142,162,348,25,72
143,163,348,24,70
144,163,349,25,66
145,163,349,25,67
146,163,348,25,66
147,164,350,25,66
148,164,348,25,66
149,164,349,26,72
150,164,348,25,71
151,164,349,25,68
152,164,349,25,69
153,165,348,24,66
154,164,350,26,69
155,164,349,25,69
156,165,348,25,69
157,165,348,25,70
158,165,347,25,73
159,165,348,25,72
160,165,349,25,72
161,166,349,25,71
162,165,348,25,69
163,166,349,25,68
164,165,348,25,70
165,165,349,25,66
166,166,349,25,67
167,165,349,25,66
168,166,349,25,67
169,166,349,25,65
170,166,349,24,60
171,166,352,26,59
172,166,351,25,53
173,166,351,26,59
174,166,349,24,60
175,166,350,25,65
176,167,350,24,61
177,166,349,24,59
178,167,350,24,60
179,166,349,25,60
180,166,350,25,58
181,167,352,24,62
182,166,348,26,68
183,167,349,25,62
184,167,350,24,54
185,167,351,24,50
186,166,352,26,55
187,167,350,24,56
188,167,349,25,56
189,167,352,26,58
190,167,350,25,52
191,166,353,27,54
192,167,351,25,51
193,167,352,27,55
194,167,350,25,53
195,168,352,25,57
196,167,350,25,54
197,167,353,27,58
198,168,350,24,54
199,167,352,26,60
200,168,351,24,53
201,168,351,24,59
202,168,349,25,61
203,168,349,25,63
204,168,350,25,60
205,168,349,25,63
206,168,350,25,57
207,168,350,25,54
208,168,351,25,52
209,168,351,26,50
210,168,352,26,49
211,167,352,26,49
212,168,350,25,53
213,168,352,25,50
214,168,352,25,47
215,168,354,26,49
216,168,352,26,48
217,169,352,25,47
218,169,352,24,47
219,169,353,25,49
220,168,352,26,50
221,168,352,25,47
222,169,352,24,47
223,170,352,23,46
224,170,352,23,47
225,169,352,24,47
226,170,352,22,48
227,170,352,21,45
228,170,352,21,47
229,170,351,21,50
230,169,352,21,48
231,169,351,22,49
232,168,351,22,51
233,168,352,22,48
234,168,352,21,45
235,167,352,22,47
236,167,351,22,49
237,166,351,21,51
238,165,351,22,50
239,165,351,21,50
240,163,352,22,47
241,163,351,21,49
242,163,351,20,46
243,162,352,20,44
244,161,352,21,46
245,160,352,20,45
246,158,352,21,46
247,157,353,21,45
248,156,352,22,46
249,155,352,22,47
250,154,352,22,46
251,153,353,20,43
252,152,352,21,44
253,151,353,21,44
254,150,351,20,46
255,148,353,22,44
256,148,351,21,47
257,147,351,21,49
258,146,351,21,48
259,145,350,20,49
260,144,351,21,50
261,144,350,20,50
262,143,350,20,50
263,142,350,22,51
264,141,350,21,51
265,140,350,21,48
266,140,350,21,51
267,140,349,21,52
268,139,350,21,50
269,138,350,22,51
270,138,350,22,51
271,137,350,21,51
272,137,351,21,50
273,137,351,21,49
274,136,350,26,53
275,136,351,23,49
276,135,351,20,48
277,135,350,20,50
278,134,350,21,51
279,133,350,22,52
280,132,350,21,51
281,132,351,21,49
282,130,351,22,48
283,130,351,22,47
284,129,351,20,47
285,128,350,21,51
286,127,350,21,52
287,127,350,22,53
288,126,349,22,53
289,125,349,23,54
290,124,349,22,56
291,123,349,23,56
292,122,349,24,54
293,122,349,24,56
294,121,348,23,54
295,121,348,23,56
296,121,348,23,57
297,120,348,22,57
298,120,347,22,57
299,119,348,21,56
300,119,347,21,56
301,118,348,22,56
302,117,347,21,55
303,117,347,21,58
304,115,349,24,55
305,114,348,22,57
306,112,348,23,56
307,111,348,24,57
308,109,348,24,57
309,108,348,24,57
310,106,348,25,57
311,105,349,24,55
312,103,351,26,52
313,101,350,25,57
314,100,351,24,55
315,98,351,23,55
316,96,349,23,59
317,95,348,23,59
318,93,347,22,59
319,92,347,21,58
320,90,348,23,59
321,88,348,22,55
322,87,348,25,58
323,85,348,26,58
324,84,347,23,57
325,84,347,22,56
326,82,348,23,55
327,80,347,25,56
328,79,348,26,55
329,78,347,25,57
330,77,348,25,56
331,77,347,24,56
332,76,348,23,56
333,75,348,22,54
334,74,348,22,54
335,73,347,22,56
336,73,348,21,54
337,71,347,22,56
338,70,348,22,55
339,69,349,22,53
340,67,348,24,57
341,67,348,21,57
342,66,348,21,56
343,65,348,21,55
344,64,347,21,57
345,63,347,22,57
346,61,346,24,61
347,59,345,23,63
348,58,346,24,64
349,56,345,25,66
350,54,345,25,68
351,54,345,25,68
352,51,344,27,66
353,50,344,27,66
354,48,345,29,66
355,47,344,32,67
356,45,345,34,67
357,43,345,38,67
358,41,346,41,68
359,39,346,43,72
360,36,346,45,71
361,34,347,48,71
362,32,346,47,73
363,30,347,46,71
364,24,347,43,66
365,26,346,37,70
366,23,345,47,74
367,19,347,42,73
368,18,345,44,81
369,15,346,30,78
370,14,344,23,70
371,12,343,23,68
372,9,343,23,66
373,6,344,25,65
374,5,343,23,65
375,3,343,22,62
376,1,343,21,63
377,nan,nan,nan,nan
378,nan,nan,nan,nan
379,nan,nan,nan,nan
380,nan,nan,nan,nan
381,1278,345,19,59
382,1,346,17,59
383,nan,nan,nan,nan
384,nan,nan,nan,nan
385,nan,nan,nan,nan
386,1,338,18,68
387,1,338,18,68
388,1,338,18,68
389,1,338,18,68
390,1,338,18,68
391,1,338,18,68
392,1,338,18,68
393,1,338,18,68
394,1,338,18,68
395,1,338,18,68
396,1,338,18,68
397,1,338,18,68
398,1,338,18,68
399,1,338,18,68
400,1,338,18,68
401,1,338,18,68
402,1,338,18,68
403,1,338,18,68
404,1,338,18,68
405,1,338,18,68
406,1,338,18,68
407,1,338,18,68
408,1,338,18,68
409,1,338,18,68
410,1,338,18,68
411,1,338,18,68
412,1,338,18,68
413,1,338,18,68
414,1,338,18,68
415,1,338,18,68
416,1,338,18,68
417,1,338,18,68
418,1,338,18,68
419,1,338,18,68
420,1,338,18,68
421,1,338,18,68
422,1,338,18,68
423,1,338,18,68
424,1,338,18,68
425,1,338,18,68
426,1,338,18,68
427,1,338,18,68
428,1,338,18,68
429,1,338,18,68
430,1,338,18,68
431,1,338,18,68
432,1,338,18,68
433,1,338,18,68
434,1,338,18,68
435,1,338,18,68
436,1,338,18,68
437,1,338,18,68
438,1,338,18,68
439,1,338,18,68
440,1,338,18,68
441,1,338,18,68
442,1,338,18,68
443,1,338,18,68
444,1,338,18,68
445,1,338,18,68
446,1,338,18,68
447,1,338,18,68
448,1,338,18,68
449,1,338,18,68
