1.0
0.9775129024330302
1.0
0.9906976744186047
1.0
1.0
1.0
0.9375
0.9375
0.9676813228109733
0.9676813228109733
0.8830845771144279
0.9122446357445715
0.8830845771144279
0.9084484420173466
0.9899187902548305
0.9084484420173466
0.9004407752046456
0.9458367016976557
0.8436516264428122
0.8436516264428122
0.8861782643838636
0.8195299384443201
0.7521345573602106
0.8048848182070497
0.7922104266684699
0.8071076560005553
0.8080808080808081
0.788235294117647
0.7244593586875466
0.788235294117647
0.8008048289738431
0.7255813953488373
0.7255813953488373
0.7255813953488373
0.6261196186073389
0.6161348752960847
0.6261196186073389
0.6161348752960847
0.6062872178368647
0.6261196186073389
0.5276750191945279
0.5276750191945279
0.5276750191945279
0.5276750191945279
0.5107095513849159
0.5107095513849159
0.5107095513849159
0.5107095513849159
0.5541361256544503
0.5541361256544503
0.5521669341894061
0.5338011064633653
0.5521669341894061
0.5521669341894061
0.613193717277487
0.5927925496018356
0.6440354864726153
0.5927925496018356
0.5927925496018356
0.6199818473783425
0.6912267375617167
0.6672532629417803
0.7550725739037921
0.6939516692275457
0.7550725739037921
0.7550725739037921
0.7945345723736021
0.8326318395642486
0.833404674257341
0.9101533283470457
0.847897080653142
0.8063916759568933
0.6403860937900402
0.6832039911308204
0.6654860658029639
0.6654860658029639
0.7205542725173211
0.6687791239515377
0.6125480153649168
0.6606710158434297
0.7118184556682398
0.7235166200683442
0.751168484308925
0.6989024642783185
0.6529418138476542
0.7071901608325449
0.6763110307414105
0.6412251451154749
0.6351550960118169
0.661723559037493
0.6351550960118169
0.6351550960118169
0.661723559037493
0.6351550960118169
0.606955821136028
0.6323447118074986
0.6178643384822028
0.6365925304238355
0.6365925304238355
0.6605823554976097
0.6765634870499052
0.7183098591549296
0.78125
0.7949730700179534
0.7293219414651881
0.7574098546346989
0.7698365820043316
0.7934986455511565
0.73020719738277
0.7185654931117429
0.6120789779326364
0.5929609793420046
0.5781710914454278
0.5863570391872278
0.6813139003698064
0.6707738867271941
0.6493594066082266
0.6565539601667438
0.6602934637616719
0.66875
0.5787619526925013
0.5956055453832069
0.7278137128072445
0.7198831832562668
0.8099606815203145
0.8033540708682716
0.834072759538598
0.8036477628954118
0.7991791263559074
0.8511260602515356
0.8711056811240073
0.8904847396768402
0.9072229140722291
0.9143956396280859
0.8979591836734694
0.8979591836734694
0.8613861386138614
0.8204966991512103
0.8104553119730186
0.8104553119730186
0.8117394416607016
0.7864976010966416
0.8117394416607016
0.8845867460908414
0.8731584620912685
0.9047981721249048
0.8474452554744526
0.82018156424581
0.7255936675461742
0.7255936675461742
0.6634993446920052
0.7494831150930393
0.7345404851383669
0.7345404851383669
0.6851726472579553
0.7090715804394047
0.6907849829351536
0.7465879749170048
0.7835438716285421
0.8010471204188482
0.7378318584070797
0.7378318584070797
0.6451503886448124
0.8250922509225093
0.8250922509225093
0.8250922509225093
0.9304084720121029
0.9525631216526397
0.8683918669131239
0.839622641509434
0.7297857636489288
0.7395198853457542
0.689198606271777
0.689198606271777
0.658834888960412
0.6803361344537815
0.6934281842818428
0.7067258449982929
0.7779433681073026
0.8130841121495327
0.7515127067365873
0.7720530835284933
0.7223373394115209
0.7229916897506925
0.7254601226993865
0.7233560090702947
0.7748987854251013
0.7550702028081123
0.7683661180248896
0.7612456747404844
0.7583591864874182
0.8011049723756906
0.7891967730620835
0.7780784844384303
0.7912457912457912
0.7891967730620835
0.6619859578736209
0.6850944716585025
0.6981664315937941
0.7114427860696517
0.8339272986457591
0.8643747638836419
0.8510791366906475
0.8685548293391431
0.7458100558659218
0.6989528795811518
0.6989528795811518
0.6989528795811518
0.7458100558659218
0.7884828349944629
0.9064748201438849
0.9064748201438849
0.8359749354957612
0.8359749354957612
0.8359749354957612
0.817219992703393
0.9080459770114943
0.8599068434252956
0.9392243102758896
0.8981555733761026
0.8119486768243785
0.8418584825234442
0.8097580975809758
0.7729941291585127
0.7296607077708865
0.7296607077708865
0.7455817378497791
0.7455817378497791
0.8025830258302583
0.662125340599455
0.8923076923076924
0.8247136410968414
0.9368346344925479
0.8902967655885295
0.9867482161060143
0.9867482161060143
0.9516180711310478
0.9324960753532182
0.8463120775786072
0.9516180711310478
0.8291233283803864
0.9303012404016539
0.7788944723618091
0.8727272727272727
0.9626506024096385
0.9440048691418138
0.9039609332609875
0.8546511627906976
0.8309931069696196
0.8290422245108136
0.903114186851211
0.903114186851211
0.84375
0.8282828282828283
0.7368421052631579
0.7203791469194313
0.7012987012987013
0.6581141757536882
0.5878564857405704
0.5887341005451242
0.4318734793187348
0.4965034965034965
0.6346504559270517
0.5865209471766849
0.6176980913823019
0.6633540372670808
0.6176980913823019
0.5552378476735118
0.5741751104182905
0.638728323699422
0.6081452944413869
0.6081452944413869
0.6244251405212059
0.6244251405212059
0.6584804297774367
0.6584804297774367
0.6436083197008647
0.7052496798975673
0.7110497237569061
0.6584804297774367
0.6694736842105263
0.7004405286343612
0.7235248647255862
0.7530463038180342
0.7766497461928934
0.7871720116618076
0.821615339918652
0.821615339918652
0.8577753182069728
0.9480122324159022
0.8378923121220847
0.8539064769096718
0.806679875459949
0.7906032482598608
0.7526228602981778
0.8316046369737645
0.7526228602981778
0.7104508730779254
0.7906032482598608
0.7906032482598608
0.8765910348644161
0.8273700705144946
0.7749510763209393
0.7749510763209393
0.8116833205226749
0.7948783610755442
0.8404202101050525
0.8578186596583443
0.7361963190184049
0.7029533805223334
0.7503908285565398
0.7361963190184049
0.7977059436913452
0.782608695652174
0.7977059436913452
0.7977059436913452
0.8692904337833955
0.8692904337833955
0.6791569086651054
0.7556456282570932
0.6911643270024773
0.7259323503902863
0.658008658008658
0.7065385807251316
0.6741946197276653
0.6145927944293067
0.6237503786731293
0.6709025741283806
0.7008361721895323
0.6527256994519758
0.6856788592684439
0.7224036577400392
0.7211180124223603
0.7062043795620438
0.7082005215879456
0.7082005215879456
0.6742068965517242
0.7046035805626598
0.7448275862068966
0.7448275862068966
0.7298001737619462
0.6947890818858561
0.8234936092513695
0.7454545454545455
0.6454352441613588
0.6454352441613588
0.6095734288505373
0.6502257728377909
0.6542056074766355
0.5893782383419689
0.7841306884480747
0.7406318883174137
0.6987048398091343
0.764554163596168
0.8186900958466453
0.7550644567219152
0.7078651685393258
0.6505551926845199
0.6610852713178295
0.8120300751879699
0.6575512740832815
0.7231715652768285
0.6657988935893264
0.6677664137248432
0.667741935483871
0.667741935483871
0.5936724565756824
0.6527967257844475
0.645073303784521
0.6971260132645541
0.6424148606811145
0.6288848263254113
0.668259385665529
0.668259385665529
0.6062647356012125
0.5710619185113892
0.5675119945167924
0.5647773279352226
0.6022944550669216
0.627906976744186
0.6655428186109238
0.6380090497737556
0.7872763419483101
0.8007736943907157
0.7440124416796268
0.7440124416796268
0.7360163710777626
0.790161892901619
0.7631257631257631
0.7655428394679864
0.7920418239907058
0.8201902424056459
0.896364156885199
0.8517010758941552
0.8043117744610282
0.8043117744610282
0.7725254635675111
0.7725254635675111
0.6642703091301222
0.6185111552904794
0.6845666884959616
0.723463687150838
0.7094170403587444
0.6619246861924686
0.582304957121941
0.5993485342019544
0.5767301905717152
0.5767301905717152
0.598509459201223
0.598509459201223
0.46255506607929514
0.4822546972860125
0.6111920116496775
0.635822868473232
0.6470459995639852
0.6944314459522696
0.6041055718475073
0.5525257040679481
0.5740785940932389
0.5487634157722818
0.461092530657748
0.680019540791402
0.609375
0.6368089573128062
0.0
0.0
0.6620689655172414
0.6620689655172414
0.22079023232151943
0.2403514817367333
0.0
0.0
0.0
0.0
0.0
0.0
0.0
0.0
0.0
0.0
0.0
0.0
0.0
0.0
0.0
0.0
0.0
0.0
0.0
0.0
0.0
0.0
0.0
0.0
0.0
0.0
0.0
0.0
0.0
0.0
0.0
0.0
0.0
0.0
0.0
0.0
0.0
0.0
0.0
0.0
0.0
0.0
0.0
0.0
0.0
0.0
0.0
0.0
0.0
0.0
0.0
0.0
0.0
0.0
0.0
0.0
0.0
0.0
0.0
0.0
0.0
0.0
0.0
0.0
0.0
0.0
0.0
0.0
0.0
0.0
0.0
0.0
0.0
0.0
0.0
0.0
0.0
0.0
0.0
0.0
0.0
0.0
0.0
0.0
0.0
0.0
0.0
0.0
0.0
0.0
0.0
0.0
0.0
0.0
0.0
0.0
0.0
0.0
0.0
0.0
0.0
0.0
0.0
0.0
0.0
0.0
0.0
0.0
0.0
0.0
0.0
0.0
0.0
0.0
0.0
0.0
0.0
0.0
0.0
0.0
0.0
0.0
0.0
0.0
0.0
0.0
0.0
0.0
0.0
0.0
0.0
0.0
0.0
0.0
0.0
0.0
0.0
0.0
0.0
0.0
0.0
0.0
0.0
0.0
0.0
0.0
0.0
0.0
0.0
0.0
0.0
0.0
0.0
0.0
0.0
0.0
0.0
0.0
0.0
0.0
0.0
0.0
0.0
0.0
0.0
0.0
0.0
0.0
0.0
0.0
0.0
0.0
0.0
0.0
0.0
0.0
0.0
0.0
0.0
0.0
0.0
0.0
0.0
0.0
0.0
0.0
0.0
0.0
0.0
0.0
0.0
0.0
0.0
0.0
0.0
0.0
0.0
0.0
0.0
0.0
0.0
0.0
0.0
0.0
0.0
0.0
0.0
0.0
0.0
0.0
0.0
0.0
0.0
0.0
0.0
0.0
0.0
0.0
0.0
0.0
0.0
0.0
0.0
0.0
0.0
0.0
0.0
0.0
0.0
0.0
0.0
0.0
0.0
0.0
0.0
0.0
0.0
0.0
0.0
0.0
0.0
0.0
0.0
0.0
0.0
0.0
0.0
0.0
0.0
0.0
0.0
0.0
0.0
0.0
0.0
0.0
0.0
0.0
0.0
0.0
0.0
0.0
0.0
0.0
0.0
0.0
0.0
0.0
0.0
0.0
0.0
0.0
0.0
0.0
0.0
0.0
0.0
0.0
0.0
0.0
0.0
0.0
0.0
0.0
0.0
0.0
0.0
0.0
0.0
0.0
0.0
0.0
0.0
0.0
0.0
0.0
0.0
0.0
0.0
0.0
0.0
0.0
0.0
0.0
0.0
0.0
0.0
0.0
0.0
0.0
0.0
0.0
0.0
0.0
0.0
0.0
0.0
0.0
0.0
0.0
0.0
0.0
0.0
0.0
0.0
0.0
0.0
0.0
0.0
0.0
0.0
0.0
0.0
0.0
0.0
0.0
0.0
0.0
0.0
0.0
0.0
0.0
0.0
0.0
0.0
0.0
0.0
0.0
0.0
0.0
0.0
0.0
0.0
0.0
0.0
0.0
0.0
0.0
0.0
0.0
0.0
0.0
0.0
0.0
0.0
0.0
0.0
0.0
0.0
0.0
0.0
0.0
0.0
0.0
0.0
0.0
0.0
0.0
0.0
0.0
0.0
0.0
0.0
0.0
0.0
0.0
0.0
0.0
0.0
0.0
0.0
0.0
0.0
0.0
0.0
0.0
0.0
0.0
0.0
0.0
0.0
0.0
0.0
0.0
0.0
0.0
0.0
0.0
0.0
0.0
0.0
0.0
0.0
0.0
0.0
0.0
0.0
0.0
0.0
0.0
0.0
0.0
0.19573654982982028
0.18356130546206811
0.2474121143794199
0.24849625323431568
0.2741689431298116
0.27652886914929964
0.29859885832900884
0.29461164173724996
0.30938349954669087
0.32072510397865495
0.2926709296606001
0.30648330058939094
0.3275748961294555
0.3207094418362024
0.2918774174352871
0.3016917293233083
0.2388753831518867
0.20642201834862386
0.16096579476861167
0.15785953177257525
0.13273059536404733
0.12980294408126794
0.09039118875807065
0.07243891984569224
0.03691125212262043
0.06738391845979615
0.01493618176880601
0.015483331008508858
0.01501072194424589
0.01501072194424589
0.0
0.0
0.0
0.0
0.0
0.00963792654337067
0.019071345732571625
0.004875454303696481
0.013733091388980535
0.0
0.013748160605423587
0.009265614275909403
0.0
0.0
0.0
0.0
0.0
0.013397579033964038
0.00890580091486864
0.00890580091486864
0.0
0.01828681424446583
0.0
0.0
0.0
0.0
0.0
0.0
0.0
0.0
0.0
0.0
0.0
0.0
0.0
0.0
0.0
0.0
0.0
0.0
0.0
0.0
0.0
0.0
0.0
0.0
0.0
0.0044596912521440825
0.0
0.0
0.0
0.0
0.0
0.0
0.0
0.0
0.0
0.0
0.0
0.0
0.0
0.0
0.0
0.0
0.0
0.0
0.0
0.0
0.0
0.0
0.0
0.0
0.005028470014050137
0.0
0.0
0.0
0.005028470014050137
0.005028470014050137
0.02669645561950924
0.02669645561950924
0.03163326353574634
0.010543882272623834
0.060223756248512256
0.07740830153414843
0.06661013029064837
0.06185325471513921
0.07489354596309593
0.07132011626393649
0.07606151788699432
0.07606151788699432
0.035558654348962875
0.035558654348962875
0.05430746379502414
0.05518907367834247
0.06829322024563529
0.06829322024563529
0.10827374872318693
0.10609283122732391
0.10097581671616461
0.10097581671616461
0.08975057183313365
0.09589791335779616
0.11296452702702703
0.11694681448934757
0.1656441717791411
0.1827076677316294
0.20466751293818963
0.20466751293818963
0.2032836255889639
0.18359757291055
0.19959068316928175
0.2070501460797931
0.1882421083116131
0.19277465205803967
0.1728744939271255
0.15706440339490763
0.17136329017517135
0.1661736742024086
0.16250944822373395
0.18811881188118812
0.1702251655629139
0.1752687027774822
0.15325796056584193
0.1633358539483634
0.16926577501526166
0.15897608622431794
0.15897608622431794
0.15897608622431794
0.15367344393164525
0.15367344393164525
0.15367344393164525
0.15367344393164525
0.20085785135044568
0.20941727367325702
0.2528891910265126
0.2537282374973989
0.20524104820964192
0.22876881965717266
0.27618640444634457
0.2474697077690663
0.2501745078877565
0.2501745078877565
0.25141749802626856
0.25203252032520324
0.23397027600849257
0.2365080490745337
0.37296103711090534
0.35491263248352906
0.3589513625388065
0.3589513625388065
0.3780471559877448
0.4206120847501962
0.3592608508809626
0.355460088691796
0.36670027365692065
0.3678717289366208
0.3288047405694465
0.33700137551581844
0.371081102424386
0.3714678973362481
0.3689831173930114
0.36931498027851567
0.31625089662867617
0.31625089662867617
0.3759601586899637
0.3641990002380386
0.3867595818815331
0.388523256673815
0.3734913320166776
0.3734913320166776
0.34563160060348375
0.34563160060348375
0.32340862422997946
0.3075045759609518
0.0
0.0
0.0
0.0
0.0
0.0
0.0
0.0
0.0
0.0
0.0
0.0
0.0
0.0
0.0
0.0
0.0
0.0
0.0
0.0
0.0
0.0
0.0
0.0
0.0
0.0
0.0
0.0
0.0
0.0
0.0
0.0
0.0
0.0
0.0
0.0
0.0
0.0
0.0
0.0
0.0
0.0
0.0
0.0
0.0
0.0
0.0
0.0
0.0
0.0
0.0
0.0
0.31045634207689543
0.3025660096690219
0.3025660096690219
0.2784013139885026
0.2422500513241634
0.2342819324950364
0.22670509125840538
0.2155776140308142
0.21972211284243687
0.230605738575983
0.2105092966855295
0.2105092966855295
0.20863193059970903
0.20863193059970903
0.2177605309037737
0.23586744639376217
0.25633896060906985
0.27820089093260525
0.2822400713966979
0.2822400713966979
0.2822400713966979
0.2822400713966979
0.2822400713966979
0.2597002668856498
0.2597002668856498
0.2597002668856498
0.2597002668856498
0.2597002668856498
0.0
0.0
0.0
0.0
0.0
0.0
0.0
0.0
0.0
0.0
0.0
0.0
0.0
0.0
0.0
0.0
0.0
0.0
0.0
0.0
0.0
0.0
0.0
0.0
0.0
0.0
0.0
0.0
0.0
0.0
0.0
0.0
0.0
0.0
0.0
0.0
0.0
0.0
0.0
0.0
0.0
0.0
0.0
0.0
0.14342696629213483
0.1553392150897475
0.16873010258224266
0.16077748441098816
0.16357712616559938
0.16357712616559938
0.15620085374073242
0.15620085374073242
0.1607700312174818
0.14757856528799312
0.1604441360166551
0.15372340425531916
0.11719765929778933
0.12780855306891203
0.010597649772907504
0.0
0.0
0.0
0.0
0.007107023411371237
0.0
0.0
0.0
0.0
0.0
0.0
0.0
0.0
0.0
0.0
0.0
0.0
0.0
0.0
0.0
0.0
0.0
0.0
0.0
0.0
0.0
0.0
0.0
0.0
0.0
0.0
0.0
0.0
0.0
0.0
0.0
0.0
0.0
