1,922,209,74,214
2,923,203,77,225
3,923,205,77,222
4,922,203,78,224
5,923,203,77,226
6,923,205,77,225
7,924,207,75,221
8,923,205,77,225
9,923,205,77,225
10,924,208,74,217
11,924,208,74,217
12,927,208,74,217
13,926,208,74,217
14,929,208,74,217
15,928,208,74,217
16,932,214,71,210
17,930,210,74,217
18,936,214,71,210
19,932,210,74,217
20,937,210,74,217
21,937,210,74,217
22,942,217,70,209
23,945,220,67,202
24,946,216,70,209
25,944,212,73,216
26,947,217,71,212
27,946,214,73,216
28,949,215,73,215
29,948,214,73,216
30,952,218,70,208
31,949,216,71,212
32,952,218,70,208
33,952,218,70,208
34,951,219,71,211
35,950,216,73,215
36,952,217,73,218
37,952,217,73,218
38,951,215,74,222
39,951,215,74,222
40,950,216,73,215
41,953,218,71,212
42,950,216,73,215
43,950,216,73,215
44,950,216,73,215
45,950,216,73,215
46,948,216,73,215
47,951,217,73,214
48,950,215,74,219
49,950,215,74,219
50,947,214,74,220
51,949,216,71,212
52,948,220,70,209
53,947,216,71,212
54,948,220,70,209
55,946,214,73,216
56,948,218,70,209
57,947,222,67,201
58,946,218,70,209
59,944,217,69,206
60,946,219,70,208
61,945,220,67,202
62,945,222,67,201
63,944,222,66,198
64,942,218,69,205
65,942,222,66,198
66,942,225,66,198
67,942,225,66,198
68,940,230,65,195
69,944,234,62,188
70,944,240,61,185
71,943,243,60,182
72,942,253,58,177
73,940,250,60,184
74,938,262,60,183
75,937,262,62,189
76,937,267,62,188
77,938,270,61,185
78,937,274,59,179
79,936,272,60,184
80,936,274,60,184
81,937,276,59,181
82,937,276,58,178
83,939,276,59,181
84,938,283,57,175
85,937,280,59,178
86,937,289,55,171
87,934,286,59,178
88,932,293,58,175
89,935,296,55,169
90,936,300,53,162
91,936,300,50,157
92,935,297,51,160
93,935,296,51,160
94,936,288,51,161
95,938,291,49,155
96,938,283,48,152
97,939,284,47,146
98,940,280,48,152
99,942,280,47,149
100,943,276,47,150
101,943,278,47,147
102,943,270,46,143
103,944,272,44,138
104,947,263,44,134
105,950,267,42,129
106,949,256,43,131
107,950,256,42,129
108,950,257,41,125
109,951,258,40,123
110,952,255,39,120
111,954,257,38,116
112,954,233,39,113
113,954,232,39,113
114,954,208,39,107
115,955,206,38,104
116,958,203,38,102
117,956,201,40,108
118,961,207,38,106
119,960,205,37,105
120,961,217,35,105
121,958,217,38,109
122,958,229,36,106
123,957,228,38,110
124,954,237,37,111
125,955,238,36,109
126,952,243,36,112
127,954,246,35,108
128,955,253,34,103
129,956,254,32,99
130,956,259,33,101
131,956,259,33,101
132,958,263,32,99
133,960,263,31,99
134,962,266,31,97
135,962,269,30,93
136,962,270,30,93
137,961,269,31,97
138,962,265,31,98
139,963,267,30,94
140,963,262,30,96
141,962,263,30,94
142,961,260,29,92
143,961,260,29,91
144,960,260,29,92
145,960,261,29,92
146,961,262,30,94
147,962,262,30,94
148,964,257,31,96
149,964,258,31,94
150,966,252,31,96
151,967,253,31,94
152,969,248,30,92
153,969,248,30,91
154,967,247,31,94
155,966,246,31,96
156,964,252,31,96
157,964,255,31,94
158,963,264,31,98
159,964,266,30,96
160,965,276,30,95
161,964,277,31,97
162,963,287,29,93
163,963,287,30,97
164,964,291,30,97
165,965,293,29,95
166,966,291,30,95
167,966,291,30,95
168,966,284,30,96
169,966,283,31,98
170,966,275,31,98
171,966,275,31,98
172,967,270,30,96
173,967,268,31,100
174,965,265,32,102
175,967,267,31,98
176,967,268,30,94
177,966,268,30,94
178,967,270,29,91
179,968,272,27,87
180,967,274,28,89
181,967,274,29,91
182,968,279,30,94
183,968,278,31,98
184,969,283,30,94
185,970,285,30,94
186,971,289,29,90
187,970,290,30,93
188,971,292,29,91
189,971,293,29,91
190,972,294,29,91
191,973,295,29,91
192,973,298,29,93
193,974,297,29,91
194,973,298,30,93
195,973,299,29,90
196,974,299,29,91
197,975,298,30,95
198,975,301,29,93
199,974,301,30,93
200,975,302,29,90
201,975,302,29,90
202,976,304,28,91
203,977,305,29,95
204,977,305,30,99
205,976,305,30,99
206,977,306,30,99
207,977,306,32,103
208,978,308,31,101
209,979,308,30,97
210,979,311,29,93
211,979,312,29,93
212,981,313,28,91
213,981,312,29,93
214,982,313,28,91
215,980,313,29,93
216,982,316,28,90
217,982,316,29,93
218,983,317,28,91
219,982,318,28,91
220,983,322,29,94
221,984,321,30,96
222,985,326,29,95
223,983,326,31,99
224,984,328,31,99
225,985,328,32,101
226,984,331,31,97
227,985,333,30,93
228,986,329,30,95
229,986,330,30,93
230,985,324,29,90
231,985,324,29,91
232,984,318,29,90
233,983,318,30,93
234,982,309,31,97
235,982,308,32,101
236,980,302,33,103
237,981,304,32,101
238,978,299,33,103
239,980,299,33,105
240,977,299,32,102
241,978,299,32,101
242,975,299,32,102
243,976,299,32,102
244,973,301,31,100
245,973,302,31,100
246,972,307,29,97
247,970,306,31,99
248,967,312,32,103
249,968,311,34,107
250,964,321,32,103
251,965,320,33,104
252,962,329,31,100
253,961,329,33,104
254,957,334,34,108
255,958,336,35,110
256,952,343,34,106
257,953,340,35,110
258,946,349,34,105
259,946,345,35,108
260,940,349,35,108
261,941,349,34,104
262,930,342,31,100
263,929,339,33,104
264,925,331,33,103
265,925,330,34,107
266,923,323,35,109
267,923,323,35,111
268,922,320,37,116
269,922,320,37,116
270,924,324,36,113
271,923,322,38,118
272,925,325,38,118
273,925,325,37,116
274,924,321,38,120
275,924,321,38,120
276,925,314,38,120
277,923,313,40,125
278,927,308,38,120
279,927,309,36,116
280,927,303,37,119
281,926,300,38,122
282,928,298,37,117
283,927,300,36,115
284,927,296,36,115
285,925,295,37,119
286,924,295,39,124
287,925,297,37,119
288,922,297,39,124
289,922,298,38,122
290,922,302,37,118
291,922,302,35,113
292,921,306,34,111
293,920,305,36,113
294,919,308,35,111
295,918,308,35,111
296,918,309,36,113
297,917,309,37,116
298,918,310,35,111
299,916,310,36,113
300,917,307,37,116
301,916,310,35,111
302,917,305,37,116
303,915,307,35,111
304,916,307,36,113
305,915,305,38,118
306,916,308,37,116
307,916,307,37,116
308,917,310,35,111
309,917,310,35,111
310,918,313,35,109
311,916,312,35,111
312,918,312,36,113
313,917,313,35,111
314,920,313,35,111
315,919,314,35,109
316,919,313,36,113
317,920,314,35,111
318,920,315,35,111
319,919,315,37,116
320,918,319,35,111
321,920,321,34,107
322,914,327,35,108
323,915,329,34,107
324,906,335,33,102
325,907,335,33,104
326,895,341,31,99
327,895,341,31,98
328,883,342,31,99
329,882,341,33,102
330,873,340,34,106
331,874,339,34,106
332,867,334,33,102
333,867,332,34,106
334,862,325,33,105
335,861,325,34,107
336,858,320,33,105
337,858,320,33,105
338,855,314,35,109
339,855,314,35,111
340,851,314,34,111
341,852,316,34,107
342,843,321,35,110
343,842,323,35,111
344,834,329,35,108
345,833,329,35,109
346,821,334,32,106
347,820,335,33,102
348,808,340,29,97
349,808,341,29,94
350,794,341,28,92
351,792,342,28,89
352,775,339,27,88
353,775,338,28,92
354,759,335,26,89
355,757,334,28,93
356,740,331,28,95
357,738,329,29,98
358,720,326,29,97
359,721,326,28,97
360,701,321,28,98
361,701,321,29,99
362,683,317,29,100
363,683,319,28,98
364,663,317,28,99
365,663,318,28,98
366,645,317,28,98
367,643,317,30,101
368,624,318,27,97
369,624,317,30,101
370,604,317,28,101
371,604,316,31,107
372,585,318,29,103
373,585,318,31,106
374,565,318,30,105
375,565,317,31,108
376,546,321,30,104
377,546,319,31,107
378,528,323,29,103
379,527,321,31,108
380,507,322,29,107
381,506,322,32,110
382,488,325,30,105
383,487,327,30,103
384,468,329,28,100
385,467,328,31,107
386,446,328,31,109
387,446,328,31,109
388,427,332,29,103
389,426,329,32,110
390,407,331,29,108
391,405,331,32,111
392,385,333,31,109
393,385,333,31,109
394,364,335,30,109
395,361,335,34,115
396,341,336,33,118
397,339,333,37,125
398,319,336,34,120
399,318,337,34,119
400,285,342,32,116
401,282,340,34,122
402,259,341,33,123
403,257,341,36,125
404,236,343,34,122
405,235,341,36,128
406,212,345,33,119
407,210,342,36,128
408,188,342,34,127
409,187,344,35,125
410,165,343,33,120
411,165,344,34,118
412,142,345,33,117
413,140,341,36,124
414,120,342,34,123
415,118,338,37,130
416,97,340,36,126
417,95,339,36,125
418,76,340,34,122
419,74,338,38,128
420,53,338,37,130
421,52,339,38,129
422,33,339,34,121
423,31,338,37,127
424,13,339,33,117
425,10,336,36,124
426,1271,334,36,124
427,1269,337,37,122
428,1251,333,36,120
429,1248,334,37,123
430,1231,331,33,117
431,1230,332,34,118
432,1210,327,33,118
433,1209,328,34,118
434,1190,326,34,119
435,1190,326,35,122
436,1170,324,34,119
437,1171,325,34,118
438,1153,323,32,113
439,1151,322,32,113
440,1133,324,31,109
441,1134,323,32,110
442,1115,323,31,111
443,1113,322,33,112
444,1096,322,32,113
445,1095,322,32,112
446,1077,323,31,110
447,1076,322,32,112
448,1041,323,29,106
449,1038,322,30,109
450,1022,321,30,113
451,1020,321,32,114
452,1008,321,33,118
453,1008,322,34,118
454,1002,323,34,116
455,1001,323,34,117
456,996,321,35,122
457,994,319,38,126
458,991,314,39,129
459,990,315,39,127
460,989,309,41,133
461,990,310,39,129
462,989,309,39,125
463,988,309,38,122
464,988,307,39,122
465,988,307,38,122
466,989,308,37,119
467,989,309,37,117
468,991,310,36,115
469,991,310,36,115
470,989,312,35,113
471,989,312,37,116
472,986,315,35,111
473,986,314,37,116
474,982,316,35,113
475,980,317,35,111
476,977,319,35,111
477,977,319,37,116
478,970,321,35,112
479,970,319,38,118
480,965,322,38,117
481,964,322,36,113
482,961,327,35,109
483,959,325,35,111
484,954,326,37,115
485,953,327,37,116
486,947,325,38,119
487,944,325,39,122
488,939,326,39,122
489,938,325,40,124
490,931,328,38,119
491,933,328,38,118
492,924,327,39,122
493,925,328,38,120
494,917,326,39,122
495,920,328,38,118
496,912,327,38,119
497,912,327,38,120
498,906,327,38,119
499,907,328,37,116
500,901,330,37,115
501,899,328,38,118
502,895,329,38,117
503,893,330,36,113
504,889,331,38,117
505,890,330,37,116
506,887,330,38,119
507,886,328,39,122
508,884,327,41,127
509,884,328,40,124
510,881,328,39,122
511,881,327,41,127
512,882,328,39,122
513,881,328,40,124
514,882,329,38,119
515,882,329,38,119
516,882,328,39,122
517,882,328,39,122
518,882,329,38,119
519,882,329,38,119
520,879,328,40,124
521,879,329,39,122
522,875,328,41,127
523,874,326,42,132
524,870,327,41,127
525,869,326,42,132
526,865,326,41,127
527,864,325,41,129
528,859,326,40,124
529,859,327,41,129
530,854,326,41,127
531,854,325,41,129
532,848,325,41,127
533,847,327,40,124
534,842,327,39,122
535,842,329,38,118
536,839,328,38,118
537,837,327,39,122
538,830,326,40,124
539,830,324,41,129
540,825,328,40,124
541,825,329,39,122
542,820,330,38,119
543,817,329,39,122
544,813,328,39,122
545,813,331,38,117
546,808,330,37,115
547,807,329,38,119
548,802,329,37,116
549,801,328,38,119
550,793,324,40,124
551,795,326,39,123
552,788,322,41,127
553,789,325,39,122
554,782,322,41,127
555,781,322,41,127
556,774,321,42,132
557,774,322,41,128
558,768,321,42,132
559,769,321,41,130
560,762,320,43,134
561,759,317,45,140
562,752,317,45,139
563,753,317,45,140
564,745,315,46,142
565,745,317,46,143
566,740,316,45,140
567,738,320,44,137
568,731,318,44,137
569,732,317,45,140
570,724,317,46,142
571,724,316,46,143
572,719,316,46,143
573,717,316,46,143
574,709,316,46,142
575,709,315,47,146
576,702,316,46,142
577,702,315,47,146
578,694,316,47,147
579,694,317,46,142
580,687,319,46,142
581,687,315,47,149
582,680,318,46,142
583,680,318,46,143
584,674,320,44,136
585,672,319,46,142
586,664,317,47,145
587,664,317,47,145
588,658,318,46,142
589,656,317,47,146
590,650,315,47,148
591,650,317,46,143
592,643,317,47,145
593,643,318,46,143
594,635,317,47,148
595,633,319,47,148
596,626,318,48,150
597,626,319,47,145
598,620,320,47,145
599,618,317,48,151
600,614,316,50,156
601,614,316,50,156
602,610,317,48,151
603,610,317,48,151
604,609,320,47,148
605,610,320,47,148
606,609,322,47,148
607,608,322,47,145
608,608,323,47,148
609,607,323,47,145
610,608,321,47,148
611,606,317,49,154
612,606,311,48,151
613,607,312,47,149
614,607,300,48,154
615,607,301,47,151
616,608,292,49,156
617,610,290,49,156
618,611,283,48,152
619,611,283,48,153
620,611,277,48,152
621,611,277,48,153
622,613,282,51,160
623,612,281,52,163
624,613,286,52,160
625,613,286,54,165
626,614,288,54,166
627,616,288,54,166
628,617,290,56,172
629,619,293,54,166
630,621,299,53,163
631,622,299,55,169
632,624,302,55,169
633,624,301,56,172
634,625,307,56,171
635,627,306,56,172
636,628,306,60,177
637,628,307,60,178
638,629,303,62,186
639,632,304,61,182
640,636,301,61,183
641,635,302,59,176
642,636,297,60,179
643,639,295,60,182
644,640,289,61,186
645,641,290,59,179
646,643,288,59,179
647,645,288,60,182
648,646,295,61,186
649,646,295,61,186
650,650,299,61,185
651,651,300,63,190
652,652,298,66,197
653,651,296,67,201
654,653,298,67,200
655,652,297,69,203
656,657,305,67,199
657,658,302,70,206
658,656,301,73,213
659,658,300,74,217
660,661,305,75,217
661,660,302,78,225
662,663,306,77,224
663,661,305,78,225
664,664,306,77,225
665,663,302,80,233
666,666,305,81,232
667,664,304,83,235
668,663,310,81,231
669,665,309,83,235
670,663,317,82,231
671,662,313,85,239
672,657,319,86,239
673,658,321,85,236
674,653,327,85,232
675,654,330,81,225
676,654,333,82,225
677,653,335,78,218
678,652,336,77,214
679,650,338,74,207
680,650,334,70,201
681,646,334,73,208
682,642,334,71,202
683,641,334,73,208
684,638,332,71,205
685,635,330,76,212
686,636,326,71,205
687,640,325,68,197
688,634,323,70,204
689,628,325,72,208
690,622,321,75,215
691,617,323,79,222
692,618,323,75,215
693,618,323,75,215
694,609,321,78,222
695,612,323,76,218
696,603,323,79,225
697,604,325,76,217
698,598,327,78,219
699,595,325,80,227
700,592,329,79,223
701,592,328,79,224
702,583,326,80,226
703,584,324,82,231
704,578,324,84,234
705,576,324,85,235
706,572,326,84,234
707,573,326,80,227
708,565,326,83,233
709,566,327,80,227
710,557,327,84,234
711,560,328,81,228
712,552,328,83,230
713,553,326,85,235
714,545,326,88,241
715,546,327,86,238
716,536,326,88,243
717,532,323,95,256
718,526,324,94,256
719,525,328,93,251
720,518,327,95,254
721,518,330,93,251
722,510,328,97,257
723,510,328,95,255
724,503,329,94,252
725,498,329,99,260
726,492,330,96,256
727,489,328,102,265
728,478,326,103,269
729,472,324,112,282
730,457,326,116,288
731,455,324,124,298
732,445,326,121,295
733,443,327,119,293
734,433,329,117,289
735,429,326,118,294
736,415,328,119,293
737,419,332,120,292
738,403,334,114,285
739,401,329,120,297
740,389,335,116,287
741,388,338,114,281
742,378,339,108,275
743,378,339,111,277
744,364,341,104,269
745,361,337,112,280
746,352,341,104,269
747,352,341,107,272
748,335,339,109,276
749,333,335,114,286
750,321,335,111,282
751,321,337,112,282
752,312,335,113,285
753,312,335,116,287
754,304,335,115,286
755,304,335,118,290
756,296,335,116,289
757,291,335,123,294
758,289,335,119,290
759,288,337,121,292
760,280,337,111,280
761,281,335,120,292
762,277,333,120,294
763,280,335,119,289
764,272,337,112,281
765,269,335,120,292
766,262,333,120,293
767,265,335,118,288
768,256,335,120,293
769,256,338,117,287
770,250,338,114,282
771,247,336,122,293
772,242,334,127,300
773,239,330,134,311
774,224,326,136,317
775,227,328,135,315
776,218,328,140,318
777,219,331,133,311
778,212,332,136,313
779,215,335,133,307
780,207,335,133,309
781,209,340,131,302
782,204,342,126,296
783,201,340,135,306
784,195,345,129,299
785,190,340,136,309
786,180,342,138,308
787,186,343,138,310
788,174,343,144,313
789,177,346,144,313
790,175,351,137,303
791,175,354,142,305
792,162,348,142,309
793,164,347,145,314
794,157,347,141,310
795,158,347,145,314
796,150,345,145,314
797,152,347,145,314
798,139,343,143,314
799,138,342,153,324
800,130,346,144,313
801,132,343,147,318
802,124,341,144,317
803,129,343,141,314
804,124,345,134,306
805,123,345,137,309
806,117,343,137,309
807,116,343,134,307
808,106,341,142,315
809,108,343,142,316
810,101,343,139,312
811,104,346,136,307
812,100,344,136,309
813,102,349,132,301
814,94,346,132,302
815,94,346,128,300
816,91,349,129,297
817,92,349,120,288
818,85,349,129,297
819,86,350,120,288
820,79,350,129,297
821,77,351,125,291
822,72,347,130,301
823,69,344,135,307
824,65,346,125,295
825,64,347,128,298
826,58,347,126,295
827,56,342,134,307
828,50,341,132,307
829,48,342,132,306
830,43,343,127,299
831,42,342,126,299
832,40,343,122,292
833,39,341,126,300
834,35,339,123,297
835,33,340,128,304
836,27,331,128,309
837,26,332,127,308
838,17,326,129,312
839,12,324,135,322
840,8,324,133,318
841,7,324,130,315
842,6,325,125,310
843,10,327,122,304
844,1277,324,124,308
845,1278,324,126,311
846,1272,324,125,308
847,1269,324,126,310
848,1262,321,131,317
849,1258,320,135,323
850,1255,322,130,315
851,1257,325,124,306
852,1250,321,129,315
853,1250,321,129,315
854,1244,322,126,310
855,1246,324,123,305
856,1241,326,120,301
857,1236,322,126,311
858,1231,326,119,298
859,1232,328,119,298
860,1228,328,121,301
861,1224,328,127,307
862,1217,330,121,298
863,1218,330,123,302
864,1209,330,125,303
865,1211,331,124,303
866,1205,335,121,296
867,1200,333,124,300
868,1196,335,122,297
869,1195,333,126,304
870,1190,335,122,297
871,1186,335,123,299
872,1184,337,120,292
873,1187,339,116,287
874,1179,340,117,288
875,1181,339,116,287
876,1173,340,117,288
877,1170,337,125,300
878,1165,337,123,297
879,1165,337,125,304
880,1162,339,119,293
881,1158,339,126,304
882,1157,340,127,304
883,1157,341,122,295
884,1160,343,118,287
885,1163,346,111,278
886,1158,344,116,286
887,1158,343,116,286
888,1152,340,120,291
889,1155,341,116,287
890,1151,340,117,289
891,1155,341,118,290
892,1150,338,117,290
893,1148,338,121,294
894,1146,336,119,293
895,1149,338,122,296
896,1145,333,120,298
897,1148,336,115,289
898,1148,338,110,278
899,1153,342,108,275
900,1147,339,112,281
901,1149,339,116,288
902,1146,341,113,281
903,1148,340,117,289
904,1144,338,117,290
905,1144,338,117,290
906,1141,338,117,289
907,1145,340,116,287
908,1140,336,119,293
909,1144,338,117,290
910,1141,338,117,289
911,1147,342,114,283
912,1141,338,117,289
913,1145,340,116,287
914,1141,338,117,289
915,1141,338,117,289
916,1139,338,115,288
917,1138,336,121,296
918,1144,340,117,289
919,1144,340,117,289
920,1144,340,117,289
921,1144,340,117,289
922,1144,340,117,289
923,1144,340,117,289
924,1144,340,117,289
925,1144,340,117,289
926,1141,336,122,297
927,1141,336,122,297
928,1141,336,122,297
929,1141,336,122,297
930,1143,336,118,293
931,1142,339,119,293
932,1141,336,122,297
933,1141,336,122,297
934,1142,334,120,297
935,1139,334,126,306
936,1141,334,123,302
937,1139,333,126,306
938,1139,326,129,315
939,1140,331,124,306
940,1138,327,130,314
941,1138,327,130,314
942,1140,324,128,315
943,1139,325,129,315
944,1138,323,132,318
945,1138,323,132,318
946,1138,319,133,322
947,1139,320,130,319
948,1145,324,126,311
949,1138,320,130,318
950,1141,319,130,318
951,1139,316,136,329
952,1141,315,133,324
953,1141,315,133,324
954,1141,315,133,324
955,1141,315,133,324
956,1141,311,133,328
957,1143,310,131,323
958,1141,307,133,328
959,1137,305,141,338
960,1144,305,136,334
961,1143,303,138,338
962,1144,305,136,334
963,1144,305,136,334
964,1149,303,135,335
965,1151,301,132,331
966,1151,300,132,333
967,1149,303,134,332
968,1149,305,135,333
969,1147,304,138,337
970,1150,308,134,328
971,1150,308,134,328
972,1154,309,131,325
973,1154,308,135,329
974,1152,308,137,334
975,1153,310,136,330
976,1153,312,137,330
977,1155,317,131,321
978,1157,322,134,322
979,1154,322,139,326
980,1157,329,139,322
981,1156,326,142,327
982,1161,336,140,318
983,1163,341,138,313
984,1160,333,138,318
985,1167,335,132,310
986,1173,327,120,301
987,1173,325,120,301
988,1178,317,117,300
989,1181,319,111,290
990,1180,310,114,299
991,1177,307,120,309
992,1179,304,116,302
993,1181,303,112,298
994,1181,300,112,298
995,1183,301,108,289
996,1183,300,108,290
997,1182,299,109,290
998,1186,300,103,282
999,1191,301,98,273
1000,1192,302,95,264
1001,1194,302,93,261
1002,1195,308,91,255
1003,1200,311,86,245
1004,1201,317,85,242
1005,1203,319,82,235
1006,1202,324,81,231
1007,1202,326,82,232
1008,1204,328,78,223
1009,1207,329,76,220
1010,1211,329,75,219
1011,1209,328,78,223
1012,1207,328,78,223
1013,1207,328,78,223
1014,1207,325,79,227
1015,1206,324,82,235
1016,1207,321,84,238
1017,1207,318,86,242
1018,1206,315,89,250
1019,1201,313,94,258
1020,1203,311,93,258
1021,1208,311,91,254
1022,1211,308,91,254
1023,1206,306,94,263
1024,1211,306,91,254
1025,1216,308,85,245
1026,1220,306,84,244
1027,1221,308,81,236
1028,1221,309,82,236
1029,1221,307,83,239
1030,1225,309,79,232
1031,1230,308,75,224
1032,1234,311,73,216
1033,1233,312,74,221
1034,1233,311,77,228
1035,1231,308,81,236
1036,1233,310,79,232
1037,1233,308,77,229
1038,1234,306,79,232
1039,1238,306,79,235
1040,1238,308,81,238
1041,1239,308,78,230
1042,1241,307,79,234
1043,1246,307,75,225
1044,1244,304,79,233
1045,1246,306,75,225
1046,1251,303,71,216
1047,1251,303,72,220
1048,1254,299,68,211
1049,1254,298,70,216
1050,1257,293,68,211
1051,1259,292,67,212
1052,1262,290,65,202
1053,1260,286,68,208
1054,1261,283,68,208
1055,1263,285,65,201
1056,1261,282,67,205
1057,1263,281,63,198
1058,1266,281,63,197
1059,1266,281,61,191
1060,1269,283,59,188
1061,1269,283,59,188
1062,1269,282,62,194
1063,1269,283,61,192
1064,1269,285,62,194
1065,1269,286,62,194
1066,1271,286,62,194
1067,1271,285,62,196
1068,1274,288,59,189
1069,1271,288,59,189
1070,1274,288,59,186
1071,1272,289,61,193
1072,1274,290,59,189
1073,1274,289,59,189
1074,1277,294,58,182
1075,1275,291,60,188
1076,1275,294,60,186
1077,1275,293,60,186
1078,1277,296,59,186
1079,1277,293,59,189
1080,1277,293,59,189
1081,1277,293,59,189
1082,1275,288,62,195
1083,1275,291,61,192
1084,1275,286,62,194
1085,1275,286,62,194
1086,1274,279,64,201
1087,1275,280,62,193
1088,1275,280,60,191
1089,1275,280,62,193
1090,1277,280,58,186
1091,1275,279,57,180
1092,1277,281,59,188
1093,1274,285,57,182
1094,1274,285,59,188
1095,1272,283,63,196
1096,1272,288,61,194
1097,1272,290,61,193
1098,1274,292,60,190
1099,1274,292,60,190
1100,1272,296,60,187
1101,1276,297,56,181
1102,1274,300,57,180
1103,1277,303,55,173
1104,1274,305,55,172
1105,1277,307,52,167
1106,1272,313,51,163
1107,1275,316,48,154
1108,1271,320,48,151
1109,1273,320,48,151
1110,1268,319,49,156
1111,1271,322,47,150
1112,1266,317,48,152
1113,1269,322,46,145
1114,1265,314,46,148
1115,1266,313,48,152
1116,1263,308,48,152
1117,1263,307,49,156
1118,1260,303,52,161
1119,1262,305,51,164
1120,1260,303,54,169
1121,1256,299,57,177
1122,1260,303,56,173
1123,1260,304,55,169
1124,1263,307,52,164
1125,1263,307,52,164
1126,1263,311,52,161
1127,1264,310,52,163
1128,1264,311,52,163
1129,1264,312,51,158
1130,1267,315,49,156
1131,1266,312,50,158
1132,1269,317,47,151
1133,1267,314,50,158
1134,1270,316,48,154
1135,1270,316,48,154
1136,1273,318,47,149
1137,1271,319,47,149
1138,1274,320,46,147
1139,1273,321,46,147
1140,1273,322,46,145
1141,1273,321,46,148
1142,1274,321,47,148
1143,1274,321,47,148
1144,1276,323,45,145
1145,1275,323,46,145
1146,1275,322,47,149
1147,1275,322,47,149
1148,1278,325,45,142
1149,1276,324,45,143
1150,1278,324,44,143
1151,1278,324,44,143
1152,1276,324,47,149
1153,1278,328,44,143
1154,1278,329,46,146
1155,1279,330,45,143
1156,1279,336,45,140
1157,0,338,43,132
1158,1,341,43,133
1159,1,338,44,137
1160,1,338,44,137
1161,1,338,44,137
1162,2,336,43,132
1163,2,336,42,130
1164,1,329,42,133
1165,1,329,42,133
1166,3,321,42,132
1167,3,322,41,130
1168,4,313,42,131
1169,3,313,42,134
1170,3,304,43,136
1171,2,303,45,142
1172,1,297,44,136
1173,0,294,45,138
1174,0,294,42,133
1175,0,292,44,136
1176,1279,291,41,132
1177,1279,291,43,137
1178,1275,291,42,133
1179,1274,292,42,133
1180,1273,290,41,131
1181,1273,290,40,128
1182,1267,287,41,131
1183,1266,288,42,134
1184,1261,289,41,132
1185,1260,287,42,136
1186,1255,286,43,136
1187,1257,288,41,132
1188,1250,290,41,132
1189,1251,292,39,127
1190,1243,295,37,122
1191,1244,296,36,120
1192,1237,300,36,115
1193,1238,299,37,119
1194,1229,302,36,115
1195,1229,303,36,115
1196,1218,307,34,112
1197,1218,307,36,116
1198,1208,312,33,111
1199,1206,313,34,111
1200,1197,319,32,107
1201,1194,317,34,111
1202,1186,315,36,115
1203,1184,317,34,112
1204,1174,312,36,115
1205,1173,314,35,111
1206,1164,310,32,106
1207,1162,311,33,104
1208,1151,306,32,106
1209,1149,305,34,109
1210,1142,305,32,107
1211,1140,305,33,107
1212,1132,304,33,107
1213,1130,303,34,109
1214,1124,303,33,107
1215,1123,303,32,102
1216,1116,299,31,98
1217,1116,299,32,101
1218,1109,295,29,96
1219,1112,296,30,94
1220,1107,285,31,99
1221,1108,286,30,95
1222,1108,281,29,91
1223,1108,280,27,88
1224,1106,274,27,86
1225,1109,273,26,83
1226,1105,269,27,86
1227,1106,268,27,82
1228,1107,266,26,80
1229,1108,265,26,79
1230,1107,264,24,78
1231,1108,264,23,76
1232,1107,264,23,72
1233,1108,264,22,70
1234,1107,266,22,70
