1.0
0.7478046778826426
0.6852024631461093
0.5860560843838436
0.5683330753753288
0.5508420379450011
0.5360472982910257
0.5442111864305551
0.5841503000098364
0.5652376949659101
0.5412295681873628
0.6070007689478787
0.5855546417686615
0.551547491995731
0.5375573649148778
0.527693856998993
0.6317987263806243
0.5210803881005798
0.5364729971845406
0.5522294646537117
0.6932225788181989
0.5517031815005013
0.540243231681232
0.553929074539107
0.5471613768439875
0.52116287780563
0.5367518323985875
0.5172453838114041
0.5295262816353018
0.5403703426043931
0.5497499134920885
0.598572034036449
0.5505905272129551
0.5679240631163708
0.5608870136256207
0.5419300716061959
0.5572053477912636
0.5464414591988356
0.5139671226577768
0.5361920793833614
0.554709024026104
0.525939438161255
0.5657166355613197
0.559575194857622
0.532733092652411
0.5462514699369263
0.5958452298907158
0.5352893818767331
0.5624980922438265
0.5715353007097497
0.5522948433070263
0.5809362301219083
0.5942585783303379
0.5867468127393475
0.5525115534479114
0.5386457009428665
0.531226329625284
0.5195370065671813
0.5288437732111909
0.5752146923547007
0.5634691195795006
0.5578035566710539
0.5000699046500573
0.5994123408423114
0.5851409273931679
0.5651849084796414
0.63874382250885
0.5906742443812968
0.5466707579011967
0.5365565340741179
0.5690644099670898
0.5823881485400615
0.6016298020954598
0.5684452593306194
0.553878188443519
0.5957112970711297
0.5852878123700125
0.5371041460203825
0.5691946833463644
0.5313119533527697
0.5591584696062308
0.5146039709196037
0.5132879482724243
0.5820685734139832
0.5761888894178131
0.5634691195795006
0.5612816764132553
0.5500651376980641
0.541897600287606
0.5352763877915313
0.5217647926811273
0.580722544739241
0.5788520788997237
0.6178031849734585
0.5571717915669305
0.5643242560979458
0.5659156058317665
0.5499046799089847
0.6061204007688775
0.5967509629877742
0.5642022146139848
0.5645531297304889
0.5521002166108729
0.5473202750263592
0.533940481924194
0.5717871485943775
0.5440978153375888
0.5472015373528705
0.4977956784411909
0.5378577466489555
0.5500337030455298
0.52690573012939
0.5427848101265823
0.5488066485651281
0.5505321568270718
0.5643153526970954
0.5796506970036853
0.5657948444221169
0.5216969696969697
0.5326317677658525
0.5622967574096441
0.5420478277495073
0.5889601808657995
0.555152208950278
0.5746062319425891
0.5736065983504124
0.5713296725773714
0.6444032590831206
0.5717666843137865
0.5597649794969093
0.542342503808585
0.5562874071400644
0.5673572700853098
0.5649101053936764
0.5748207246996249
0.5848944155404862
0.5965402244089961
0.5930557841039987
0.533714585825577
0.5281438170870059
0.5857987207513562
0.5626403371166682
0.5651849084796414
0.6309653162242803
0.6286485925002597
0.5750078296273098
0.5741058588857447
0.5266730484727178
0.562944860241332
0.5332478208903011
0.5756051850694986
0.5977629809426969
0.5973547410673159
0.5681439834155229
0.5512151596267562
0.5349241859308973
0.5578657314629258
0.5968610304434365
0.6656672747304351
0.6392228124126362
0.615446962277532
0.5494699109936511
0.5421206484188148
0.5606962895098488
0.5508055080550806
0.5718735399470487
0.5430465594757297
0.5957697211415869
0.5917202348823135
0.5799987316887564
0.5459263103269331
0.5471171545632683
0.5726315789473684
0.5471613768439875
0.5818460457839788
0.5863654442765094
0.5267837492847397
0.5224620853759927
0.5826193390452876
0.5848711447735807
0.5512851309152054
0.5242450535539024
0.5354330708661418
0.5164751390575147
0.5123830646307828
0.559351797652423
0.5775832835435271
0.5959802306425042
0.6045343380263071
0.5976988790677004
0.5617042419725483
0.5721128092011974
0.5596880995111083
0.5501049238161856
0.5581281391645229
0.5527610549155029
0.5598169167677822
0.527566691273322
0.5663170882171499
0.5507307014135859
0.5403313297170503
0.52464722347106
0.5634691195795006
0.5327746527379176
0.5602581372764012
0.5919357970357906
0.5510752280211859
0.5455379742151305
0.5794631444397103
0.5480464785105061
0.5532651264458545
0.5478552778813875
0.5217163864630407
0.5565429836616277
0.5311725786236847
0.5420126203918963
0.556564873662998
0.5529993815708102
0.5867183713039263
0.5473690778902703
0.5462177261059943
0.5281816371240788
0.5416910159013317
0.5172129984390521
0.5153474762253109
0.5456574858970105
0.602691883165022
0.5767489318283273
0.580722544739241
0.5431149238278361
0.5533847419915268
0.5330008016389062
0.5581965204606714
0.5782568836341795
0.5403313297170503
0.5858434226413863
0.6127155969471808
0.6541759746342869
0.6818317868901527
0.7531601268168155
0.7702087651445544
0.6289154524038042
0.6277712952158693
0.6047273578282237
0.5461272371785231
0.5533275210694566
0.5605368798455551
0.587628700387105
0.5869565217391305
0.5357859433810284
0.5393685113159588
0.5455233482176645
0.5458359937973183
0.5909386798593933
0.6205200400291738
0.5957112970711297
0.572288
0.5911599511599511
0.5572053477912636
0.5790911979663171
0.5509210769515125
0.5556605787114676
0.5627122830852838
0.5517241379310345
0.587628700387105
0.579711995913024
0.5404108562003299
0.5493293142426526
0.5582682491851669
0.5301721639325256
0.5917030567685589
0.5496535796766744
0.5349203777087047
0.5261083743842364
0.5524265664312347
0.5693588597770356
0.5545952525867316
0.5402526296996116
0.5758073344280241
0.0
0.0
0.0
0.0
0.0
0.0
0.0
0.0
0.0
0.0
0.0
0.0
0.0
0.0
0.0
0.0
0.58469475494411
0.5551020408163265
0.5470484378598296
0.5930557841039987
0.5722117744557422
0.5602793432982113
0.545327031559689
0.5822510822510822
0.5299826638415149
0.5444975933062424
0.5443656807626497
0.5650387668736293
0.5763544425716349
0.5818111901557392
0.5955422892099782
0.6060686984678039
0.5867468127393475
0.5584868093578895
0.6231492562831253
0.5702038453716306
0.5966663404768895
0.5508100147275405
0.5340790765477642
0.5762895466275847
0.5322935295669765
0.5270714755598775
0.517962710322874
0.5511105694524847
0.545576108758636
0.5236100101913713
0.5240692435380603
0.5894315719286548
0.540114400877271
0.5407433881343817
0.5885441991636682
0.5729907053034445
0.5995920247417253
0.5429712124395881
0.5509485299675005
0.5423686895229851
0.5364931150641215
0.5736674144522734
0.5407763835811428
0.60152976388427
0.5304306560683355
0.5627847865844208
0.5483543396451824
0.5548522573871306
0.5513790504898267
0.5900454824037934
0.5631293327896107
0.5540227756689196
0.562944860241332
0.5407433881343817
0.5533275210694566
0.5370662344360126
0.5465860864088299
0.5624483043837882
0.5302064746367576
0.5576680898117148
0.5528793251008681
0.5929361048970461
0.5734624510998525
0.5282360129178668
0.5729907053034445
0.5910724789229462
0.5778609252623902
0.5380413923415311
0.5281396831043325
0.6067803356995953
0.5720993934650753
0.5444975933062424
0.5759739955304818
0.5401032550340507
0.5594216689945206
0.5958086768888744
0.553641359027939
0.5509485299675005
0.5444533738131381
0.5241260744985673
0.5380016827313386
0.5779837034670076
0.5517325524646168
0.6191233711287866
0.5563505721100142
0.5464982778415615
0.5260210708615962
0.5409510034351835
0.5209536332971242
0.5294109197466136
0.5227356537032309
0.556084462345905
0.5730277017891394
0.533579974341379
0.5420478277495073
0.5549578188042548
0.5819280140951422
0.531226329625284
0.5576744256947302
0.5417283658117633
0.5643328275477658
0.5313432835820896
0.5139601782390434
0.5333808717354488
0.5608731104559995
0.5944676409185804
0.5494699109936511
0.6077682161012725
0.5995018353434715
0.5285842735736868
0.534981736442821
0.5948043406774087
0.5645531297304889
0.5271932381229962
0.5977629809426969
0.5120163048093527
0.5282305835070408
0.5483704714264059
0.5589326790369575
0.555152208950278
0.5820381632718731
0.6010129431626337
0.5668347356425907
0.5637007899613147
0.6975426777922377
0.6284679713768428
0.6657587691854687
0.6917672631292939
0.5867636878793245
0.5203776461619657
0.5231223067356914
0.5594630540348272
0.5388240838930128
0.5728356661482633
0.5656603420880456
0.5903526313222456
0.578354702556343
0.5165859858058804
0.56353591160221
0.553535914157532
0.5620614677625796
0.5508328024028397
0.5560385445481351
0.5663508576382439
0.567284046692607
0.5397303118822107
0.55746198153171
0.5496321859958223
0.5800824307485862
0.565137842279902
0.5497550566525411
0.5253245100534487
0.6044240934648665
0.5842920816773135
0.5700522381056649
0.5602793432982113
0.5679415662464943
0.5840450837337761
0.6032838983050848
0.5871890707565408
0.5520363356520952
0.5413080895008606
0.5686695278969958
0.5493293142426526
0.5997819329850771
0.5607721862993159
0.5839341215674966
0.6093826328644825
0.5750071526210383
0.5175541503333428
0.5773584905660377
0.5417738785379917
0.5529647312490374
0.5733989530108774
0.5740782194365387
0.5521002166108729
0.5667564569798764
0.5571205007824727
0.5378564837192952
0.5619393253837331
0.5502816769896355
0.5766738660907127
0.5627122830852838
0.6220432126156262
0.590866668812152
0.5795976783016618
0.5474305648732054
0.533467539003523
0.5412673096128907
0.526785203819107
0.5351686990349368
0.5364931150641215
0.5714285714285714
0.5577794503924671
0.5401032550340507
0.5477113575571785
0.5135691137100183
0.5330720235178834
0.5622967574096441
0.5498348142225709
0.5244040537247538
0.5660506289796552
0.5723887745967932
0.5727535134623575
0.6257028933646867
0.5989723513579642
0.545308740978348
0.5509485299675005
0.5339607381810161
0.5276526490162458
0.5950676213206046
0.5963453795621628
0.552164591031431
0.573947294382444
0.5722300140252454
0.5103727441389779
0.5562889281398159
0.5897294312534511
0.6217483720773306
0.5634288706473025
0.5680620928275303
0.5314859223732126
0.5522294646537117
0.5654622461485952
0.5664885256208739
0.5852998065764023
0.5380016827313386
0.5455692779230145
0.5465860864088299
0.5556125064069708
0.5375176970268994
0.538148137292259
0.5279503105590062
0.5502853890059847
0.5657760931866507
0.5510334152781572
0.5401064851182683
0.5316101487112175
0.565137842279902
0.5679251775157184
0.5286824963227569
0.5689843579256298
0.5537358330041627
0.5418245844400011
0.5333021186936673
0.5363593713347408
0.5029502202277072
0.5811780463692318
0.5441800294834381
0.5098572793330053
0.5476537496431415
0.5325630564902772
0.5577794503924671
0.5576459237819585
0.5818460457839788
0.6041438753522294
0.5818460457839788
0.5618443447315488
0.5696092977250248
0.5527623061869638
0.5563886382727188
0.5627498992654124
0.5599383191981496
0.5522294646537117
0.543129395527757
0.5355117392965237
0.5483870967741935
0.5440978153375888
0.558813718652394
0.5522294646537117
0.6004120474835671
0.5566823113026083
0.5493293142426526
0.571222593132415
0.5752888439926763
0.5549998465834126
0.5726043876032796
0.6172014711340554
0.5963453795621628
0.5472919818456884
0.5714464896052178
0.5315114494977274
0.5511883277765882
0.5507086324314375
0.5530795512956188
0.5422515994057184
0.568327823863282
0.566085795048613
0.552164591031431
0.5714108527131783
0.5461600938543453
0.5873067218735848
0.5437897615791664
0.5806133014735165
0.5449760765550239
0.5743404341524988
0.542734318423445
0.5606720597386434
0.5441978901418698
0.5489362993535857
0.5678845563401903
0.5491419656786272
0.5806225507375665
0.5369317344804219
0.5126517293275384
0.5389749702026222
