1.0
0.7920082426197196
0.737472988950952
0.7445803346726125
0.6732925777294378
0.69778305318375
0.5322896281800391
0.580778273595317
0.5910698350794857
0.6383500755622722
0.614100502856361
0.552980233301861
0.5240462393740625
0.5121821500955885
0.5976174165845182
0.6167534572541987
0.62264775002176
0.6384071705666661
0.5645363408521303
0.5437056630996754
0.5977774091889202
0.518782815536797
0.531783247689104
0.5245554116122954
0.5673758865248227
0.5546009214294608
0.6630088233113368
0.6007995431182181
0.5596361498716005
0.5957776617074692
0.6949425867998212
0.6526559655800099
0.6128645351427299
0.5518373301723352
0.585960024620169
0.5472292769499097
0.6290695605764098
0.6530849825378346
0.6600853495485265
0.6532228496003519
0.6099170756473177
0.6674187725631769
0.6125081033129756
0.6332326283987916
0.6032866216352455
0.7014158528454328
0.596391769766899
0.6130901942175372
0.659917181998942
0.6788856028782941
0.6693466581508059
0.6155858460691175
0.7072450065004137
0.5817804712058852
0.5605620608899298
0.562453531598513
0.6571021307317796
0.6308243727598566
0.622560027638625
0.5439837008628955
0.5835492227979274
0.6218858404288868
0.6998011928429424
0.591895947973987
0.5597758893218774
0.5724567829830988
0.5427123478894182
0.6620516047828823
0.6415782137879276
0.6401245709027852
0.6826634216830817
0.6298284391116724
0.7540233852526211
0.7013583466313782
0.5669330825889359
0.5584433764173393
0.5217894889242797
0.5855325861898971
0.6522542971681707
0.5684542586750788
0.5440656984994414
0.5811777655476059
0.5726960043717252
0.5472379969024265
0.6231843961820446
0.587236697368205
0.5816186556927297
0.5811777655476059
0.6494534626139377
0.6035839892815273
0.590260243906464
0.6056884510273626
0.5983601093260449
0.6374467780600379
0.7043695678056912
0.6498343921376989
0.7068052559325357
0.6090275304055773
0.6162893266686269
0.5863404158396512
0.5670093249737437
0.5890236328571895
0.5408740359897172
0.553493247826355
0.6103337656132687
0.5959585937758376
0.610661154224135
0.640312694323532
0.7085849615156897
0.5875787578757876
0.5644395535293193
0.6949250958076878
0.6361671214429994
0.6436471922858763
0.7537608867775138
0.5519361731564465
0.6329819117802616
0.6559325142123602
0.7195910869738839
0.6064017360640174
0.670253188367631
0.6259493892408386
0.703257543479103
0.5662513449872908
0.6334996935469749
0.6102268879105994
0.5689018959155109
0.5611018730587017
0.5268630849220104
0.5524325333831357
0.6027259804331466
0.5454740290556159
0.5781295807681032
0.6430317848410758
0.6928291945918723
0.6024617881780062
0.5934937847130389
0.6431072447027397
0.69831428017826
0.6145209324615754
0.7570267524551304
0.7157613605121559
0.5271008279992954
0.6484432414992203
0.727522306108442
0.6167534572541987
0.5591584696062308
0.6754464285714286
0.6066279976934297
0.5781756344851927
0.5344048216976394
0.5469782236359187
0.6492351090376478
0.6057547377512829
0.6690180063114907
0.6056633896311234
0.5559043859376457
0.6666915191053122
0.724400518470512
0.747485222441149
0.7026835880711957
0.6054155370351776
0.6294121710299095
0.6834818888678171
0.6053310404127257
0.5584433764173393
0.6365651944395566
0.700868558193399
0.6843323703292709
0.5914013784049885
0.5881776936384111
0.5680851063829787
0.5770220880343239
0.5625998934469899
0.5454740290556159
0.5948779591973021
0.6582334176658233
0.5900744255581917
0.5519785997601697
0.6175201132557577
0.5739875640323464
0.5405112455966037
0.5745687875226327
0.6142475877643194
0.5915089210695399
0.6679614551430493
0.7538865502438211
0.6053310404127257
0.6243681006912205
0.5738578680203046
0.5513457493827537
0.5381826969550507
0.5988772731856533
0.5821130885334534
0.6430317848410758
0.6196434426936818
0.6949371549395043
0.6251192479142456
0.6048721318103709
0.6568731090292713
0.5721543102079695
0.6292973011013758
0.7323955197903229
0.6819254365266635
0.603748009081975
0.5388675408561475
0.5696582682641546
0.6196060768791034
0.6980843357158076
0.5811032222829056
0.5363893436523293
0.5824315930563274
0.5862736485936916
0.5659369994660972
0.654823177818363
0.6930439837240845
0.5859956092925719
0.6049044478268223
0.5837004763375656
0.5440494590417311
0.6016073478760046
0.6932235665236877
0.6201002063071028
0.548640408955132
0.6376977593242179
0.566996523134528
0.5277851556736018
0.6313528494716785
0.5990689603390452
0.5438604433579308
0.5198597459332068
0.542422044960116
0.5860429927139357
0.6616297497512255
0.684832592254779
0.6151315789473685
0.6953073364177131
0.6401420959147425
0.5865680837954406
0.6725232734560849
0.6855259122968415
0.5890236328571895
0.6980167338084908
0.5581568883499674
0.5448182711198428
0.5267187985040429
0.5486159410210043
0.5874153332678904
0.6368616363315074
0.6071325904256218
0.5877116028202879
0.5946772311081157
0.5740224575933742
0.5742328160351805
0.5959585937758376
0.6621496538190973
0.733798120642619
0.7716100766703177
0.734853641933288
0.6669037414138389
0.6601941747572816
0.5915089210695399
0.6103423656206439
0.564755838641189
0.5843298699601386
0.6104003301692117
0.5647734723826772
0.5586384350683573
0.5427123478894182
0.5216262465333097
0.6349612114111235
0.6398415253188064
0.6233372389551313
0.5644484271093713
0.7140461550746626
0.5900458415193189
0.5559043859376457
0.6209510682288077
0.6747994777093825
0.0
0.0
0.0
0.0
0.0
0.0
0.0
0.0
0.0
0.0
0.0
0.0
0.0
0.0
0.0
0.0
0.0
0.0
0.0
0.0
0.6521896489323199
0.6294097100943067
0.6146126881572617
0.5910328315130047
0.5792462570986061
0.6066279976934297
0.7489962794021819
0.6214377899473299
0.6015697751762671
0.5569937497134648
0.6195899772209568
0.5785174761835444
0.6106953326983263
0.5827649935397348
0.6025403456756848
0.5685221095463648
0.5736327145007526
0.5711913126796551
0.5929616941762691
0.5457930234687338
0.5801340645947592
0.6847040737893928
0.5806514215480156
0.5409021061194974
0.581405214894103
0.7184740089526959
0.55770604865016
0.5599055431270197
0.5823277539898793
0.5614323674553967
0.5271008279992954
0.5823422957600828
0.7367520671255753
0.6276813342424084
0.7057725947521866
0.5689018959155109
0.5505140675983501
0.6024161073825504
0.5890034028557938
0.6462435652831275
0.7018500486854917
0.5706204035451631
0.5278060408732812
0.5895372894157828
0.5709451370376873
0.5352893818767331
0.5846662989520133
0.5647876204010738
0.7236099264855205
0.5981877108274357
0.5757832345469941
0.6708520179372197
0.6342762182156068
0.5935021405104038
0.551520737327189
0.5858912224017232
0.5773075614458613
0.6393617779044092
0.6209199318568995
0.7426240068713764
0.5915089210695399
0.5686017936361025
0.5685221095463648
0.5255007916793771
0.5285338534740077
0.616378412169202
0.6274071226365638
0.7125888864813757
0.6766811629982719
0.6115562768367312
0.6103423656206439
0.5858912224017232
0.6799221463191237
0.6382948690803868
0.7381988208985566
0.5254410263886864
0.5602821385100341
0.5742480311224973
0.5947290237511058
0.6429624303433399
0.6036036036036037
0.6154264911027185
0.6111680678012439
0.6360131372269028
0.7099861578010678
0.6462435652831275
0.5873585426442175
0.6335032518896115
0.7095374875432323
0.6195581435177256
0.5851694296059361
0.6030941584422512
0.5734610123119015
0.6332275132275133
0.6964155084125823
0.6496426390834321
0.6990142303709103
0.6376423308774279
0.6727646070561881
0.7038757866258896
0.6123741007194244
0.6654016445287793
0.5743629121274656
0.5401516741104883
0.6372058353742945
0.6248769281260256
0.5878833700404326
0.6612116097310388
0.567791536692189
0.6152067071407922
0.5956006768189509
0.7180057961275148
0.6599653379549394
0.7151385758905626
0.6344663088849135
0.5976453612304463
0.6145885831401404
0.6292600393632817
0.6083948646311448
0.5592769803296119
0.6052260361389131
0.5666937035800054
0.5874778266868143
0.6124881484491399
0.7064307157528835
0.6560923909070975
0.6052260361389131
0.5463917525773195
0.5951420985347625
0.6538104343075662
0.6586795819525874
0.6672319498028575
0.6249867317694512
0.6177215189873417
0.595851201346
0.6104902209804419
0.6503047137349198
0.642255103952051
0.6675813406507252
0.680356033947423
0.6971756294928704
0.6719090946519001
0.6279286944611617
0.6269443050677371
0.7175046817422122
0.6063592631702452
0.6790868339921696
0.7208144162883258
0.6180853093722354
0.6539054703801143
0.5988501545312552
0.5662539974036666
0.6626519216029783
0.7420197871943252
0.595407236081282
0.586264328402077
0.6252220248667851
0.5666222883546088
0.5548976899714698
0.5797025998112778
0.6473409204781333
0.6145209324615754
0.5835291046724093
0.6078914919852034
0.5836046167505179
0.6085830122974951
0.5648857372984413
0.5724567829830988
0.6902466852893733
0.5669330825889359
0.5534122324728978
0.5666487120179969
0.5596360191928446
0.608670686190066
0.614726381892209
0.6563417498532003
0.6332636946283772
0.5601249349297241
0.6455619401120668
0.5751667115454675
0.6212947100659295
0.5526225999565744
0.5468945903794991
0.5816767922235723
0.5896958206248455
0.574611100441713
0.5817089496196167
0.585960024620169
0.6954059156702328
0.5342777637237541
0.6257957376141711
0.5626414799781437
0.667012140953509
0.6117806823968766
0.5670946626384693
0.5909068551097703
0.5654663842472739
0.5552144849400875
0.6757509598735225
0.5810752204571373
0.559556960045055
0.6992627085758634
0.6403379999283898
0.6550629447181171
0.7540569859859638
0.7260940032414911
0.7286064577280501
0.5879026229401632
0.5761776450345746
0.5942993345913199
0.7171147963290936
0.6442857397282231
0.7350287120590648
0.7357847997585895
0.6700700463017927
0.672682650556919
0.593003441478165
0.6296186300029699
0.5918516473702158
0.511003757380569
0.6308493433095775
0.6820742182382993
0.5610037047414465
0.5636369388465311
0.6193441548360387
0.6145587360910558
0.736039360393604
0.6473963329653025
0.7276079028573719
0.654582440335646
0.6894440831005854
0.6288576733106807
0.7154744759161465
0.6794490953281124
0.6481038543701729
0.5839378069804508
0.6674815246619906
0.54867202542865
0.5644484271093713
0.6901524354402602
0.5974876386476012
0.5850459400668809
0.5911200774163919
0.7545520757465404
0.7422454484153742
0.6941704724258356
0.5586384350683573
0.5700245700245701
0.5809144743228812
0.612970927232066
0.6529138917465303
0.5981877108274357
0.619049248776481
0.7340762615049684
0.6882425891106932
0.6753803980771523
0.7129388816644994
0.6472190939804555
0.7179157801774316
0.6199780766620848
0.7192122219070389
0.6546870980781244
0.6231843961820446
0.6087837837837838
0.6784810126582278
0.6013897662665825
0.5709598031173093
0.5723063138020417
0.626564054237998
0.6357494399266171
0.7210770880495652
0.5797008203313495
0.570407935444774
0.6894440831005854
0.6149208741522231
0.688321498715818
0.630749381037068
0.645531076482178
0.7130844265052136
0.8120496531908685
0.7089036741958723
0.6785734535351817
0.5938084764124618
0.6148198504418763
0.6084441873915558
0.611390907554504
0.6964212976432935
0.6564622104760856
0.5999630977741248
0.5808711787948106
0.635740793605481
0.5979559331032652
0.590254488064707
0.5866267335112963
0.6115482881962186
0.6537261952812534
0.6145587360910558
0.5858912224017232
0.5820194349700752
0.5977774091889202
0.6180853093722354
0.6104314665136763
