1,3268,1068,135,278
2,3243,1079,169,282
3,3247,1077,182,290
4,3247,1079,194,315
5,3247,1077,200,319
6,3247,1081,201,320
7,3244,1079,204,328
8,3249,1079,204,323
9,3252,1085,197,300
10,3255,1080,202,312
11,3253,1086,205,310
12,3255,1080,196,299
13,3266,1080,193,315
14,3263,1081,202,318
15,3262,1080,206,322
16,3262,1085,209,314
17,3267,1080,192,293
18,3270,1084,209,320
19,3273,1085,201,321
20,3272,1081,195,329
21,3284,1077,163,320
22,3278,1080,200,323
23,3279,1087,199,318
24,3281,1081,198,323
25,3282,1077,204,325
26,3285,1081,205,332
27,3281,1081,209,316
28,3285,1085,210,319
29,3291,1083,203,326
30,3291,1082,207,315
31,3296,1090,200,305
32,3306,1077,188,322
33,3301,1081,198,325
34,3303,1076,197,326
35,3306,1087,197,309
36,3307,1081,200,327
37,3310,1081,195,326
38,3306,1082,204,316
39,3307,1084,210,323
40,3312,1080,204,326
41,3316,1082,199,319
42,3315,1082,205,327
43,3322,1084,197,312
44,3324,1082,196,321
45,3322,1079,201,335
46,3327,1084,201,317
47,3334,1080,189,316
48,3330,1083,202,324
49,3339,1076,193,336
50,3339,1077,194,327
51,3342,1082,195,327
52,3345,1080,188,326
53,3345,1082,189,313
54,3345,1080,189,321
55,3349,1078,196,333
56,3344,1079,203,328
57,3347,1084,203,323
58,3349,1080,205,335
59,3352,1080,205,329
60,3362,1084,190,318
61,3362,1079,191,333
62,3367,1079,189,340
63,3350,1084,214,326
64,3371,1077,186,325
65,3369,1082,189,318
66,3371,1080,191,330
67,3377,1079,180,311
68,3377,1078,190,321
69,3374,1085,199,318
70,3375,1080,202,329
71,3381,1080,192,326
72,3380,1088,192,303
73,3386,1081,186,316
74,3391,1078,191,332
75,3388,1081,195,328
76,3391,1079,189,318
77,3396,1078,190,324
78,3394,1080,197,337
79,3402,1074,189,343
80,3399,1079,198,341
81,3400,1082,198,318
82,3398,1080,207,335
83,3398,1082,207,332
84,3410,1076,187,335
85,3412,1080,189,327
86,3412,1079,191,333
87,3416,1076,194,335
88,3418,1080,194,334
89,3419,1081,197,332
90,3419,1078,200,337
91,3416,1087,205,320
92,3426,1080,191,321
93,3426,1079,191,324
94,3437,1080,181,318
95,3429,1080,198,323
96,3431,1084,195,316
97,3435,1077,193,332
98,3432,1084,199,318
99,3437,1085,189,301
100,3438,1085,194,298
101,3442,1078,196,326
102,3445,1081,193,325
103,3447,1079,195,333
104,3442,1076,199,335
105,3447,1078,197,343
106,3454,1079,194,323
107,3453,1080,195,336
108,3454,1079,201,326
109,3449,1078,214,339
110,3461,1085,198,325
111,3469,1083,190,335
112,3461,1085,201,327
113,3466,1079,199,332
114,3469,1078,195,337
115,3470,1080,195,332
116,3472,1078,193,331
117,3475,1081,192,318
118,3478,1082,192,324
119,3470,1078,209,331
120,3479,1085,200,325
121,3488,1080,192,330
122,3485,1076,198,340
123,3494,1075,187,333
124,3491,1076,195,337
125,3495,1075,190,336
126,3498,1077,187,338
127,3494,1080,193,323
128,3501,1076,180,314
129,3504,1077,191,332
130,3504,1078,190,339
131,3505,1080,198,332
132,3507,1075,194,340
133,3507,1080,192,327
134,3508,1079,194,327
135,3508,1080,193,321
136,3516,1080,185,329
137,3517,1080,187,319
138,3520,1082,190,312
139,3512,1078,208,325
140,3520,1080,201,336
141,3527,1081,187,323
142,3524,1078,193,332
143,3526,1080,191,330
144,3529,1078,187,305
145,3533,1080,186,304
146,3536,1077,194,325
147,3537,1074,193,333
148,3531,1080,204,332
149,3540,1076,194,334
150,3540,1078,199,340
151,3548,1076,188,337
152,3549,1079,186,322
153,3552,1080,185,322
154,3554,1081,190,328
155,3557,1079,193,337
156,3547,1078,205,329
157,3550,1085,198,313
158,3556,1078,188,321
159,3568,1076,177,309
160,3573,1078,177,318
161,3573,1079,180,323
162,3567,1081,196,329
163,3567,1077,198,338
164,3568,1077,196,330
165,3571,1077,196,336
166,3568,1077,200,317
167,3571,1085,201,317
168,3577,1079,192,313
169,3581,1081,191,313
170,3583,1078,190,327
171,3581,1084,198,322
172,3583,1076,195,342
173,3592,1077,189,335
174,3589,1077,195,340
175,3593,1079,190,324
176,3599,1076,189,329
177,3594,1083,201,331
178,3596,1079,202,340
179,3605,1081,191,318
180,3603,1079,189,324
181,3606,1077,197,334
182,3600,1076,203,343
183,3608,1080,200,333
184,3603,1078,208,336
185,3604,1082,208,331
186,3616,1080,196,325
187,3618,1084,191,315
188,3621,1081,189,314
189,3625,1078,185,322
190,3627,1080,189,315
191,3627,1081,194,325
192,3621,1080,197,316
193,3624,1081,199,318
194,3633,1081,194,332
195,3632,1079,197,326
196,3634,1081,196,327
197,3632,1079,197,325
198,3635,1079,203,335
199,3646,1077,190,337
200,3643,1076,196,338
201,3641,1076,201,336
202,3640,1081,203,333
203,3650,1079,191,333
204,3650,1074,202,343
205,3653,1084,194,320
206,3656,1078,189,322
207,3654,1080,199,325
208,3656,1076,195,343
209,3666,1077,189,331
210,3665,1081,193,335
211,3666,1079,194,334
212,3661,1077,205,323
213,3667,1083,203,331
214,3675,1079,194,332
215,3670,1079,201,336
216,3675,1083,197,328
217,3672,1083,199,316
218,3682,1084,193,326
219,3682,1080,192,316
220,3682,1089,197,313
221,3687,1081,196,331
222,3685,1074,202,346
223,3691,1088,196,320
224,3688,1079,209,332
225,3686,1088,209,316
226,3692,1081,198,328
227,3698,1078,185,323
228,3698,1081,190,323
229,3701,1080,191,321
230,3703,1077,200,334
231,3701,1080,200,322
232,3708,1083,198,332
233,3713,1079,194,331
234,3716,1078,190,328
235,3708,1076,201,336
236,3714,1083,190,314
237,3717,1079,186,314
238,3725,1080,178,305
239,3728,1079,174,301
240,3733,1078,162,294
241,3733,1080,163,278
242,3735,1082,183,305
243,3736,1078,182,315
244,3736,1081,188,311
245,3733,1080,199,328
246,3733,1081,197,325
247,3738,1078,192,335
248,3736,1078,191,321
249,3745,1077,190,325
250,3742,1078,201,335
251,3743,1088,200,315
252,3737,1082,205,315
253,3749,1083,198,324
254,3752,1080,190,317
255,3758,1078,183,317
256,3758,1079,189,318
257,3758,1084,191,318
258,3766,1080,183,329
259,3761,1081,195,326
260,3761,1079,197,314
261,3767,1084,198,319
262,3770,1079,192,336
263,3771,1079,193,330
264,3768,1085,199,315
265,3776,1078,191,321
266,3785,1080,185,332
267,3778,1082,200,326
268,3783,1079,196,333
269,3784,1080,194,329
270,3781,1078,199,342
271,3789,1076,189,326
272,3789,1081,193,334
273,3789,1080,199,335
274,3789,1080,203,334
275,3799,1079,192,338
276,3801,1080,189,331
277,3805,1079,189,342
278,3802,1080,197,335
279,3805,1084,191,316
280,3806,1080,191,325
281,3799,1079,203,331
282,3806,1081,198,332
283,3812,1079,195,337
284,3817,1079,188,332
285,3821,1077,182,321
286,3818,1082,188,308
287,3821,1080,190,320
288,3812,1080,210,328
289,3824,1087,195,324
290,3827,1080,189,313
291,3827,1080,195,326
292,3827,1081,199,324
293,3828,1081,199,333
294,3834,1083,193,323
295,3830,1079,201,334
296,-1,1077,189,328
297,0,1077,198,330
298,0,1085,197,321
299,3,1082,190,312
300,9,1083,191,320
301,9,1078,195,330
302,7,1084,197,324
303,9,1078,194,319
304,9,1084,201,327
305,13,1080,199,329
306,16,1085,198,321
307,16,1078,200,319
308,26,1083,189,321
309,29,1080,186,329
310,31,1080,185,323
311,34,1080,184,319
312,35,1080,189,321
313,32,1083,194,323
314,38,1079,184,312
315,41,1079,191,329
316,36,1078,196,308
317,42,1083,198,321
318,42,1083,200,328
319,56,1081,185,332
320,47,1080,200,335
321,51,1076,199,348
322,48,1079,202,343
323,53,1081,196,328
324,57,1077,195,341
325,51,1075,205,342
326,52,1087,206,317
327,54,1087,196,295
328,64,1079,200,332
329,63,1080,198,333
330,67,1080,192,315
331,69,1085,192,314
332,73,1079,186,321
333,70,1081,199,328
334,70,1079,199,327
335,78,1089,197,316
336,77,1080,199,334
337,80,1080,194,320
338,82,1090,197,315
339,94,1081,182,323
340,86,1084,199,330
341,92,1080,193,328
342,95,1077,194,341
343,92,1075,198,334
344,95,1078,197,332
345,95,1078,192,318
346,101,1083,196,317
347,104,1083,195,324
348,102,1076,194,334
349,104,1080,198,333
350,107,1081,197,325
351,108,1079,197,339
352,110,1079,197,333
353,111,1077,199,324
354,112,1087,201,321
355,115,1080,196,326
356,115,1081,199,322
357,121,1080,193,311
358,130,1084,190,319
359,121,1080,204,331
360,130,1085,192,314
361,130,1081,190,315
362,135,1079,189,328
363,128,1079,202,330
364,133,1085,203,323
365,140,1078,189,314
366,139,1089,195,302
367,142,1080,199,329
368,152,1076,189,335
369,150,1077,197,341
370,155,1079,189,339
371,162,1079,181,332
372,153,1084,197,319
373,153,1079,199,327
374,158,1078,196,338
375,156,1078,199,346
376,159,1079,199,335
377,165,1081,189,324
378,164,1081,194,331
379,167,1078,184,316
380,174,1076,194,338
381,168,1074,201,336
382,168,1079,203,336
383,172,1083,198,327
384,177,1079,202,341
385,177,1076,201,343
386,178,1076,203,344
387,183,1079,193,334
388,183,1079,196,319
389,186,1084,199,328
390,191,1076,198,340
391,193,1080,194,331
392,196,1075,191,330
393,191,1084,203,323
394,200,1078,193,335
395,199,1078,197,338
396,205,1079,189,336
397,206,1080,198,339
398,201,1079,206,339
399,201,1083,204,322
400,206,1084,195,318
401,210,1079,190,317
402,213,1081,196,329
403,219,1078,184,322
404,222,1078,186,323
405,216,1079,202,336
406,221,1081,199,333
407,227,1081,187,318
408,225,1081,193,325
409,222,1081,202,333
410,240,1079,186,322
411,225,1081,210,330
412,226,1088,207,311
413,232,1081,197,328
414,237,1079,192,334
415,240,1076,195,337
416,243,1081,190,320
417,249,1080,185,320
418,245,1080,197,319
419,247,1092,193,304
420,257,1079,170,301
421,256,1079,183,311
422,257,1081,179,296
423,263,1079,170,292
424,260,1079,195,313
425,257,1086,203,326
426,260,1081,200,339
427,265,1081,196,323
428,258,1078,206,325
429,267,1087,194,307
430,270,1080,192,328
431,273,1080,189,319
432,276,1080,193,319
433,270,1081,205,335
434,279,1077,195,330
435,278,1083,197,321
436,279,1079,195,327
437,285,1080,192,337
438,289,1078,193,336
439,294,1078,190,335
440,295,1079,192,329
441,292,1078,196,341
442,295,1078,196,330
443,301,1080,193,336
444,304,1080,186,330
445,304,1079,191,332
446,299,1078,200,328
447,301,1089,203,317
448,311,1083,184,314
449,308,1080,191,319
450,311,1079,194,324
451,313,1078,195,330
452,317,1076,190,338
453,314,1078,191,323
454,322,1079,186,319
455,323,1079,190,321
456,317,1078,201,325
457,321,1088,198,317
458,326,1082,194,319
459,330,1079,196,333
460,336,1076,187,325
461,332,1083,195,320
462,336,1079,187,328
463,341,1081,183,317
464,341,1081,190,324
465,336,1081,204,336
466,340,1077,195,322
467,346,1090,196,316
468,349,1083,193,328
469,346,1078,194,324
470,351,1083,194,314
471,352,1079,195,333
472,355,1084,196,313
473,358,1080,195,328
474,359,1077,199,339
475,358,1084,199,311
476,362,1087,199,312
477,368,1080,190,325
478,368,1079,193,330
479,370,1079,182,316
480,379,1077,187,328
481,377,1079,189,327
482,373,1077,199,333
483,373,1082,199,332
484,377,1080,199,331
485,378,1076,205,338
486,384,1084,199,327
487,383,1080,199,334
488,386,1080,196,318
489,390,1080,193,331
490,392,1077,197,341
491,398,1079,196,334
492,391,1079,208,336
493,397,1083,201,327
494,403,1080,192,330
495,403,1079,197,331
496,396,1078,203,339
497,402,1079,196,323
498,406,1079,195,321
499,414,1080,189,329
500,418,1077,182,318
501,420,1077,185,327
502,416,1077,198,336
503,413,1079,199,327
504,416,1080,203,329
505,421,1080,200,338
506,427,1083,190,309
507,430,1078,187,323
508,428,1080,195,331
509,434,1077,192,329
510,436,1077,192,330
511,428,1080,210,333
512,438,1083,196,321
513,437,1080,191,316
514,447,1076,182,322
515,447,1078,191,335
516,450,1079,190,332
517,443,1083,201,328
518,449,1081,195,329
519,450,1079,195,325
520,455,1082,190,327
521,459,1080,186,327
522,456,1079,199,335
523,457,1080,198,330
524,460,1079,197,333
525,460,1076,196,335
526,462,1079,198,337
527,469,1077,196,344
528,468,1077,201,342
529,469,1084,197,321
530,469,1077,196,327
531,472,1080,196,330
532,476,1074,201,340
533,478,1076,199,345
534,485,1079,191,332
535,482,1080,196,320
536,481,1088,201,320
537,488,1079,192,328
538,490,1079,195,332
539,487,1080,200,329
540,490,1079,199,338
541,498,1078,199,338
542,489,1080,210,338
543,498,1079,192,321
544,501,1081,201,324
545,491,1088,210,318
546,503,1079,199,329
547,504,1084,200,327
548,513,1080,193,331
549,511,1075,197,334
550,516,1079,190,324
551,520,1079,184,322
552,520,1079,190,324
553,522,1080,191,332
554,526,1076,190,337
555,529,1077,193,340
556,525,1084,196,319
557,526,1080,196,323
558,528,1080,194,328
559,529,1081,195,329
560,539,1075,197,343
561,538,1079,197,340
562,544,1078,194,339
563,544,1080,195,336
564,548,1076,192,340
565,545,1081,195,329
566,548,1077,188,321
567,548,1081,197,323
568,552,1079,196,333
569,552,1079,193,325
570,555,1079,194,321
571,558,1081,197,324
572,560,1081,192,322
573,564,1078,184,317
574,566,1078,187,323
575,564,1081,198,327
576,570,1079,190,330
577,567,1077,202,338
578,571,1082,196,326
579,574,1083,195,326
580,571,1078,200,326
581,573,1084,200,321
582,577,1079,194,325
583,579,1079,193,328
584,582,1080,195,331
585,585,1076,194,329
586,585,1080,196,333
587,591,1080,190,319
588,590,1078,198,335
589,595,1079,191,323
590,593,1079,197,334
591,595,1076,193,329
592,596,1088,195,321
593,604,1082,195,322
594,599,1083,198,325
595,605,1081,198,326
596,609,1075,194,333
597,606,1083,198,322
598,609,1079,194,318
599,612,1079,200,334
600,609,1079,209,335
601,620,1081,194,339
