1,3672,823,60,141
2,3671,811,60,141
3,3665,809,60,141
4,3658,784,60,141
5,3658,784,60,141
6,3651,783,60,141
7,3643,773,58,137
8,3641,767,58,137
9,3639,770,58,137
10,3638,771,58,137
11,3637,771,60,141
12,3630,746,60,141
13,3629,781,60,141
14,3625,804,60,141
15,3624,804,60,141
16,3617,786,60,141
17,3610,767,60,141
18,3607,768,58,138
19,3606,778,58,138
20,3605,777,58,138
21,3606,805,58,138
22,3606,819,58,138
23,3606,805,58,138
24,3602,767,57,135
25,3602,766,57,135
26,3590,766,57,135
27,3588,789,57,135
28,3590,799,57,135
29,3597,798,57,135
30,3597,797,57,135
31,3596,780,57,135
32,3590,759,57,135
33,3588,762,57,135
34,3583,755,57,135
35,3583,754,57,135
36,3584,761,57,135
37,3580,741,57,135
38,3576,731,57,135
39,3572,733,57,135
40,3571,734,57,135
41,3571,746,57,135
42,3571,763,57,135
43,3570,773,57,135
44,3567,770,57,135
45,3567,768,57,135
46,3559,746,56,132
47,3558,764,56,132
48,3555,752,56,132
49,3551,737,56,132
50,3550,733,57,135
51,3548,743,57,135
52,3546,767,57,135
53,3544,769,57,135
54,3541,779,57,135
55,3540,776,58,138
56,3535,792,58,138
57,3526,790,58,138
58,3518,799,58,138
59,3514,812,57,135
60,3514,813,57,135
61,3513,805,57,135
62,3516,812,57,135
63,3516,814,56,132
64,3515,816,56,132
65,3514,817,56,132
66,3513,817,56,132
67,3514,822,56,132
68,3521,830,56,132
69,3527,830,56,132
70,3527,831,56,132
71,3532,827,56,132
72,3536,835,56,132
73,3540,846,56,132
74,3543,851,56,132
75,3542,851,56,132
76,3545,859,56,132
77,3549,853,56,132
78,3550,842,56,132
79,3552,846,56,132
80,3551,845,56,132
81,3551,864,56,132
82,3548,872,56,132
83,3548,869,56,132
84,3545,860,56,132
85,3545,859,56,132
86,3538,851,57,135
87,3531,851,57,135
88,3527,869,57,135
89,3524,877,58,138
90,3524,877,58,138
91,3521,889,60,141
92,3515,899,61,144
93,3510,916,61,144
94,3503,918,61,144
95,3502,920,61,144
96,3494,920,61,144
97,3486,923,61,144
98,3482,917,61,144
99,3480,915,61,144
100,3480,914,61,144
101,3476,913,62,147
102,3472,917,62,147
103,3466,929,64,150
104,3462,939,64,150
105,3462,939,64,150
106,3460,931,65,154
107,3460,924,65,154
108,3457,912,65,154
109,3452,910,67,157
110,3452,910,67,157
111,3445,913,68,161
112,3442,922,68,161
113,3437,919,68,161
114,3428,904,70,164
115,3428,904,70,164
116,3420,901,70,164
117,3411,886,71,168
118,3406,886,73,172
119,3402,901,74,175
120,3401,902,74,175
121,3406,902,74,175
122,3407,886,74,175
123,3405,872,74,175
124,3396,849,76,179
125,3396,847,76,179
126,3390,844,76,179
127,3389,854,76,179
128,3390,853,76,179
129,3389,854,76,179
130,3390,854,76,179
131,3386,864,76,179
132,3381,861,76,179
133,3377,858,78,183
134,3375,858,78,183
135,3375,858,78,183
136,3370,842,78,183
137,3365,839,78,183
138,3363,850,78,183
139,3359,843,78,183
140,3358,841,78,183
141,3355,843,78,183
142,3350,839,78,183
143,3340,808,78,183
144,3338,817,78,183
145,3336,815,78,183
146,3331,806,78,183
147,3325,803,79,187
148,3326,824,81,191
149,3312,826,81,191
150,3313,824,83,196
151,3305,830,85,200
152,3292,818,85,200
153,3287,814,87,204
154,3282,828,89,209
155,3280,835,89,209
156,3278,861,89,209
157,3278,875,89,209
158,3274,872,89,209
159,3263,865,89,209
160,3264,859,91,214
161,3263,852,93,218
162,3257,852,93,218
163,3251,848,95,223
164,3243,863,95,223
165,3245,869,97,228
166,3240,884,97,228
167,3232,883,97,228
168,3220,870,99,233
169,3207,863,99,233
170,3207,860,99,233
171,3203,873,99,233
172,3195,887,99,233
173,3187,893,101,238
174,3178,882,103,244
175,3175,880,103,244
176,3171,879,106,249
177,3164,898,106,249
178,3157,898,108,255
179,3156,906,110,260
180,3154,904,113,266
181,3155,911,113,266
182,3148,915,113,266
183,3143,915,113,266
184,3140,933,113,266
185,3142,933,113,266
186,3135,928,113,266
187,3126,931,113,266
188,3116,933,113,266
189,3107,942,113,266
190,3107,943,113,266
191,3103,950,115,272
192,3089,962,115,272
193,3077,961,115,272
194,3067,955,118,278
195,3068,953,118,278
196,3051,956,118,278
197,3036,956,121,284
198,3022,960,121,284
199,3012,960,123,290
200,3002,964,123,290
201,2987,982,121,284
202,2975,991,121,284
203,2965,991,118,278
204,2951,996,118,278
205,2947,1002,118,278
206,2940,1016,116,272
207,2928,1014,116,272
208,2909,1026,116,272
209,2894,1027,113,266
210,2889,1035,113,266
211,2882,1032,111,261
212,2873,1049,111,261
213,2863,1056,113,266
214,2848,1066,111,261
215,2850,1078,111,261
216,2835,1089,111,261
217,2818,1084,111,261
218,2799,1089,111,261
219,2785,1094,111,261
220,2782,1095,113,267
221,2768,1094,113,267
222,2751,1104,113,267
223,2731,1107,111,261
224,2715,1124,111,261
225,2708,1131,111,261
226,2696,1128,111,261
227,2685,1130,111,261
228,2670,1146,108,255
229,2673,1143,106,250
230,2665,1162,104,244
231,2671,1146,104,244
232,2656,1150,102,239
233,2645,1154,104,245
234,2641,1147,104,245
235,2637,1145,102,239
236,2620,1152,99,234
237,2608,1154,102,239
238,2590,1154,99,234
239,2587,1137,97,229
240,2589,1135,95,224
241,2583,1123,95,224
242,2567,1124,95,224
243,2541,1141,97,229
244,2519,1154,95,224
245,2510,1158,93,220
246,2501,1158,93,220
247,2491,1156,95,225
248,2478,1152,97,229
249,2454,1161,97,229
250,2446,1164,100,235
251,2432,1170,100,235
252,2422,1177,100,235
253,2398,1188,100,235
254,2378,1195,100,235
255,2363,1200,97,230
256,2349,1207,97,230
257,2339,1215,100,235
258,2329,1219,100,235
259,2315,1225,100,235
260,2316,1228,100,235
261,2303,1231,100,235
262,2297,1249,102,240
263,2288,1250,102,240
264,2269,1249,104,245
265,2267,1246,106,251
266,2252,1254,106,251
267,2232,1254,106,251
268,2221,1261,109,256
269,2210,1264,111,262
270,2212,1271,114,268
271,2199,1265,114,268
272,2181,1271,116,274
273,2165,1274,116,274
274,2150,1268,116,274
275,2145,1270,116,274
276,2133,1277,116,274
277,2124,1280,116,274
278,2115,1286,119,280
279,2101,1291,119,280
280,2089,1278,119,280
281,2080,1285,119,280
282,2070,1285,119,280
283,2063,1286,119,280
284,2058,1294,119,280
285,2052,1281,119,280
286,2043,1274,119,280
287,2032,1284,116,274
288,2024,1286,116,274
289,2017,1292,116,274
290,2013,1286,114,268
291,2003,1290,114,268
292,1996,1299,114,268
293,1987,1290,114,268
294,1976,1280,114,268
295,1975,1289,114,268
296,1968,1290,114,268
297,1954,1277,114,268
298,1936,1280,111,262
299,1926,1283,111,262
300,1923,1286,111,262
301,1916,1290,111,262
302,1902,1277,111,262
303,1890,1283,111,262
304,1880,1289,111,262
305,1877,1280,109,257
306,1872,1291,107,251
307,1865,1295,104,246
308,1858,1299,104,246
309,1852,1291,104,246
310,1848,1295,104,246
311,1841,1302,102,240
312,1839,1308,100,235
313,1831,1311,100,235
314,1824,1313,98,230
315,1827,1318,96,225
316,1820,1315,94,221
317,1813,1320,94,221
318,1805,1324,94,221
319,1799,1329,92,216
320,1797,1331,90,211
321,1793,1333,90,211
322,1789,1340,88,207
323,1786,1330,88,207
324,1780,1334,86,202
325,1784,1329,86,202
326,1779,1321,84,198
327,1773,1325,82,194
328,1769,1336,80,190
329,1765,1349,79,186
330,1764,1353,79,186
331,1760,1359,77,182
332,1756,1357,75,178
333,1752,1356,74,174
334,1748,1350,74,174
335,1745,1352,74,174
336,1742,1349,72,170
337,1737,1344,72,170
338,1733,1336,71,167
339,1728,1342,69,163
340,1727,1349,68,159
341,1724,1340,68,159
342,1721,1355,68,159
343,1714,1347,68,159
344,1706,1352,66,156
345,1706,1358,65,153
346,1701,1351,63,149
347,1698,1347,62,146
348,1694,1341,61,143
349,1692,1344,61,143
350,1691,1351,59,140
351,1689,1366,59,140
352,1686,1360,58,137
353,1682,1340,59,140
354,1681,1343,58,137
355,1685,1342,58,137
356,1683,1335,57,134
357,1681,1349,56,131
358,1678,1352,56,131
359,1679,1348,54,128
360,1678,1342,53,126
361,1677,1350,52,123
362,1677,1348,51,120
363,1675,1350,51,120
364,1670,1356,51,120
365,1667,1357,51,120
366,1663,1335,51,120
367,1661,1317,51,120
368,1657,1320,51,120
369,1655,1322,51,120
370,1653,1315,52,123
371,1656,1341,52,123
372,1651,1356,52,123
373,1658,1353,51,120
374,1656,1327,51,120
375,1658,1327,51,120
376,1656,1322,51,120
377,1653,1316,51,120
378,1653,1322,51,120
379,1653,1322,51,120
380,1654,1322,51,120
381,1656,1315,50,118
382,1657,1310,50,118
383,1656,1330,49,115
384,1654,1353,48,113
385,1652,1352,48,113
386,1650,1364,47,110
387,1646,1368,46,108
388,1644,1361,46,108
389,1641,1346,45,106
390,1641,1348,44,104
391,1639,1350,43,101
392,1637,1362,42,99
393,1635,1362,41,97
394,1633,1355,41,97
395,1635,1352,41,97
396,1633,1355,41,97
397,1632,1357,41,97
398,1630,1352,40,95
399,1629,1359,40,95
400,1629,1362,39,93
401,1628,1362,38,91
402,1627,1362,38,91
403,1626,1366,38,89
404,1623,1364,37,87
405,1622,1369,36,85
406,1620,1358,36,85
407,1618,1347,36,85
408,1615,1357,36,85
409,1607,1354,35,83
410,1607,1350,35,83
411,1604,1352,34,82
412,1595,1357,34,80
413,1592,1344,33,78
414,1584,1346,33,78
415,1583,1347,33,78
416,1578,1356,34,80
417,1571,1355,34,80
418,1567,1358,33,78
419,1561,1358,33,78
420,1559,1361,32,76
421,1558,1339,33,78
422,1554,1340,34,80
423,1546,1347,34,80
424,1547,1346,33,78
425,1547,1345,32,76
426,1543,1353,32,76
427,1539,1348,33,78
428,1536,1340,32,77
429,1533,1349,32,75
430,1531,1349,32,75
431,1532,1348,32,75
432,1531,1348,31,73
433,1529,1350,31,73
434,1527,1348,31,73
435,1529,1349,30,72
436,1532,1335,30,72
437,1531,1335,30,70
438,1529,1337,29,69
439,1528,1336,29,69
440,1527,1336,28,67
441,1524,1341,28,67
442,1523,1336,28,66
443,1522,1328,28,66
444,1522,1329,28,66
445,1521,1329,28,66
446,1521,1330,28,66
447,1521,1337,27,64
448,1516,1360,26,63
449,1514,1350,26,63
450,1513,1351,26,62
451,1511,1341,26,62
452,1502,1342,26,62
453,1496,1338,26,62
454,1490,1346,25,60
455,1489,1347,25,60
456,1482,1356,25,59
457,1475,1352,25,59
458,1468,1343,24,58
459,1460,1344,24,58
460,1458,1346,24,58
461,1449,1353,24,56
462,1446,1351,24,56
463,1442,1351,24,58
464,1436,1347,24,58
465,1436,1345,24,56
466,1434,1338,24,56
467,1431,1334,24,56
468,1429,1336,24,56
469,1427,1338,23,55
470,1427,1336,23,55
471,1429,1334,23,55
472,1428,1333,23,55
473,1427,1327,23,54
474,1424,1323,23,54
475,1422,1324,23,54
476,1420,1317,23,54
477,1411,1325,22,53
478,1403,1326,23,54
479,1393,1326,22,53
480,1392,1327,22,52
481,1381,1332,22,53
482,1370,1338,22,53
483,1360,1338,22,53
484,1352,1334,23,54
485,1351,1335,23,54
486,1340,1333,23,54
487,1334,1326,23,54
488,1327,1326,23,54
489,1315,1332,23,54
490,1315,1333,23,54
491,1308,1326,23,55
492,1299,1323,23,54
493,1292,1321,23,55
494,1285,1320,23,55
495,1284,1321,23,55
496,1278,1316,23,55
