1.0
0.7953391887716821
0.7092353404887515
0.7527087723779722
0.6626519216029783
0.6808978873239436
0.6528234723046222
0.6883921970084741
0.718622600435385
0.6341370404395833
0.6305161578350905
0.6715801886792453
0.6904486140066404
0.6746031746031746
0.6909201613517011
0.6770109328624563
0.7066742771665322
0.7143195640154806
0.7103064066852368
0.737412858249419
0.6524915494493512
0.677218118879695
0.6418020420336129
0.6097634422993274
0.5816186556927297
0.6436357835404222
0.6070821812851861
0.6901860166773572
0.6610682869320759
0.6923542770628311
0.7106012689308374
0.7023971935295265
0.7272283669486012
0.6268367064042141
0.6742600169560249
0.5971338099435249
0.6263646288209607
0.6965428937259923
0.6994006541755686
0.6971756294928704
0.6396561443066516
0.6331605121151201
0.653798886720162
0.6609205941683477
0.7204632253295552
0.6685687847008019
0.6760163323273567
0.6582960294064126
0.6809369481262978
0.6268873403019745
0.7019425050513134
0.6653109772474389
0.5789549491878051
0.6961072947333987
0.6635237364324087
0.7013583466313782
0.6380021868717153
0.7017301569033644
0.6737624337190851
0.6840502978160159
0.6211858440510328
0.6397357176200222
0.7040113372436326
0.711308562197092
0.6765904105296145
0.6727529699377364
0.6779531031309316
0.6655627920668212
0.654482534876176
0.6095504681928755
0.6537288804390716
0.7043339433822671
0.6492593064995171
0.6467342122540235
0.6904486140066404
0.7080006262721152
0.6176075962431623
0.6715801886792453
0.6431420681190549
0.7051302042725713
0.6447214232449132
0.6829231178909727
0.6656607662017444
0.7066742771665322
0.7020141026140481
0.6675804838291409
0.7307613126363899
0.7115414649383102
0.6284745058672851
0.6916802610114192
0.6794574674214505
0.6936228580260031
0.7316542413862583
0.7100412490285555
0.6402558180849174
0.6630058536762174
0.723404255319149
0.7060368531210244
0.6856664510482858
0.6524075743913436
0.650913072657271
0.7014158528454328
0.6716175971651525
0.659977378042106
0.6518613196996326
0.7047048624793127
0.6873297271686343
0.6657777439140539
0.6868686868686869
0.7362934830915923
0.7038961572429091
0.683996383363472
0.7066302620318676
0.7334224944993313
0.7293262101606777
0.6853484052013754
0.6775576410612907
0.6557568673290474
0.6593310818171915
0.6996750734952808
0.6571356183720004
0.681678177191942
0.6939583252493112
0.6526457382800429
0.6548101147709247
0.6981412923170871
0.5807002561912895
0.5915186661833998
0.6703274049363743
0.6315605011828617
0.608903586873569
0.6723038896838819
0.642538776965591
0.6419420094403236
0.672425835385803
0.6201909169800405
0.5772090500047867
0.6392732650258793
0.737636626108476
0.696036685227645
0.7171620325982742
0.681678177191942
0.6735807250451524
0.7628884337993055
0.7140102001457164
0.7193669304456477
0.7124352861732387
0.7209117413199045
0.6680386751058129
0.7178215842296773
0.6838869355123849
0.651937285997477
0.6203997949769349
0.6086357824333628
0.6513596900337232
0.7117135180655251
0.6971756294928704
0.6734194374364574
0.6199403639853309
0.6591874523472389
0.6087897092839433
0.6552965562384087
0.6497439965385448
0.714066943775979
0.718716577540107
0.7341745035453396
0.7075436640654031
0.7404615320182603
0.7452518836789339
0.6952778151486614
0.5758660020937173
0.5448192771084337
0.6810882048385578
0.7218741269904617
0.7015103260975752
0.6464119291705499
0.6955706951412342
0.6799598448910498
0.6765904105296145
0.7237651754531848
0.6713232137979475
0.7103064066852368
0.7083613894720164
0.651937285997477
0.634310562491233
0.6394273784670444
0.6579596041352416
0.6478536497011411
0.6130247578040904
0.7223537368955022
0.7426873666150563
0.6748179077648997
0.6684158013377185
0.7414786119822091
0.7331923890063425
0.7215679746993466
0.7377263708894424
0.7193669304456477
0.7286064577280501
0.7268706229266495
0.6821282401091405
0.6435254624669666
0.6712861888941624
0.6945942844026168
0.6711563792879538
0.6680016624475762
0.6981633738290997
0.6996028724870882
0.7365478686233403
0.7461572634384718
0.688087596752879
0.6667035255524225
0.7412056151940545
0.7286434289102537
0.6819632274730284
0.674937965260546
0.6669152744630071
0.6082743197912784
0.6707303557575086
0.6920457588858706
0.7179325559407501
0.6551201558778956
0.6633030608812647
0.6994166410807492
0.731723903434206
0.6963382077539149
0.6512654557698423
0.6626976130722306
0.6904486140066404
0.6708203530633438
0.6275266003236804
0.6354465328660932
0.6442617089739006
0.6530398714547289
0.6790224190853635
0.7233749949439793
0.630136028254712
0.6520496413358167
0.6916922595410888
0.66262506043813
0.6576116483755298
0.6746031746031746
0.6794595208356988
0.6968891608191048
0.7063674569819999
0.695507235396621
0.670891454965358
0.6853484052013754
0.722209110219495
0.6720575022461814
0.7402521195443232
0.7399877681000485
0.719562243502052
0.6958678967361811
0.6996750734952808
0.6554940304273441
0.6184470184470184
0.7216437263115899
0.7205725356846309
0.7353601305855948
0.7515535721733327
0.7242852719578904
0.676324876144723
0.685171102661597
0.6591397257256154
0.718716577540107
0.7066302620318676
0.6939583252493112
0.6579966896451372
0.6310407620114862
0.7150060587108626
0.7372030470402234
0.6925757169659609
0.6873297271686343
0.6973232669869595
0.6886931264451281
0.6996750734952808
0.6978692697789092
0.7111533662130846
0.0
0.0
0.0
0.0
0.0
0.0
0.0
0.0
0.0
0.0
0.0
0.0
0.0
0.0
0.0
0.7092812721404392
0.0
0.7381434417402541
0.7430613262423135
0.7879002299663895
0.7231770887851445
0.6952778151486614
0.6833913616260469
0.7068607068607069
0.6344663088849135
0.7393427152997168
0.7489962794021819
0.7031809066960248
0.6485886984971996
0.6665414804521727
0.7023971935295265
0.6439717329698318
0.6783551163532037
0.661304474992688
0.7404615320182603
0.7097615941169494
0.7136792452830188
0.6441257729246151
0.6650739136926982
0.6421264317565796
0.5915955351280368
0.6168436243686218
0.7232607056395602
0.6924000154864687
0.5989410658617448
0.6335032518896115
0.6917919075144509
0.6543868882038945
0.6387599114222444
0.6354465328660932
0.653798886720162
0.7314202216178918
0.7103064066852368
0.6543922722155645
0.6414404074459309
0.705999800339423
0.6713969290836055
0.7200761481716507
0.7106098546838339
0.6888454011741683
0.6339824441043502
0.7293262101606777
0.6746031746031746
0.6377491207502931
0.6600959571540149
0.6802567006417516
0.6785734535351817
0.717774650219389
0.6931758424011973
0.7492870106300233
0.7354612475971186
0.7428497699023698
0.7445362877050244
0.7454342154304883
0.7097066952683471
0.7087774294670847
0.6672117743254292
0.6558570362686758
0.6837541975753666
0.7395820603690578
0.6770109328624563
0.6798176734209216
0.67360454115421
0.6746987951807228
0.671855466387063
0.7428031703010143
0.6439695371153881
0.6765412777374099
0.6877697294625373
0.7039731393396754
0.7207221729668736
0.67619012281548
0.674937965260546
0.6515249837767684
0.7076218409739242
0.6600959571540149
0.6574944112248051
0.65118623321453
0.6706363974692966
0.7204632253295552
0.6835346277327625
0.6465310791006899
0.6581837955410549
0.6656607662017444
0.7066302620318676
0.705077057048543
0.6600853495485265
0.625503587792859
0.6248799890275683
0.5259025297399416
0.700518931385739
0.7553959873284055
0.7247756666807095
0.7512263489838823
0.6745274190529665
0.7134268537074149
0.7496218321971031
0.7103513770180437
0.6477826290910403
0.6623782392942473
0.6785734535351817
0.7160977137488256
0.6756600859646837
0.7286064577280501
0.668079627612162
0.6195738783994457
0.6194155877386008
0.6116191590738109
0.6442410048967426
0.652902107998845
0.6276850470208557
0.6326798300075203
0.6835575485799701
0.6913561651573061
0.6465581710053061
0.6430260047281324
0.6855814999437803
0.7216437263115899
0.6835346277327625
0.7010858912540672
0.6581686694181672
0.6373992873317067
0.6679250123696604
0.7102934871575008
0.7208144162883258
0.7377263708894424
0.725177686840405
0.701651715242752
0.709669650383334
0.6814931591689657
0.6641454011382413
0.6979855451330156
0.6827385969841716
0.6944348823866896
0.7080006262721152
0.6075024111267153
0.6548101147709247
0.6916922595410888
0.6947981228094493
0.6772756206238065
0.6800513246282738
0.6983520420348698
0.716297786720322
0.7166813047652117
0.7066742771665322
0.7510068507369733
0.699390957124995
0.6971756294928704
0.6843501326259946
0.6302197230032281
0.637101811367895
0.6632925370387411
0.7238945815557594
0.6680016624475762
0.699390957124995
0.7251266814546491
0.6800819375828413
0.7359986575491883
0.719823841942587
0.719562243502052
0.699215276972438
0.6683297383475569
0.6802792190824593
0.6476190476190476
0.7080224997008019
0.7350595972050966
0.7289987315356602
0.6756620916296153
0.6932493603621335
0.6424843901635142
0.6670862177470107
0.7222155424632279
0.7014546480235323
0.6868298565963782
0.657808279185223
0.6975039001560063
0.6696146557169931
0.7376793701552349
0.6748679245283019
0.6869742250220874
0.632424434580427
0.6853484052013754
0.6622774552962718
0.6881802558716823
0.6604966553651608
0.6966837422485845
0.6473872584108804
0.5749340453259592
0.6687383467992541
0.6405439382403456
0.6667035255524225
0.6873297271686343
0.6707273941918497
0.6718940060257874
0.6734414840545434
0.670690416605329
0.6909201613517011
0.6973024679548498
0.6949931097841066
0.7134268537074149
0.7136792452830188
0.7003035776044269
0.7093120560474847
0.6806140878988561
0.682883284981031
0.6246443873179092
0.6658173479416154
0.6400684565194138
0.6516950364754684
0.704799984472351
0.7062590293233376
0.6349340073013199
0.681336467686616
0.7034663784451478
0.6939583252493112
0.661867332696687
0.6674846625766871
0.7082637319445809
0.6227063026813279
0.651684558523086
0.6396308456828468
0.632073665337952
0.630749381037068
0.6766422265449649
0.7082637319445809
0.7140093948604587
0.684832592254779
0.6968891608191048
0.7471278773446965
0.7409402546523016
0.7030137520725641
0.6566470630944602
0.7134514500643373
0.6601941747572816
0.7342616526307012
0.7076218409739242
0.6801293021486975
0.65599595331864
0.6434418967289223
0.6622972428691736
0.6251517779705117
0.6352027428891299
0.7140093948604587
0.6798176734209216
0.7076820751579648
0.6561349415072095
0.6943798818822633
0.644780391806065
0.6253512491697747
0.6550075997582727
0.7060368531210244
0.7224543392622658
0.7350595972050966
0.7043189368770764
0.7172315714624319
0.7140210006176653
0.699390957124995
0.7371508736130595
0.7408670339952178
0.7200761481716507
0.689154046198562
0.7249640632486823
0.7013583466313782
0.7226028802363271
0.7030350499314666
0.7015727037366204
0.6647491211249601
0.6978692697789092
0.7023199405344079
0.6520914588327906
0.7247386759581882
0.6654016445287793
0.6379009363262859
0.6591075347476225
0.702731486046741
0.667618014726868
0.6888454011741683
0.6723038896838819
0.6599653379549394
0.6825882528546906
0.7043695678056912
0.6958678967361811
0.632073665337952
0.7086397420268198
0.7342284050469103
0.7083613894720164
0.6524075743913436
0.6606298346592367
0.6868686868686869
0.6216234792769263
0.6792310591782887
0.7364672067981588
0.6873297271686343
0.6780699133552435
0.6450899623745074
0.6888454011741683
0.6585356973823133
0.6804139400395678
0.5863209076175041
0.6519262744543107
0.6433097410734773
0.6643649452729009
