1,3268,1068,135,278
2,3254,1074,170,282
3,3238,1076,203,279
4,3234,1080,205,273
5,3249,1081,190,264
6,3248,1078,186,270
7,3251,1080,192,258
8,3245,1080,199,271
9,3252,1078,201,290
10,3254,1080,194,280
11,3260,1083,192,276
12,3257,1081,193,277
13,3266,1080,178,262
14,3258,1083,202,276
15,3264,1074,195,291
16,3263,1078,203,292
17,3265,1083,197,271
18,3268,1080,197,286
19,3264,1079,214,299
20,3290,1075,176,286
21,3285,1080,183,282
22,3284,1081,186,267
23,3287,1084,183,263
24,3287,1081,193,268
25,3286,1078,198,299
26,3297,1078,180,288
27,3289,1078,190,280
28,3291,1081,198,278
29,3296,1080,185,271
30,3296,1082,191,291
31,3297,1084,190,266
32,3296,1082,199,275
33,3300,1084,190,262
34,3300,1084,195,252
35,3299,1081,197,247
36,3309,1081,191,269
37,3317,1079,180,267
38,3319,1081,178,267
39,3316,1081,185,276
40,3314,1082,191,272
41,3320,1081,188,265
42,3324,1079,182,263
43,3322,1087,184,247
44,3319,1084,198,265
45,3321,1080,204,275
46,3328,1084,184,250
47,3334,1081,180,261
48,3325,1082,196,269
49,3331,1080,201,280
50,3337,1083,191,260
51,3332,1080,203,268
52,3337,1080,195,265
53,3346,1080,188,259
54,3339,1080,204,269
55,3341,1081,199,264
56,3341,1084,201,260
57,3353,1080,193,276
58,3350,1080,195,271
59,3351,1083,199,269
60,3356,1081,196,276
61,3361,1082,193,283
62,3358,1080,191,265
63,3357,1077,202,284
64,3359,1080,192,266
65,3361,1081,197,266
66,3367,1079,192,275
67,3373,1079,187,279
68,3383,1082,182,277
69,3376,1080,189,282
70,3372,1083,200,262
71,3374,1083,197,268
72,3377,1079,206,291
73,3376,1082,200,279
74,3385,1079,190,288
75,3375,1079,211,292
76,3385,1078,193,283
77,3390,1078,189,274
78,3394,1081,186,255
79,3388,1078,199,272
80,3392,1079,202,286
81,3402,1082,185,276
82,3400,1079,191,272
83,3405,1082,187,270
84,3397,1081,212,291
85,3406,1082,188,255
86,3404,1082,197,247
87,3412,1082,189,261
88,3412,1080,193,256
89,3413,1077,190,279
90,3414,1083,199,259
91,3418,1079,199,284
92,3418,1080,192,259
93,3417,1079,200,266
94,3429,1078,192,263
95,3428,1082,193,266
96,3429,1083,192,259
97,3434,1082,192,265
98,3430,1082,198,254
99,3433,1080,195,263
100,3434,1081,198,278
101,3441,1082,194,275
102,3443,1081,184,261
103,3437,1083,200,250
104,3437,1078,205,274
105,3449,1084,189,260
106,3448,1080,193,258
107,3449,1083,199,254
108,3453,1079,188,249
109,3463,1080,182,252
110,3458,1081,193,254
111,3456,1082,194,254
112,3456,1082,204,276
113,3467,1085,189,262
114,3470,1080,186,269
115,3469,1080,189,257
116,3474,1079,181,248
117,3476,1080,185,252
118,3479,1078,185,279
119,3476,1081,193,271
120,3483,1080,184,260
121,3482,1084,187,265
122,3491,1079,180,273
123,3488,1080,189,276
124,3490,1081,186,269
125,3491,1080,191,263
126,3493,1083,186,262
127,3494,1084,190,260
128,3493,1084,195,248
129,3505,1084,178,255
130,3495,1084,196,257
131,3497,1081,203,267
132,3498,1083,196,276
133,3509,1079,183,257
134,3511,1080,180,255
135,3513,1081,181,261
136,3513,1084,185,265
137,3507,1083,203,272
138,3510,1085,205,256
139,3515,1080,196,269
140,3519,1082,193,283
141,3529,1082,177,264
142,3524,1081,192,270
143,3524,1082,192,270
144,3532,1079,184,259
145,3527,1081,193,271
146,3536,1079,184,269
147,3537,1081,184,266
148,3534,1085,189,254
149,3537,1079,192,261
150,3532,1080,201,271
151,3536,1080,204,262
152,3538,1081,197,262
153,3536,1079,207,268
154,3544,1080,204,289
155,3543,1078,191,284
156,3549,1078,195,256
157,3549,1082,191,265
158,3550,1082,199,268
159,3562,1079,186,273
160,3557,1084,194,253
161,3560,1080,190,248
162,3567,1082,182,256
163,3568,1081,185,254
164,3574,1081,177,263
165,3567,1083,190,248
166,3577,1083,180,247
167,3573,1082,190,244
168,3575,1082,193,241
169,3584,1081,179,264
170,3583,1083,183,258
171,3584,1081,187,258
172,3583,1081,191,268
173,3583,1082,192,267
174,3589,1080,187,253
175,3594,1084,180,249
176,3592,1083,189,252
177,3601,1082,176,248
178,3602,1082,178,250
179,3601,1082,179,248
180,3597,1082,193,255
181,3599,1082,193,250
182,3604,1082,189,271
183,3613,1080,178,274
184,3614,1080,177,267
185,3609,1081,191,274
186,3609,1082,193,259
187,3607,1084,198,247
188,3620,1081,176,252
189,3623,1079,176,267
190,3622,1083,177,254
191,3621,1082,188,255
192,3619,1083,190,259
193,3615,1082,203,263
194,3620,1080,200,267
195,3629,1082,191,260
196,3629,1079,189,268
197,3632,1080,181,261
198,3639,1082,177,265
199,3644,1081,173,276
200,3646,1085,172,251
201,3644,1081,183,263
202,3645,1080,179,247
203,3657,1081,168,249
204,3648,1085,176,240
205,3659,1079,161,240
206,3661,1083,163,240
207,3665,1082,164,253
208,3664,1081,163,250
209,3667,1079,160,245
210,3667,1083,161,255
211,3672,1079,161,259
212,3671,1082,163,254
213,3673,1080,159,246
214,3672,1081,169,265
215,3676,1084,164,250
216,3678,1079,162,255
217,3682,1083,155,246
218,3692,1077,146,248
219,3694,1079,145,244
220,3695,1081,145,241
221,3699,1081,140,239
222,3706,1078,133,248
223,3701,1076,138,248
224,3710,1078,133,246
225,3706,1082,135,238
226,3713,1078,132,238
227,3713,1077,130,235
228,3710,1079,135,237
229,3712,1077,131,237
230,3722,1076,127,240
231,3713,1079,134,238
232,3715,1081,131,229
233,3729,1080,120,235
234,3734,1079,110,233
235,3730,1079,115,236
236,3741,1081,104,241
237,3731,1084,118,235
238,3729,1081,118,234
239,3738,1082,110,235
240,3733,1086,114,226
241,3736,1087,107,224
242,3740,1084,102,229
243,3739,1090,101,220
244,3744,1083,99,233
245,3751,1089,93,223
246,3748,1083,96,227
247,3750,1089,92,222
248,3746,1081,101,230
249,3749,1084,95,222
250,3751,1083,94,227
251,3752,1090,95,218
252,3758,1082,90,229
253,3759,1083,92,229
254,3758,1082,95,230
255,3760,1085,88,229
256,3762,1088,84,222
257,3762,1081,84,227
258,3763,1078,90,228
259,3766,1086,81,224
260,3767,1083,97,224
261,3770,1091,85,217
262,3765,1088,77,223
263,3765,1098,74,213
264,3767,1098,72,206
265,3768,1100,73,211
266,3770,1104,69,202
267,3772,1105,68,205
268,3771,1110,76,196
269,3775,1115,70,187
270,3780,1123,64,181
271,3784,1122,60,184
272,3781,1123,61,179
273,3783,1124,58,178
274,3782,1126,61,180
275,3785,1125,59,178
276,3785,1127,59,181
277,3788,1129,55,177
278,3794,1126,49,180
279,3794,1124,48,181
280,3796,1125,48,177
281,3800,1126,44,178
282,3802,1131,39,171
283,3806,1131,33,166
284,3809,1132,32,162
285,3811,1131,34,159
286,3812,1133,31,147
287,3815,1132,31,144
288,3817,1139,29,135
289,3817,1139,29,135
290,3817,1139,29,135
291,3817,1139,29,135
292,3817,1139,29,135
293,3817,1139,29,135
294,3817,1139,29,135
295,3817,1139,29,135
296,3817,1139,29,135
297,3817,1139,29,135
298,3817,1139,29,135
299,3817,1139,29,135
300,3817,1139,29,135
301,3817,1139,29,135
302,3817,1139,29,135
303,3817,1139,29,135
304,3817,1139,29,135
305,3817,1139,29,135
306,3817,1139,29,135
307,3817,1139,29,135
308,3817,1139,29,135
309,3817,1139,29,135
310,3817,1139,29,135
311,3817,1139,29,135
312,3817,1139,29,135
313,3817,1139,29,135
314,3817,1139,29,135
315,3817,1139,29,135
316,3817,1139,29,135
317,3817,1139,29,135
318,3817,1139,29,135
319,3817,1139,29,135
320,3817,1139,29,135
321,3817,1139,29,135
322,3817,1139,29,135
323,3817,1139,29,135
324,3817,1139,29,135
325,3817,1139,29,135
326,3817,1139,29,135
327,3817,1139,29,135
328,3817,1139,29,135
329,3817,1139,29,135
330,3817,1139,29,135
331,3817,1139,29,135
332,3817,1139,29,135
333,3817,1139,29,135
334,3817,1139,29,135
335,3817,1139,29,135
336,3817,1139,29,135
337,3817,1139,29,135
338,3817,1139,29,135
339,3817,1139,29,135
340,3817,1139,29,135
341,3817,1139,29,135
342,3817,1139,29,135
343,3817,1139,29,135
344,3817,1139,29,135
345,3817,1139,29,135
346,3817,1139,29,135
347,3817,1139,29,135
348,3817,1139,29,135
349,3817,1139,29,135
350,3817,1139,29,135
351,3817,1139,29,135
352,3817,1139,29,135
353,3817,1139,29,135
354,3817,1139,29,135
355,3817,1139,29,135
356,3817,1139,29,135
357,3817,1139,29,135
358,3817,1139,29,135
359,3817,1139,29,135
360,3817,1139,29,135
361,3817,1139,29,135
362,3817,1139,29,135
363,3817,1139,29,135
364,3817,1139,29,135
365,3817,1139,29,135
366,3817,1139,29,135
367,3817,1139,29,135
368,3817,1139,29,135
369,3817,1139,29,135
370,3817,1139,29,135
371,3817,1139,29,135
372,3817,1139,29,135
373,3817,1139,29,135
374,3817,1139,29,135
375,3817,1139,29,135
376,3817,1139,29,135
377,3817,1139,29,135
378,3817,1139,29,135
379,3776,1094,34,130
380,3776,1094,34,130
381,3776,1094,34,130
382,3776,1094,34,130
383,3776,1094,34,130
384,3776,1094,34,130
385,3776,1094,34,130
386,3776,1094,34,130
387,3776,1094,34,130
388,3776,1094,34,130
389,3803,1087,37,117
390,3796,1104,42,112
391,3796,1104,42,112
392,3796,1104,42,112
393,3799,1108,38,118
394,3802,1107,38,121
395,3805,1106,35,128
396,3806,1107,35,127
397,3806,1107,35,127
398,3806,1107,35,127
399,3806,1107,35,127
400,3806,1107,35,127
401,3813,1108,28,126
402,3817,1112,26,120
403,3821,1112,19,110
404,3821,1112,19,110
405,3821,1112,19,110
406,3821,1112,19,110
407,3821,1112,19,110
408,3821,1112,19,110
409,3821,1112,19,110
410,3821,1112,19,110
411,3821,1112,19,110
412,3821,1112,19,110
413,3821,1112,19,110
414,3821,1112,19,110
415,3821,1112,19,110
416,3821,1112,19,110
417,3821,1112,19,110
418,3821,1112,19,110
419,3821,1112,19,110
420,3821,1112,19,110
421,3821,1112,19,110
422,3821,1112,19,110
423,3821,1112,19,110
424,3821,1112,19,110
425,3821,1112,19,110
426,3821,1112,19,110
427,3821,1112,19,110
428,3821,1112,19,110
429,3821,1112,19,110
430,3821,1112,19,110
431,3821,1112,19,110
432,3821,1112,19,110
433,3821,1112,19,110
434,3821,1112,19,110
435,3821,1112,19,110
436,3821,1112,19,110
437,3821,1112,19,110
438,3821,1112,19,110
439,3810,1102,26,104
440,3803,1104,35,95
441,3803,1102,36,92
442,3799,1106,40,80
443,3793,1105,45,94
444,3791,1103,48,98
445,3791,1103,48,98
446,3791,1103,48,98
447,3791,1103,48,98
448,3791,1103,48,98
449,3791,1103,48,98
450,3791,1103,48,98
451,3791,1103,48,98
452,3791,1103,48,98
453,3791,1103,48,98
454,3791,1103,48,98
455,3791,1103,48,98
456,3791,1103,48,98
457,3791,1103,48,98
458,3791,1103,48,98
459,3791,1103,48,98
460,3791,1103,48,98
461,3791,1103,48,98
462,3791,1103,48,98
463,3791,1103,48,98
464,3791,1103,48,98
465,3791,1103,48,98
466,3791,1103,48,98
467,3791,1103,48,98
468,3791,1103,48,98
469,3791,1103,48,98
470,3791,1103,48,98
471,3791,1103,48,98
472,3791,1103,48,98
473,3791,1103,48,98
474,3791,1103,48,98
475,3791,1103,48,98
476,3791,1103,48,98
477,3791,1103,48,98
478,3791,1103,48,98
479,3791,1103,48,98
480,3791,1103,48,98
481,3791,1103,48,98
482,3791,1103,48,98
483,3791,1103,48,98
484,3791,1103,48,98
485,3791,1103,48,98
486,3791,1103,48,98
487,3791,1103,48,98
488,3791,1103,48,98
489,3791,1103,48,98
490,3791,1103,48,98
491,3755,1093,72,109
492,3755,1093,72,109
493,3755,1093,72,109
494,3755,1093,72,109
495,3755,1093,72,109
496,3755,1093,72,109
497,3755,1093,72,109
498,3755,1093,72,109
499,3755,1093,72,109
500,3755,1093,72,109
501,3755,1093,72,109
502,3755,1093,72,109
503,3755,1093,72,109
504,3755,1093,72,109
505,3755,1093,72,109
506,3755,1093,72,109
507,3755,1093,72,109
508,3755,1093,72,109
509,3755,1093,72,109
510,3755,1093,72,109
511,3755,1093,72,109
512,3755,1093,72,109
513,3755,1093,72,109
514,3755,1093,72,109
515,3755,1093,72,109
516,3755,1093,72,109
517,3755,1093,72,109
518,3755,1093,72,109
519,3755,1093,72,109
520,3755,1093,72,109
521,3755,1093,72,109
522,3755,1093,72,109
523,3755,1093,72,109
524,3755,1093,72,109
525,3755,1093,72,109
526,3755,1093,72,109
527,3755,1093,72,109
528,3755,1093,72,109
529,3755,1093,72,109
530,3755,1093,72,109
531,3755,1093,72,109
532,3755,1093,72,109
533,3755,1093,72,109
534,3755,1093,72,109
535,3755,1093,72,109
536,3755,1093,72,109
537,3755,1093,72,109
538,3755,1093,72,109
539,3755,1093,72,109
540,3755,1093,72,109
541,3755,1093,72,109
542,3755,1093,72,109
543,3780,1038,57,95
544,3780,1038,57,95
545,3786,1038,50,106
546,3786,1038,50,106
547,3786,1038,50,106
548,3786,1038,50,106
549,3786,1038,50,106
550,3786,1038,50,106
551,3786,1038,50,106
552,3786,1038,50,106
553,3786,1038,50,106
554,3786,1038,50,106
555,3786,1038,50,106
556,3786,1038,50,106
557,3786,1038,50,106
558,3786,1038,50,106
559,3786,1038,50,106
560,3786,1038,50,106
561,3786,1038,50,106
562,3786,1038,50,106
563,3786,1038,50,106
564,3786,1038,50,106
565,3786,1038,50,106
566,3786,1038,50,106
567,3786,1038,50,106
568,3786,1038,50,106
569,3786,1038,50,106
570,3786,1038,50,106
571,3786,1038,50,106
572,3786,1038,50,106
573,3786,1038,50,106
574,3786,1038,50,106
575,3786,1038,50,106
576,3786,1038,50,106
577,3784,1130,57,110
578,3784,1130,57,110
579,3784,1130,57,110
580,3784,1130,57,110
581,3784,1130,57,110
582,3784,1130,57,110
583,3784,1130,57,110
584,3784,1130,57,110
585,3784,1130,57,110
586,3784,1130,57,110
587,3784,1130,57,110
588,3784,1130,57,110
589,3784,1130,57,110
590,3784,1130,57,110
591,3784,1130,57,110
592,3784,1130,57,110
593,3784,1130,57,110
594,3784,1130,57,110
595,3784,1130,57,110
596,3784,1130,57,110
597,3784,1130,57,110
598,3784,1130,57,110
599,3784,1130,57,110
600,3784,1130,57,110
601,3784,1130,57,110
