1,1592,451,30,49
2,1595,450,30,49
3,1601,450,30,49
4,1605,450,30,49
5,1611,449,30,49
6,1617,450,30,49
7,1631,448,30,49
8,1639,446,30,49
9,1644,445,30,49
10,1653,447,30,49
11,1669,441,30,49
12,1675,441,30,49
13,1688,436,30,49
14,1702,436,30,49
15,1721,440,30,49
16,1738,434,30,49
17,1759,430,30,49
18,1779,424,30,49
19,1809,423,30,49
20,1836,418,30,49
21,1868,416,30,49
22,1902,414,29,49
23,22,408,30,49
24,54,413,30,49
25,86,407,30,49
26,119,409,30,49
27,150,410,30,49
28,177,409,30,49
29,179,402,30,49
30,227,411,30,49
31,246,403,30,49
32,257,391,30,49
33,274,397,30,49
34,285,411,30,49
35,301,413,30,49
36,316,417,30,49
37,328,419,30,49
38,340,419,30,49
39,348,420,30,49
40,360,424,30,49
41,360,421,30,49
42,371,420,30,49
43,375,418,30,49
44,382,420,30,49
45,389,422,30,49
46,395,423,30,49
47,399,425,30,49
48,405,425,30,49
49,410,427,30,49
50,414,427,30,49
51,417,428,30,49
52,420,426,30,49
53,424,429,30,49
54,426,428,30,49
55,429,430,30,49
56,432,429,30,49
57,434,430,30,49
58,437,430,30,49
59,438,432,30,49
60,441,432,30,49
61,443,432,30,49
62,447,432,30,49
63,449,432,30,49
64,450,432,30,49
65,452,432,30,49
66,454,432,30,49
67,456,433,30,49
68,457,433,30,49
69,458,433,30,49
70,460,434,30,49
71,461,433,30,49
72,463,433,30,49
73,464,433,30,49
74,465,433,30,49
75,467,434,30,49
76,468,434,30,49
77,471,433,30,49
78,471,434,30,49
79,472,434,30,49
80,474,434,30,49
81,473,433,30,49
82,475,436,30,49
83,477,433,30,49
84,477,433,30,49
85,478,433,30,49
86,477,432,30,49
87,476,431,30,49
88,477,432,30,49
89,477,431,30,49
90,478,432,30,49
91,477,432,30,49
92,478,432,30,49
93,478,432,30,49
94,477,432,30,49
95,478,432,30,49
96,478,432,30,49
97,477,432,30,49
98,477,432,30,49
99,477,432,30,49
100,477,432,30,49
101,477,432,30,49
102,477,432,30,49
103,477,432,30,49
104,477,432,30,49
105,477,432,30,49
106,477,432,30,49
107,477,432,30,49
108,478,432,30,49
109,477,432,30,49
110,477,432,30,49
111,477,432,30,49
112,478,432,30,49
113,477,432,30,49
114,477,432,30,49
115,477,432,30,49
116,477,432,30,49
117,477,432,30,49
118,477,432,30,49
119,476,432,30,49
120,477,432,30,49
