1.0
1.0
0.9296205630354957
0.883653286794648
0.7860040567951319
0.6682798064232293
0.6501677852348994
0.5595667870036101
0.504885993485342
0.4465571881302218
0.3838533927686974
0.33651758575770735
0.3226477935054122
0.2874629080118694
0.22763988838302246
0.21198030634573303
0.1755379388448471
0.155
0.12517160623435356
0.10916261708571026
0.10732585514471679
0.0908595311648192
0.0
0.0
0.0
0.08209745762711865
0.08507135016465422
0.09416195856873823
0.10691867282886114
0.11619190404797601
0.14449519903048383
0.167894280762565
0.19140528525561867
0.19831115660184237
0.24494310998735777
0.2857669616519174
0.3367759317467445
0.3455672068636797
0.3923766816143498
0.3300146412884334
0.5484114977307111
0.5033557046979866
0.6092436974789915
0.6178489702517163
0.5607476635514018
0.5927835051546392
0.6391213389121339
0.5557386051619989
0.5384615384615384
0.5149253731343284
0.5890570430733411
0.6138237159162968
0.5882352941176471
0.6283524904214559
0.6902356902356902
0.6491935483870968
0.5881133379405666
0.5498938428874734
0.508833922261484
0.4693013408609739
0.46544428772919605
0.4689655172413793
0.42328042328042326
0.4573041637261821
0.38255977496483823
0.40534834623504573
0.40534834623504573
0.3338008415147265
0.3338008415147265
0.34596491228070175
0.3025210084033613
0.3025210084033613
0.35368421052631577
0.35368421052631577
0.34081346423562414
0.34081346423562414
0.36
0.36
0.2853146853146853
0.2620545073375262
0.2620545073375262
0.24441340782122906
0.19220055710306408
0.2146341463414634
0.2146341463414634
0.19485038274182323
0.20891364902506965
0.20891364902506965
0.0
0.0
0.0
0.0
0.0
0.0
0.0
0.0
0.0
0.0
0.0
0.0
0.0
0.0
0.0
0.0
0.0
0.0
0.0
0.0
0.0
0.0
0.0
0.0
0.0
0.0
0.0
0.0
0.0
0.0
0.0
0.0
