1,1602,373,255,180
2,1601,371,255,180
3,1601,373,249,176
4,1599,371,255,180
5,1601,373,249,176
6,1598,371,255,180
7,1596,371,255,180
8,1595,371,255,180
9,1593,371,255,180
10,1592,371,255,180
11,1585,369,260,184
12,1577,367,266,188
13,1574,367,266,188
14,1572,365,272,192
15,1568,362,278,196
16,1563,360,284,200
17,1562,358,290,205
18,1568,360,290,205
19,1572,360,290,205
20,1574,360,290,205
21,1575,360,290,205
22,1573,360,290,205
23,1577,358,290,205
24,1579,358,290,205
25,1579,358,290,205
26,1577,358,290,205
27,1576,358,290,205
28,1572,358,290,205
29,1572,358,290,205
30,1574,358,290,205
31,1570,360,290,205
32,1561,360,290,205
33,1553,358,290,205
34,1543,360,290,205
35,1532,360,290,205
36,1516,360,290,205
37,1536,360,290,205
38,1521,358,297,209
39,1503,355,303,214
40,1481,353,303,214
41,1501,353,303,214
42,1506,353,303,214
43,1489,353,303,214
44,1460,354,297,210
45,1446,354,297,210
46,1453,356,291,205
47,1456,358,284,201
48,1454,362,278,196
49,1457,364,272,192
50,1452,366,267,188
51,1453,368,261,184
52,1450,368,261,184
53,1448,368,261,184
54,1446,368,261,184
55,1445,368,261,184
56,1443,370,267,188
57,1443,374,261,184
58,1443,372,267,188
59,1444,369,273,192
60,1446,369,273,192
61,1455,367,279,197
62,1461,365,279,197
63,1446,367,279,197
64,1457,367,279,197
65,1444,365,279,197
66,1455,365,279,197
67,1442,365,279,197
68,1448,364,279,197
69,1441,365,279,197
70,1433,365,279,197
71,1439,367,279,197
72,1437,365,279,197
73,1424,367,285,201
74,1412,365,291,205
75,1414,367,291,205
76,1414,365,291,205
77,1412,367,291,205
78,1417,363,285,201
79,1422,375,279,197
80,1407,362,279,197
81,1415,377,273,193
82,1416,397,267,188
83,1371,428,261,184
84,1360,433,256,180
85,1356,440,256,180
86,1338,450,256,180
87,1338,447,262,184
88,1349,462,262,184
89,1328,455,267,189
90,1319,462,267,189
91,1320,466,273,193
92,1335,443,279,197
93,1353,436,285,201
94,1353,430,292,206
95,1355,428,292,206
96,1350,425,298,210
97,1344,433,298,210
98,1297,445,305,215
99,1272,443,305,215
100,1274,441,305,215
101,1282,447,298,210
102,1288,451,298,210
103,1297,453,292,206
104,1301,453,298,211
105,1325,459,292,206
106,1320,464,286,202
107,1313,475,280,197
108,1297,483,280,197
109,1305,490,274,193
110,1307,496,274,193
111,1295,498,280,197
112,1321,501,280,197
113,1307,499,286,202
114,1246,489,292,206
115,1236,464,292,206
116,1282,464,286,202
117,1282,334,280,198
118,1239,266,280,198
119,1243,210,274,193
120,1216,186,280,198
121,1275,156,280,198
122,1266,156,286,202
123,1244,125,293,206
124,1225,146,299,211
125,1219,118,299,211
126,1213,154,306,216
127,1202,162,299,211
128,1141,164,293,207
129,1090,153,293,207
130,1077,168,293,207
131,1064,243,287,202
132,1074,287,287,202
133,1054,287,287,202
134,1030,262,293,207
135,1009,278,293,207
136,1006,353,287,202
137,1008,372,287,202
138,996,377,287,202
139,965,372,287,202
140,941,362,287,202
141,914,368,293,207
142,914,356,293,207
143,895,356,293,207
144,874,371,300,211
145,876,385,300,211
146,932,395,300,211
147,913,377,306,216
148,923,383,306,216
149,943,406,306,216
150,954,426,306,216
151,947,414,306,216
152,905,409,313,221
153,895,405,313,221
154,887,411,320,226
155,921,415,320,226
156,943,411,320,226
157,900,385,320,226
158,896,377,320,226
159,948,392,313,221
160,970,404,320,226
161,968,391,320,226
162,958,372,327,231
163,960,374,327,231
164,962,381,327,231
165,986,383,327,231
166,977,363,327,231
167,934,324,327,231
168,925,321,327,231
169,916,337,327,231
170,929,345,327,231
171,922,328,320,226
172,903,296,320,226
173,897,275,313,221
174,888,285,320,226
175,896,294,320,226
176,884,289,327,231
177,847,274,327,231
178,830,271,335,236
179,847,280,327,231
180,832,258,335,236
181,844,255,342,241
182,824,260,342,241
183,824,255,342,241
184,841,253,350,247
185,857,253,350,247
186,867,241,357,252
187,868,228,365,258
188,892,231,358,252
189,901,238,358,252
190,890,233,365,258
191,890,233,365,258
192,897,238,365,258
193,897,240,365,258
194,897,240,365,258
195,891,235,374,264
196,882,230,382,269
197,877,237,382,269
198,883,238,374,264
199,886,245,374,264
200,888,253,374,264
201,879,250,382,269
202,884,250,382,269
203,889,255,382,269
204,898,263,374,264
205,896,270,374,264
206,919,257,382,270
207,922,255,382,270
208,919,268,382,270
209,924,273,382,270
210,922,268,382,270
211,931,265,374,264
212,917,257,382,270
213,913,247,391,276
214,910,252,391,276
215,895,246,399,282
216,905,255,391,276
217,894,249,391,276
218,882,231,399,282
219,898,239,399,282
220,893,233,399,282
221,890,231,399,282
222,890,231,399,282
223,896,233,399,282
224,901,239,399,282
225,896,231,399,282
226,893,233,399,282
227,898,236,399,282
228,890,231,399,282
229,885,231,399,282
230,882,236,399,282
231,877,236,399,282
232,872,236,399,282
233,864,233,399,282
234,854,236,408,288
235,846,236,408,288
236,851,227,408,288
237,890,145,417,294
238,899,120,417,294
239,934,134,408,288
240,927,175,418,295
241,921,217,418,295
242,932,233,418,295
243,923,234,409,288
244,872,225,418,295
245,867,211,427,301
246,852,228,418,295
247,839,254,409,288
248,847,270,409,288
249,831,289,409,288
250,834,270,409,288
251,839,270,409,288
252,848,259,418,295
253,865,239,418,295
254,907,259,418,295
255,936,278,427,301
256,938,298,418,295
257,963,326,418,295
258,918,349,418,295
259,921,379,418,295
260,921,399,418,295
261,929,435,418,295
262,900,455,409,289
263,873,483,409,289
264,1036,299,400,282
265,973,294,392,276
266,942,263,392,276
267,947,239,392,276
268,973,224,392,276
269,975,213,383,271
270,998,224,383,271
271,1051,247,375,265
272,1079,250,375,265
273,1094,262,384,271
274,1118,272,384,271
275,1129,278,375,265
276,1147,270,375,265
277,1166,280,367,259
278,1174,280,376,265
279,1192,280,376,265
280,1208,295,368,259
281,1245,315,368,259
282,1251,297,376,265
283,1270,323,368,259
284,1290,340,368,259
285,1306,353,360,254
286,1166,271,360,254
287,1165,283,352,248
288,1186,274,345,243
289,1197,274,345,243
290,1204,269,345,243
291,1209,269,345,243
292,1211,256,345,243
293,1226,249,337,238
294,1239,242,330,233
295,1259,231,330,233
296,1243,183,330,233
297,1252,198,330,233
298,1256,194,323,228
299,1272,203,316,223
300,1286,212,309,218
301,1277,212,303,214
302,1255,210,309,218
303,1251,214,309,218
304,1254,226,316,223
305,1251,240,323,228
306,1248,238,323,228
307,1251,240,323,228
308,1253,247,323,228
309,1253,251,330,233
310,1256,261,338,238
311,1261,268,338,238
312,1263,273,338,238
313,1265,275,331,233
314,1269,275,331,233
315,1276,275,331,233
316,1279,273,324,228
317,1286,280,324,228
318,1292,282,324,228
319,1296,282,324,228
320,1293,282,331,233
321,1295,286,331,233
322,1297,288,331,233
323,1300,293,331,233
324,1326,288,331,233
325,1357,284,331,233
326,1373,284,331,233
327,1385,284,324,228
328,1401,284,317,223
329,1421,282,317,223
330,1429,284,317,223
331,1446,284,317,223
332,1459,284,317,223
333,1467,287,317,223
334,1476,287,317,223
335,1486,287,317,223
336,1495,289,317,223
337,1503,289,317,223
338,1510,289,317,223
339,1522,287,317,223
340,1527,289,317,223
341,1533,289,317,223
342,1539,291,317,223
343,1545,289,317,223
344,1557,289,310,219
345,1563,291,310,219
346,1571,291,310,219
347,1576,284,317,223
348,1584,284,317,223
349,1592,282,317,223
350,1596,284,317,223
351,1606,291,316,223
352,1611,281,309,219
353,1617,283,309,219
354,1621,289,309,219
355,1621,291,309,219
356,1631,285,309,219
357,1625,288,316,224
358,1624,282,323,229
359,1623,280,323,229
