1,1602,373,255,180
2,1602,371,255,180
3,1600,371,255,180
4,1600,371,255,180
5,1598,371,255,180
6,1594,369,260,183
7,1595,369,255,180
8,1597,371,249,176
9,1595,369,255,180
10,1588,367,260,184
11,1587,367,260,184
12,1580,367,260,184
13,1573,365,266,188
14,1572,365,272,192
15,1574,365,272,192
16,1564,363,278,196
17,1566,360,284,200
18,1563,358,290,205
19,1567,360,290,205
20,1569,360,290,205
21,1567,360,290,205
22,1565,360,290,205
23,1560,356,297,209
24,1560,354,297,209
25,1562,354,297,209
26,1562,354,297,209
27,1560,354,297,209
28,1558,352,297,209
29,1558,352,297,209
30,1556,354,297,209
31,1552,356,297,209
32,1544,356,297,209
33,1534,356,297,209
34,1526,358,297,209
35,1540,356,297,209
36,1532,356,297,209
37,1522,356,297,209
38,1502,356,297,209
39,1518,356,297,209
40,1512,354,297,209
41,1496,354,297,209
42,1474,354,297,209
43,1474,354,297,209
44,1454,358,291,205
45,1457,358,291,205
46,1459,358,284,201
47,1458,362,278,196
48,1455,363,272,192
49,1454,365,267,188
50,1456,368,261,184
51,1453,370,255,180
52,1452,368,261,184
53,1448,368,261,184
54,1448,368,261,184
55,1447,368,261,184
56,1443,370,261,184
57,1443,374,261,184
58,1445,374,261,184
59,1443,372,261,184
60,1446,370,267,188
61,1453,372,267,188
62,1464,368,273,192
63,1449,368,273,192
64,1459,366,279,197
65,1443,364,285,201
66,1460,364,285,201
67,1440,361,291,205
68,1423,359,298,210
69,1427,359,298,210
70,1415,359,298,210
71,1419,361,298,210
72,1415,361,298,210
73,1415,363,298,210
74,1400,365,304,215
75,1392,364,311,219
76,1385,360,318,224
77,1395,360,311,219
78,1392,358,311,219
79,1396,360,304,215
80,1397,361,298,210
81,1378,380,304,215
82,1383,380,298,210
83,1360,405,292,206
84,1339,409,292,206
85,1344,422,285,201
86,1333,440,279,197
87,1351,449,273,193
88,1337,449,279,197
89,1316,453,286,201
90,1301,450,292,206
91,1305,452,292,206
92,1309,454,292,206
93,1315,466,292,206
94,1329,440,298,210
95,1306,450,305,215
96,1283,454,305,215
97,1289,446,298,211
98,1292,456,292,206
99,1286,450,292,206
100,1288,458,292,206
101,1288,454,292,206
102,1289,448,299,211
103,1293,452,299,211
104,1299,454,299,211
105,1322,458,292,206
106,1317,465,286,202
107,1309,472,280,197
108,1297,484,280,197
109,1312,491,274,193
110,1301,493,280,197
111,1294,497,280,197
112,1320,500,280,197
113,1298,500,286,202
114,1245,483,292,206
115,1182,450,286,202
116,1182,396,286,202
117,1277,312,280,198
118,1233,261,274,193
119,1239,206,268,189
120,1212,196,268,189
121,1267,158,274,193
122,1268,161,280,198
123,1253,129,287,202
124,1235,153,293,207
125,1233,120,293,207
126,1221,151,293,207
127,1216,158,287,202
128,1153,175,287,202
129,1095,152,287,202
130,1083,175,280,198
131,1073,254,274,194
132,1087,286,269,189
133,1065,288,269,189
134,1038,266,269,189
135,1024,288,269,189
136,1017,352,269,189
137,1012,372,275,194
138,1003,387,275,194
139,968,381,275,194
140,944,370,275,194
141,920,375,275,194
142,918,364,275,194
143,905,357,275,194
144,880,373,281,198
145,879,386,287,202
146,952,396,287,202
147,940,378,287,202
148,937,386,287,202
149,951,403,293,207
150,957,420,300,211
151,954,412,306,216
152,909,412,313,221
153,889,405,320,226
154,877,409,327,231
155,908,411,327,231
156,915,402,334,236
157,902,380,334,236
158,878,377,342,241
159,848,389,342,241
160,839,391,342,241
161,814,370,342,241
162,811,359,342,241
163,792,341,335,236
164,799,343,335,236
165,867,365,342,241
166,952,360,342,241
167,916,313,335,236
168,927,320,328,231
169,918,337,328,231
170,933,346,328,231
171,924,331,321,226
172,902,288,321,226
173,892,279,328,231
174,875,285,335,236
175,867,283,342,241
176,868,283,335,236
177,820,274,342,242
178,813,267,342,242
179,824,276,342,242
180,816,250,350,247
181,832,253,350,247
182,816,255,350,247
183,823,253,350,247
184,836,252,358,252
185,848,252,358,252
186,864,240,358,252
187,886,233,358,252
188,884,235,358,252
189,893,235,358,252
190,896,238,358,252
191,905,240,358,252
192,910,245,358,252
193,908,243,358,252
194,912,245,358,252
195,910,243,358,252
196,905,240,358,252
197,903,240,358,252
198,903,245,358,252
199,905,255,358,252
200,905,252,358,252
201,905,257,358,252
202,912,259,358,252
203,915,262,358,252
204,917,271,358,252
205,911,273,366,258
206,938,259,366,258
207,929,253,374,264
208,926,273,374,264
209,920,268,382,270
210,913,262,391,276
211,906,254,399,282
212,903,254,399,282
213,896,243,408,288
214,899,243,408,288
215,891,246,408,288
216,877,240,408,288
217,888,246,408,288
218,872,226,417,294
219,868,231,426,301
220,874,223,426,301
221,876,226,426,301
222,879,223,426,301
223,874,226,426,301
224,876,226,426,301
225,874,223,426,301
226,876,223,426,301
227,874,226,426,301
228,871,223,426,301
229,865,223,426,301
230,856,223,426,301
231,848,226,426,301
232,850,220,417,294
233,847,226,417,294
234,850,234,417,294
235,838,226,417,294
236,846,223,408,288
237,890,144,417,294
238,896,118,417,294
239,915,166,417,294
240,913,169,417,294
241,900,221,427,301
242,900,239,427,301
243,881,218,436,308
244,875,212,436,308
245,893,188,446,314
246,869,203,446,314
247,849,224,446,314
248,843,251,446,314
249,816,272,446,314
250,847,230,456,321
251,866,229,466,329
252,848,235,476,336
253,848,244,476,336
254,871,228,476,336
255,836,244,476,336
256,837,279,487,343
257,853,305,487,343
258,853,328,487,343
259,846,360,487,343
260,846,396,487,343
261,887,426,476,336
262,828,451,487,343
263,810,464,476,336
264,749,471,466,329
265,956,272,456,322
266,914,253,456,322
267,915,211,446,315
268,966,214,446,315
269,950,202,437,308
270,978,206,428,302
271,1015,237,428,302
272,1040,223,418,295
273,1066,251,428,302
274,1091,257,419,295
275,1105,268,419,295
276,1117,251,428,302
277,1139,280,419,295
278,1153,255,419,295
279,1171,275,410,289
280,1185,288,410,289
281,1219,283,401,283
282,1240,278,392,277
283,1273,331,384,271
284,1287,357,376,265
285,1305,352,376,265
286,1327,375,376,265
287,1329,372,368,260
288,1190,284,360,254
289,1190,265,360,254
290,1199,265,352,249
291,1206,267,352,249
292,1208,258,352,249
293,1225,253,352,249
294,1215,246,352,249
295,1239,213,352,249
296,1227,201,352,249
297,1241,194,352,249
298,1238,188,345,243
299,1253,202,337,238
300,1255,208,337,238
301,1253,211,337,238
302,1244,204,337,238
303,1237,208,337,238
304,1240,227,337,238
305,1242,233,337,238
306,1235,231,337,238
307,1244,231,337,238
308,1246,240,337,238
309,1254,249,330,233
310,1266,265,330,233
311,1262,269,338,238
312,1260,276,338,238
313,1263,276,330,233
314,1270,278,330,233
315,1274,278,330,233
316,1279,278,330,233
317,1284,279,323,228
318,1289,283,323,228
319,1293,283,323,228
320,1297,285,323,228
321,1297,287,323,228
322,1300,287,323,228
323,1308,292,323,228
324,1329,290,316,223
325,1352,285,316,223
326,1380,285,316,223
327,1397,285,316,223
328,1400,285,323,228
329,1413,285,323,228
330,1432,283,323,228
331,1443,285,323,228
332,1452,285,323,228
333,1462,285,323,228
334,1473,285,323,228
335,1480,287,323,228
336,1488,287,323,228
337,1501,285,323,228
338,1506,287,323,228
339,1517,285,323,228
340,1523,289,323,228
341,1535,287,316,223
342,1539,288,310,218
343,1549,286,310,218
344,1557,288,310,218
345,1561,290,310,218
346,1570,290,310,218
347,1581,294,303,214
348,1587,292,303,214
349,1595,292,303,214
350,1604,288,303,214
351,1608,288,303,214
352,1614,288,303,214
353,1618,290,302,214
354,1620,290,302,214
355,1622,292,302,214
356,1628,286,302,214
357,1624,286,302,214
358,1626,286,302,214
359,1626,280,302,214
