1.0
0.7244734202607823
0.7299315806621388
0.7299315806621388
0.7299315806621388
0.7299315806621388
0.7299315806621388
0.7244734202607823
0.7244734202607823
0.7299315806621388
0.7299315806621388
0.7299315806621388
0.7299315806621388
0.7299315806621388
0.6344865146456394
0.6435544549740464
0.6435544549740464
0.6435544549740464
0.671372188188576
0.671372188188576
0.6255180859080633
0.6255180859080633
0.6344865146456394
0.6344865146456394
0.6435544549740464
0.6435544549740464
0.6435544549740464
0.6435544549740464
0.6435544549740464
0.7963358142924062
0.7728066570782823
0.7728066570782823
0.7165949615776778
0.7165949615776778
0.7322049267039444
0.7322049267039444
0.7386463817032316
0.7386463817032316
0.7386463817032316
0.7386463817032316
0.7386463817032316
0.7386463817032316
0.7386463817032316
0.7434025401171191
0.7434025401171191
0.7386463817032316
0.7386463817032316
0.7434025401171191
0.7322049267039444
0.7498859199918877
0.7498859199918877
0.7498859199918877
0.8204979428209727
0.8204979428209727
0.8204979428209727
0.8204979428209727
0.8204979428209727
0.8204979428209727
0.8204979428209727
0.8204979428209727
0.761271720548085
0.7386463817032316
0.7386463817032316
0.7386463817032316
0.7386463817032316
0.7386463817032316
0.7386463817032316
0.7498859199918877
0.7498859199918877
0.7322049267039444
0.721150236504242
0.7102357505222322
0.6994588182963897
0.7057776899125191
0.7057776899125191
0.6845470519328387
0.6845470519328387
0.6845470519328387
0.6845470519328387
0.6845470519328387
0.6845470519328387
0.7728066570782823
0.7728066570782823
0.7728066570782823
0.7728066570782823
0.7728066570782823
0.7728066570782823
0.7728066570782823
0.7728066570782823
0.7728066570782823
0.7728066570782823
0.7728066570782823
0.7728066570782823
0.7728066570782823
0.761271720548085
0.7498859199918877
0.6638384033167816
0.6536738458589876
0.6536738458589876
0.6536738458589876
0.6536738458589876
0.6536738458589876
0.6638384033167816
0.6638384033167816
0.6638384033167816
0.6638384033167816
0.6638384033167816
0.6638384033167816
0.6638384033167816
0.6638384033167816
0.6638384033167816
0.6638384033167816
0.6638384033167816
0.6638384033167816
0.6638384033167816
0.6638384033167816
0.7498859199918877
0.7498859199918877
0.7498859199918877
0.67412868957823
0.67412868957823
0.6783073431437148
0.6783073431437148
0.6783073431437148
0.6783073431437148
0.6888168557536467
0.67412868957823
0.6845470519328387
0.6845470519328387
0.6845470519328387
0.6950958964661968
0.7057776899125191
0.7057776899125191
0.7165949615776778
0.7275503053358695
0.7275503053358695
0.7275503053358695
0.7275503053358695
0.7275503053358695
0.7275503053358695
0.8204979428209727
0.8204979428209727
0.8204979428209727
0.8204979428209727
0.8204979428209727
0.8204979428209727
0.8204979428209727
0.8204979428209727
0.761271720548085
0.7386463817032316
0.7386463817032316
0.7386463817032316
0.7386463817032316
0.7386463817032316
0.7386463817032316
0.7498859199918877
0.7498859199918877
0.8453189327915308
0.8204979428209727
0.8204979428209727
0.8204979428209727
0.8204979428209727
0.8204979428209727
0.8204979428209727
0.8204979428209727
0.8204979428209727
0.8204979428209727
0.7386463817032316
0.7386463817032316
0.7386463817032316
0.7386463817032316
0.7386463817032316
0.7386463817032316
0.7498859199918877
0.7498859199918877
0.7498859199918877
0.7498859199918877
0.7498859199918877
0.7498859199918877
0.7498859199918877
0.7498859199918877
0.7470967087580506
0.7470967087580506
0.7498859199918877
0.7470967087580506
0.7470967087580506
0.7470967087580506
0.7470967087580506
0.7359165574926937
0.7248785860912231
0.7139800995024875
0.7057776899125191
0.7057776899125191
0.7057776899125191
0.7057776899125191
0.7057776899125191
0.7057776899125191
0.7057776899125191
0.7057776899125191
0.7057776899125191
0.7057776899125191
0.7057776899125191
0.7057776899125191
0.7057776899125191
0.7057776899125191
0.7057776899125191
0.7728066570782823
0.7728066570782823
0.761271720548085
0.7498859199918877
0.7386463817032316
0.7275503053358695
0.7165949615776778
0.7057776899125191
0.7057776899125191
0.633712811531088
0.633712811531088
0.633712811531088
0.633712811531088
0.633712811531088
0.633712811531088
0.633712811531088
0.633712811531088
0.633712811531088
0.633712811531088
0.633712811531088
0.633712811531088
0.6375455389670691
0.6375455389670691
0.6375455389670691
0.6375455389670691
0.6375455389670691
0.6375455389670691
0.6375455389670691
0.6375455389670691
0.6375455389670691
0.6375455389670691
0.6375455389670691
0.6375455389670691
0.6375455389670691
0.6375455389670691
0.6375455389670691
0.6375455389670691
0.6375455389670691
0.6375455389670691
0.6375455389670691
0.6353176588294147
0.6353176588294147
0.6353176588294147
0.6353176588294147
0.6375455389670691
0.6353176588294147
0.6353176588294147
0.6353176588294147
0.6353176588294147
0.6353176588294147
0.6576758984742208
0.6576758984742208
0.6475492309903694
0.6375455389670691
0.6375455389670691
0.6292520247737018
0.6292520247737018
0.6292520247737018
0.6292520247737018
0.6292520247737018
0.6292520247737018
0.6353176588294147
0.6276625958534507
0.6178982285270661
0.6994588182963897
0.5987167863867773
0.6994588182963897
0.6994588182963897
0.6082503157008559
0.6082503157008559
0.6276625958534507
0.6475492309903694
0.6679278230500582
0.0
0.0
0.0
0.0
0.0
0.0
0.0
0.0
0.0
0.6536738458589876
0.6536738458589876
0.6536738458589876
0.6536738458589876
0.6536738458589876
0.6536738458589876
0.6536738458589876
0.6536738458589876
0.6536738458589876
0.67412868957823
0.67412868957823
0.67412868957823
0.67412868957823
0.67412868957823
0.67412868957823
0.67412868957823
0.67412868957823
0.67412868957823
0.7386463817032316
0.7386463817032316
0.6845470519328387
0.6638384033167816
0.6638384033167816
0.6638384033167816
0.6638384033167816
0.6638384033167816
0.6638384033167816
0.67412868957823
0.67412868957823
0.761271720548085
0.761271720548085
0.7584218048182931
0.6845470519328387
0.6845470519328387
0.6845470519328387
0.6845470519328387
0.6845470519328387
0.6845470519328387
0.6845470519328387
0.67412868957823
0.67412868957823
0.67412868957823
0.67412868957823
0.67412868957823
0.67412868957823
0.67412868957823
0.67412868957823
0.67412868957823
0.67412868957823
0.67412868957823
0.67412868957823
0.67412868957823
0.6638384033167816
0.6536738458589876
0.6536738458589876
0.643632726926374
0.633712811531088
0.623911918317414
0.6142279179626295
0.6142279179626295
0.612119794103884
0.612119794103884
0.612119794103884
0.612119794103884
0.612119794103884
0.612119794103884
0.612119794103884
0.5931834998150204
0.6142279179626295
0.6142279179626295
0.6142279179626295
0.6142279179626295
0.6142279179626295
0.6142279179626295
0.6142279179626295
0.5952023295047492
0.5952023295047492
0.5952023295047492
0.5952023295047492
0.5952023295047492
0.5952023295047492
0.5952023295047492
0.5952023295047492
0.5952023295047492
0.5952023295047492
0.5952023295047492
0.6142279179626295
0.6142279179626295
0.6142279179626295
0.612119794103884
0.612119794103884
0.612119794103884
0.6142279179626295
0.6142279179626295
0.6142279179626295
0.6142279179626295
0.6142279179626295
0.6142279179626295
0.6142279179626295
0.6142279179626295
0.6142279179626295
0.6142279179626295
0.6142279179626295
0.6142279179626295
0.6142279179626295
0.6142279179626295
0.6142279179626295
0.6142279179626295
0.6142279179626295
0.6142279179626295
0.6142279179626295
0.6142279179626295
0.6142279179626295
0.6142279179626295
0.6142279179626295
0.6142279179626295
0.6046587316347406
0.5952023295047492
0.5952023295047492
0.5952023295047492
0.5952023295047492
0.5952023295047492
0.5952023295047492
0.5952023295047492
0.5952023295047492
0.5858567293112162
0.5766199949749892
0.5952023295047492
0.5952023295047492
0.5952023295047492
0.5952023295047492
0.5952023295047492
0.5858567293112162
0.5766199949749892
0.5674902352620583
0.5584656024926057
0.5584656024926057
0.5584656024926057
0.5584656024926057
0.5584656024926057
0.5584656024926057
0.5584656024926057
0.5584656024926057
0.5584656024926057
0.5584656024926057
0.5584656024926057
0.5584656024926057
0.5584656024926057
0.5584656024926057
0.5584656024926057
0.5584656024926057
0.5584656024926057
0.5584656024926057
0.5584656024926057
0.5584656024926057
0.5584656024926057
0.5584656024926057
0.5526957464101869
0.5526957464101869
0.633712811531088
0.633712811531088
0.5858567293112162
0.5858567293112162
0.5495442912943923
0.5495442912943923
0.5495442912943923
0.5495442912943923
0.5495442912943923
0.5495442912943923
0.5584656024926057
0.5584656024926057
0.5584656024926057
0.5584656024926057
0.5584656024926057
0.5766199949749892
0.5674902352620583
0.5766199949749892
0.5766199949749892
0.5858567293112162
0.5952023295047492
0.5952023295047492
0.5952023295047492
0.5952023295047492
0.5952023295047492
0.5952023295047492
0.5952023295047492
0.5952023295047492
0.5952023295047492
0.5952023295047492
0.5952023295047492
0.5952023295047492
0.5952023295047492
0.6142279179626295
0.6142279179626295
0.6142279179626295
0.67412868957823
0.67412868957823
0.67412868957823
0.6046587316347406
0.6046587316347406
0.6046587316347406
0.6046587316347406
0.6046587316347406
0.6046587316347406
0.6046587316347406
0.5952023295047492
0.5952023295047492
0.5952023295047492
0.5952023295047492
0.5952023295047492
0.6142279179626295
0.6142279179626295
0.6142279179626295
0.623911918317414
0.633712811531088
0.633712811531088
0.633712811531088
0.633712811531088
0.633712811531088
0.633712811531088
0.633712811531088
0.633712811531088
0.633712811531088
0.633712811531088
0.633712811531088
0.6950958964661968
0.67412868957823
0.6536738458589876
0.6536738458589876
0.6536738458589876
0.6536738458589876
0.6536738458589876
0.6536738458589876
0.6536738458589876
0.633712811531088
0.633712811531088
0.7165949615776778
0.7165949615776778
0.7165949615776778
0.643632726926374
0.643632726926374
0.643632726926374
0.6475492309903694
0.6475492309903694
0.643632726926374
0.643632726926374
0.6475492309903694
0.643632726926374
0.7165949615776778
0.7165949615776778
0.7165949615776778
0.643632726926374
0.643632726926374
0.643632726926374
0.643632726926374
0.643632726926374
0.643632726926374
0.643632726926374
0.643632726926374
0.643632726926374
0.643632726926374
0.643632726926374
0.643632726926374
0.6475492309903694
0.6475492309903694
0.6475492309903694
0.6475492309903694
0.6475492309903694
0.6475492309903694
0.6475492309903694
0.6475492309903694
0.6475492309903694
0.6475492309903694
0.6475492309903694
0.6475492309903694
0.6536738458589876
0.6536738458589876
0.6536738458589876
0.6536738458589876
0.6536738458589876
0.67412868957823
0.6536738458589876
0.6638384033167816
0.67412868957823
0.67412868957823
0.6845470519328387
0.6950958964661968
0.6950958964661968
0.6950958964661968
0.6950958964661968
0.6950958964661968
0.6950958964661968
0.6950958964661968
0.6950958964661968
0.6950958964661968
0.6950958964661968
0.6950958964661968
0.6950958964661968
0.6950958964661968
0.6950958964661968
0.6950958964661968
0.6950958964661968
0.6950958964661968
0.6950958964661968
0.6950958964661968
0.6950958964661968
0.6950958964661968
0.6950958964661968
0.6950958964661968
0.6950958964661968
0.7165949615776778
0.7165949615776778
0.7165949615776778
