1.0
0.7902596736118239
0.8023300870553589
0.8395380721366801
0.7435525789684126
0.7435525789684126
0.7522769586876666
0.7599696164071401
0.6993918331885317
0.689119170984456
0.6993918331885317
0.689119170984456
0.6912083152880034
0.8359191349318289
0.8359191349318289
0.8359191349318289
0.8359191349318289
0.8359191349318289
0.8230990331852626
0.8359191349318289
0.8295104237420973
0.8261971315865095
0.8295104237420973
0.8175447703088502
0.8302807035749494
0.8295104237420973
0.7599899472229203
0.7712074460013152
0.7599899472229203
0.7736533631035445
0.8202057023825022
0.8083400160384924
0.8202057023825022
0.8202057023825022
0.8202057023825022
0.8322281340916835
0.828467729209405
0.8164289073522496
0.828467729209405
0.8164289073522496
0.8196185997910136
0.8224762104490524
0.8105630501588624
0.8224762104490524
0.8105630501588624
0.8169509178492383
0.825158456723562
0.8196185997910136
0.8131891101008517
0.8083400160384924
0.7966280295047419
0.7955904044717025
0.8019663648124191
0.8099717779868297
0.8019663648124191
0.7966280295047419
0.8019663648124191
0.8051531456953642
0.8073767289208408
0.8083400160384924
0.8019663648124191
0.8137923850200531
0.8109623170351915
0.8099717779868297
0.8083400160384924
0.8019663648124191
0.8137923850200531
0.8019663648124191
0.8051279397686993
0.7881217444591972
0.7724729864357422
0.770362852068003
0.7502513067953357
0.7614507195427299
0.7541266938857301
0.7321724504687229
0.7169237670396491
0.7169459962756052
0.7275500334796519
0.7842850921015551
0.7614507195427299
0.7391934074166563
0.7305222283068651
0.7414894416472533
0.7352440124260948
0.7282743560474465
0.7391934074166563
0.7302158273381295
0.731685527099464
0.7324663609712095
0.7386881795861101
0.7905838237591792
0.7169237670396491
0.7138157894736842
0.7945649916943521
0.782857584899822
0.7598951307048133
0.7598951307048133
0.7463126843657817
0.7525965513764243
0.7558795740660351
0.7672972139405778
0.7686828197206832
0.7622816872638137
0.7486342943854325
0.7486342943854325
0.750081656239793
0.7486342943854325
0.7352440124260948
0.7414894416472533
0.7169237670396491
0.7138157894736842
0.7191601703569027
0.7598951307048133
0.7375166486567989
0.7157001414427157
0.7157001414427157
0.7049960544486092
0.7157001414427157
0.7558795740660351
0.7672972139405778
0.7169459962756052
0.7713019418968079
0.7713019418968079
0.7598951307048133
0.782857584899822
0.7713019418968079
0.7892999871084182
0.7905838237591792
0.7918315615219472
0.8306282930445603
0.8306282930445603
0.8064271717831483
0.8184472147703961
0.831580331317381
0.8306282930445603
0.8184472147703961
0.8266875647530749
0.8333421877490305
0.8306282930445603
0.8306282930445603
0.8306282930445603
0.8306282930445603
0.8306282930445603
0.8306282930445603
0.8207382301541069
0.8246377958989787
0.8266875647530749
0.8266875647530749
0.8306282930445603
0.8306282930445603
0.8306282930445603
0.8306282930445603
0.8306282930445603
0.8306282930445603
0.8279320173123614
0.8266875647530749
0.8333421877490305
0.8266875647530749
0.8333421877490305
0.8333421877490305
0.8266875647530749
0.8333421877490305
0.8266875647530749
0.8306282930445603
0.8333421877490305
0.8333421877490305
0.8266875647530749
0.8266875647530749
0.8306282930445603
0.8306282930445603
0.8306282930445603
0.8306282930445603
0.8279320173123614
0.8279320173123614
0.8213635283870457
0.83723823895375
0.8279320173123614
0.8279320173123614
0.8306282930445603
0.8306282930445603
0.8306282930445603
0.8306282930445603
0.8279320173123614
0.8279320173123614
0.8223328964613368
0.8306282930445603
0.8306282930445603
0.8103273181782673
0.8064271717831483
0.7945649916943521
0.7713019418968079
0.777703775808187
0.7688791276144751
0.7688791276144751
0.7638462514271217
0.7713019418968079
0.7688791276144751
0.7638462514271217
0.7713019418968079
0.7664714867617108
0.7701674277016742
0.7688791276144751
0.7701674277016742
0.7688791276144751
0.7169237670396491
0.7244984318215761
0.7138157894736842
0.7713019418968079
0.7375166486567989
0.7265394795984618
0.7049960544486092
0.7049960544486092
0.6839836329095426
0.6880007769630457
0.6862400117293453
0.7169237670396491
0.7265394795984618
0.7049960544486092
0.7049960544486092
0.7066865949574891
0.7049960544486092
0.6944247028550423
0.6967297762478485
0.6905938767982295
0.6944247028550423
0.7028641671788568
0.7094924928651197
0.7094924928651197
0.6988260826674558
0.7094924928651197
0.6988260826674558
0.7047119382300534
0.7047119382300534
0.6962356307661947
0.6988260826674558
0.7073508672093426
0.6988260826674558
0.7032836117247028
0.7094924928651197
0.6988260826674558
0.7094924928651197
0.6983372921615202
0.7094924928651197
0.7006603445707761
0.7162111381115815
0.7094924928651197
0.7094924928651197
0.6988260826674558
0.7094924928651197
0.7494764799019358
0.7115499700777977
0.7191601703569027
0.7138157894736842
0.7031086273140063
0.720293691623795
0.720293691623795
0.7094924928651197
0.7094924928651197
0.6882919536285875
0.6923377638780297
0.6905938767982295
0.6944247028550423
0.6882919536285875
0.7094924928651197
0.7094924928651197
0.6988260826674558
0.7094924928651197
0.6882919536285875
0.6819407008086253
0.6801407693435652
0.5862393319262182
0.6923377638780297
0.6862400117293453
0.6778876601549179
0.6882919536285875
0.7073508672093426
0.7289970183658641
0.751199086410354
0.0
0.0
0.0
0.0
0.0
0.7265394795984618
0.7135223393201722
0.7243147700963429
0.7135223393201722
0.7196922848591288
0.7181057663579324
0.7219065578244795
0.7305222283068651
0.7243147700963429
0.7281117423772546
0.7243147700963429
0.7243147700963429
0.7196922848591288
0.7558795740660351
0.7169237670396491
0.7138157894736842
0.782857584899822
0.7598951307048133
0.7375166486567989
0.7375166486567989
0.7265394795984618
0.7375166486567989
0.7265394795984618
0.7305222283068651
0.7289970183658641
0.7327840199750312
0.7243147700963429
0.7486342943854325
0.7486342943854325
0.7375166486567989
0.7486342943854325
0.7352440124260948
0.7463126843657817
0.7400272328407888
0.7375166486567989
0.7352440124260948
0.7400272328407888
0.7375166486567989
0.7375166486567989
0.7486342943854325
0.7375166486567989
0.7486342943854325
0.7352440124260948
0.7414894416472533
0.7394889956994688
0.7414894416472533
0.7486342943854325
0.7486342943854325
0.750081656239793
0.7486342943854325
0.7352440124260948
0.7463126843657817
0.7525965513764243
0.7535320622152076
0.7525965513764243
0.7598951307048133
0.7486342943854325
0.7265394795984618
0.7375166486567989
0.7135223393201722
0.7089970501474926
0.6967297762478485
0.6900784180020457
0.6819407008086253
0.6897866412493585
0.687551766138855
0.6918664509486689
0.6897866412493585
0.694146581406788
0.6897866412493585
0.6794432704219194
0.6712189452273718
0.6651813822831404
0.6626824116743472
0.6591318119645814
0.6591426495519497
0.6610830324909748
0.6610830324909748
0.6632219432103534
0.7169237670396491
0.7138157894736842
0.7191601703569027
0.7049960544486092
0.6839836329095426
0.6839836329095426
0.6857862000532443
0.6839836329095426
0.6716706086788627
0.6776949250705857
0.6758791529046047
0.6797289120174271
0.6716706086788627
0.6819407008086253
0.6816618152950517
0.6819407008086253
0.6819407008086253
0.6716706086788627
0.6819407008086253
0.6716706086788627
0.6776949250705857
0.6778876601549179
0.6776949250705857
0.6716706086788627
0.6839836329095426
0.6736704509694754
0.6839836329095426
0.6736704509694754
0.6716706086788627
0.6758791529046047
0.6736704509694754
0.6880007769630457
0.6944247028550423
0.6944247028550423
0.6839836329095426
0.6944247028550423
0.6839836329095426
0.6965242613440834
0.6862400117293453
0.6900784180020457
0.6839836329095426
0.6819407008086253
0.6634828216726013
0.6634828216726013
0.6534184661740441
0.6634828216726013
0.7009350418047791
0.7116471261792746
0.7375166486567989
0.7157001414427157
0.6839836329095426
0.6534184661740441
0.6534184661740441
0.6434751604468743
0.6534184661740441
0.6415993174223212
0.6515021459227468
0.635678391959799
0.6298262094880226
0.612590799031477
0.6239430665163472
0.6239430665163472
0.6143500898923626
0.6239430665163472
0.612590799031477
0.6199479862233781
0.6162926874970722
0.6201993789834941
0.612590799031477
0.6162926874970722
0.6143500898923626
0.6143500898923626
0.6239430665163472
0.6143500898923626
0.6221457176983067
0.612590799031477
0.6162373655037496
0.6158762983503313
0.6184091067811998
0.6239430665163472
0.6239430665163472
0.6143500898923626
0.6239430665163472
0.6143500898923626
0.6201993789834941
0.6162926874970722
0.6121934127540294
0.6534184661740441
0.6534184661740441
0.6434751604468743
0.6534184661740441
0.6434751604468743
0.6475188397554387
0.6455466793847622
0.6494271996957741
0.6415993174223212
0.6515021459227468
0.6434751604468743
0.6239430665163472
0.6239430665163472
0.6239430665163472
0.6434751604468743
0.6336507336436453
0.6553460929630163
0.6593947584342874
0.6594055617990962
0.6715085416465593
0.6736704509694754
0.6736704509694754
0.675526796882517
0.6736704509694754
0.6634828216726013
0.6903562034464957
0.6921686452684548
0.7026914096104215
0.7049960544486092
0.6839836329095426
0.6839836329095426
0.6736704509694754
0.6839836329095426
0.6716706086788627
0.6776949250705857
0.6758791529046047
0.6736704509694754
0.6716706086788627
0.6819407008086253
0.6736704509694754
0.6736704509694754
0.6634828216726013
0.6736704509694754
0.6632219432103534
0.6692257550517853
0.6692257550517853
0.6670837945805458
0.6615251757142514
0.6692257550517853
0.6670837945805458
0.657192075796727
0.6794432704219194
0.6794432704219194
0.685481128867732
0.6794432704219194
0.685481128867732
0.6857563128217701
0.6880007769630457
0.6794432704219194
0.6918664509486689
0.6814793158894898
0.6897866412493585
0.6837113805240517
0.6794432704219194
0.6897866412493585
0.6814793158894898
0.7265394795984618
0.7049960544486092
0.7049960544486092
0.7066865949574891
0.7049960544486092
0.744608514740955
0.7558795740660351
0.782857584899822
0.7598951307048133
0.7375166486567989
0.7157001414427157
0.7157001414427157
0.7049960544486092
0.7130305286671631
0.7068460507372288
0.7108603667136812
0.7108603667136812
0.7085285848172446
0.7241344981209089
0.7265394795984618
0.7265394795984618
0.7281117423772546
0.7265394795984618
0.7135223393201722
0.744608514740955
0.7398033778674061
0.7573313039066464
0.7598951307048133
0.7375166486567989
0.7375166486567989
0.7390273131272782
0.707154495630277
0.7169459962756052
0.6963246218671603
0.6880007769630457
0.6984340263357194
0.6923377638780297
0.7007451345654199
0.6963246218671603
0.6963246218671603
0.6981465136804943
0.6897866412493585
0.6958604173794047
0.744608514740955
0.7558795740660351
0.782857584899822
0.7598951307048133
0.7598951307048133
0.7486342943854325
0.7598951307048133
0.7486342943854325
0.7622816872638137
0.7558795740660351
0.7672972139405778
0.8064271717831483
0.7945649916943521
0.7713019418968079
0.7598951307048133
0.7713019418968079
0.7598951307048133
0.7713019418968079
0.757523471200203
0.7688791276144751
0.7169237670396491
0.8306282930445603
0.8064271717831483
0.8064271717831483
0.7945649916943521
0.8064271717831483
0.7920364285529482
0.8038439502057398
0.797358893548303
0.801048479186131
0.8103273181782673
0.8184472147703961
0.7945649916943521
0.7945649916943521
0.7957410606099667
0.7914655038156051
0.782857584899822
0.8144922947012877
0.8266875647530749
0.8064271717831483
0.8144922947012877
0.8064271717831483
