1.0
1.0
0.9888888888888889
0.9925386083636994
0.973384030418251
1.0
0.9768421052631578
0.9332886356017432
0.9618982820207518
0.9618982820207518
0.9032630191166776
0.9309480020063534
0.9177517718806659
0.9005847953216374
0.9425941422594142
0.942805340365914
0.9187279151943463
0.9529180971064247
0.9187279151943463
0.9054662379421222
0.9932363882313155
0.9491068419278733
0.9590840208789359
0.9887640449438202
0.95179335307667
1.0
0.9484339851185326
0.9708943376256836
0.8918518518518519
0.9405042626519137
0.9357593761604159
0.923218899963086
0.9453302961275627
0.9929397921161012
0.9302241503976862
0.9568612867236891
0.9685212298682284
0.9458689458689459
0.9500983723841889
0.926717287656719
0.9355406833392039
0.9764705882352941
0.9915997759940265
1.0
0.9615097159940209
1.0
0.9514925373134329
0.980701754385965
0.9038961038961039
0.9704861111111112
0.9629885852646143
1.0
0.9215379806189434
0.938731192802854
0.929468745270168
0.9570187471422039
0.9438663344569838
0.921469008564378
0.9149026850404887
0.8907874127865585
0.9301985981308412
0.9179824561403509
0.9248784798939461
0.9289663972777541
0.9269521410579346
0.965034965034965
0.9679964927663306
0.928221389449409
0.9784301977231875
0.9720300309141764
0.9856695029108822
0.9716267339218159
0.9583333333333334
0.9278940237844348
0.954021267036094
0.9778850646316773
0.9745222929936306
0.9745693191140279
1.0
0.9550561797752809
0.9671551288529561
0.9697221760106471
0.92458055057827
0.9620971781599599
1.0
0.9621313672922251
0.9768628785301123
0.9165203511572226
0.9201923076923076
0.9662285809349526
0.9697221760106471
0.9136385087305333
0.9378891904837937
0.9322820037105751
0.9635627530364372
0.9676720804331013
0.9110218140068886
0.9251968503937008
0.9547925608011445
0.9165064542708047
0.9751607247223846
0.9109788176657898
0.9268157200388835
0.9890398947829899
0.9354563548478817
0.9064839666619579
0.909598993991896
0.9383107523782069
0.9223576083876452
0.9180043383947939
0.9753928253780018
0.9152739427408807
0.9612043139604554
0.9615268100575584
0.9376498800959233
0.9601241272304112
0.9822105089771043
0.9356660913227679
0.8770315854032505
0.9545913218970736
0.9300735168404856
0.972568578553616
0.9384240737519569
0.941363475803603
0.9602927721866422
0.9334186939820742
0.8740894901144641
0.9376400298730396
0.9217264081931237
0.9447619047619048
0.963855421686747
0.9302325581395349
0.9288824383164006
0.9012875536480687
0.9642857142857143
0.9446064139941691
0.9480471628592484
0.8894025604551921
0.9761904761904762
0.9571373899732109
0.9213483146067416
0.9312555654496883
0.850175814095704
0.8040875912408759
0.8713999691975974
0.918918918918919
0.905625
0.8916271721958926
0.9792559574832848
0.9287128712871288
0.9438202247191011
0.9574276989401832
0.9333100558659218
0.9155313351498637
0.915042573320719
0.9512195121951219
0.927710843373494
0.9066555043951444
0.8717244294167371
0.8817946505608283
0.8875
0.9894628630172192
0.9571024916516825
0.9206637282862328
0.9233252623083131
0.9588014981273408
0.9846766779037696
0.9542562859739473
0.9576768612913191
0.9760956175298805
0.9301143583227446
0.8736059479553904
0.9221614667095529
0.9540269616315243
0.9115462525320729
0.9314746388982197
0.9027081243731193
0.8852950983661221
0.9196882412741444
1.0
0.9825083736509118
0.9299853372434017
0.890625
0.9664586583463338
0.9606209769026883
0.8740416210295728
0.9434800161485668
0.9714993804213135
0.9655172413793104
1.0
0.9415720891130728
0.8764940239043825
0.8914100486223663
0.8837209302325582
0.8365791701947503
0.8491988689915174
0.9192546583850931
0.9532710280373832
0.9086444007858546
0.9077155824508321
0.0
0.8526645768025078
0.8115441539220523
0.8717948717948718
0.8384401114206128
1.0
0.9179019384264538
0.8823529411764706
0.8852071005917159
0.9293729372937294
0.8571428571428571
0.8334342822531798
0.8349514563106796
0.8223318938926588
0.8066914498141264
0.8161328588374852
0.8673835125448028
0.9299516908212561
0.9432799013563502
0.8435374149659864
0.8236272878535774
0.7714285714285715
0.8887587822014051
0.8984375
0.8557844690966719
0.8282980866062437
0.9857387335995437
0.914534567229178
0.8484682713347921
0.9007891770011274
0.9303985722784057
0.9167643610785463
0.9459459459459459
0.9661610268378062
0.8864426419466975
0.9053254437869822
0.9183673469387755
0.8816637375512595
0.8840413318025259
0.8490566037735849
0.7929515418502202
0.7834602829162133
0.8071748878923767
0.8325688073394495
0.9375
0.8648648648648649
0.810126582278481
0.9634760705289672
0.9627139364303179
0.8071672354948806
0.9565217391304348
0.8794669897032101
0.8857312018946122
0.9053254437869822
0.9053254437869822
0.9053254437869822
0.9787234042553191
0.8687258687258688
0.8313253012048193
0.8324715615305067
0.8372093023255814
0.8384236453201971
0.8392857142857143
0.9535504538174052
0.9311163895486936
0.9187620889748549
0.9105976896032144
0.9447628973423658
0.8147429679922406
0.8226527570789866
0.8199909543193126
0.8355555555555556
0.9433962264150944
0.9475826972010178
0.8565947242206235
0.9285714285714286
0.9423076923076923
0.906987505784359
0.9107142857142857
0.9086778736937755
0.8126801152737753
0.9028794533918985
0.8491803278688524
0.8794293603313391
0.8096885813148789
0.8624407072013799
0.809375
0.8452012383900929
0.8722044728434505
0.898876404494382
0.9226594301221167
0.8462161068393363
0.9272727272727272
0.8896492728828058
0.9433628318584071
0.8598993288590604
0.8276140492531288
0.8257963035784507
0.8981132075471698
0.8434852763210973
0.821319018404908
0.8721675929884566
0.8042862919530934
0.9012233801540552
0.7872670807453416
0.7872670807453416
0.8022736500203005
0.8933920704845815
0.8606663781912592
0.7825370675453048
0.8128342245989305
0.8142857142857143
0.8803088803088803
0.8021108179419525
0.8279618701770313
0.7916666666666666
0.7677704194260485
0.7610503282275711
0.8199445983379502
0.8154269972451791
0.7576264103635604
0.8218569524655709
0.7906672481465329
0.8071553228621291
0.9139009139009139
0.8462882096069869
0.8388865457612822
0.8629787234042553
0.8789217852408308
0.8247422680412371
0.8651220521307406
0.8496546119463633
0.8406492069347105
0.8107324147933285
0.7474358974358974
0.7410231966952653
0.775105622359441
0.821778829895164
0.8699472759226714
0.847003682624707
0.8180374722134011
0.8626582278481013
0.8270631067961165
0.8175519630484989
0.8043775649794802
0.844173816772765
0.8288335517693316
0.7766627771295216
0.8019257221458047
0.8434014869888475
0.8594306049822064
0.8406730369754881
0.8521962801741195
0.8572485207100592
0.8530605044981479
0.8627182471756247
0.9100221956633089
0.9535750593019315
0.8560048098602134
0.841296928327645
0.8215397104586659
0.8740221203129215
0.8962493254182406
0.9355063379300739
0.923796423658872
0.9195781147000659
0.9175963488843814
0.9274755927475593
0.9095867167616046
0.9192727272727272
0.9002849002849003
0.9522628642281463
0.9509803921568627
0.9509803921568627
0.9375151368370065
0.9514563106796117
0.9394490959834971
0.9490353112486348
0.9258992805755396
0.9258992805755396
0.9199428162973553
0.9428571428571428
0.9224085917702426
0.9224085917702426
0.9224085917702426
0.9357674929783857
0.9357674929783857
0.9468676634128259
0.9468676634128259
0.9639344262295082
