1.0
0.7310779816513762
0.7692307692307693
0.6919308357348704
0.7705479452054794
0.8999370673379484
0.8838526912181303
0.7452193475815523
0.7575757575757576
0.7470978441127695
0.7906597882161281
0.8063473405818395
0.3662668951075576
0.40922490029478065
0.41219030914273186
0.47076574877404753
0.4772895125553914
0.41259500542888167
0.45784626284094937
0.5791078917270301
0.4840396753832281
0.3814921333107765
0.2177742193755004
0.2177742193755004
0.2364066193853428
0.21981602146416251
0.22541140451588212
0.23943932411674348
0.22151563328033916
0.21844915105898827
0.21164021164021163
0.39644416718652525
0.23848987108655617
0.3693947946064597
0.38461538461538464
0.3442376950780312
0.3622881355932203
0.39855072463768115
0.40066225165562913
0.38464818763326225
0.3176922356467172
0.288563213060013
0.2854841596563451
0.18882531134298217
0.30112359550561796
0.3669977924944812
0.35084745762711866
0.3539379729297666
0.36157530601383714
0.37123604969467255
0.3955396591626341
0.39297658862876256
0.3372209933641665
0.33587204874333587
0.35810034469551894
0.3982292460015232
0.37127320457528595
0.39020701389545326
0.3401173124777817
0.3861030292657881
0.3969638806491014
0.35554470750955985
0.0
0.0
0.0
0.0
0.0
0.0
0.0
0.0
0.0
0.0
0.0
0.0
0.0
0.0
0.0
0.0
0.0
0.0
0.0
0.0
0.0
0.0
0.0
0.0
0.0
0.0
0.0
0.0
0.0
0.0
0.07592783818259126
0.0593505039193729
0.08166295471417966
0.09058382553384825
0.08678847505270555
0.09229300376597889
0.11128997638978322
0.1029204884362163
0.10513274336283186
0.10456867900193462
0.10410746577111857
0.10860516890910851
0.11811552055836427
0.0
0.0
0.0
0.0
0.0
0.0
0.0
0.0
0.0
0.0
0.0
0.0
0.0
0.0
0.0
0.0
0.0
0.0
0.0
0.0
0.0
0.0
0.0
0.0
0.0
0.0
0.0
0.0
0.0
0.0
0.0
0.0
0.0
0.0
0.0
0.0
0.0
0.0
0.0
0.0
0.0
0.0
0.0
0.0
0.0
0.0
0.0
0.0
0.0
0.0
0.0
0.0
0.0
0.0
0.0
0.0
0.0
0.0
0.0
0.0
0.0
0.0
0.0
0.0
0.0
0.0
0.0
0.0
0.0
0.0
0.0
0.0
0.0
0.0
0.0
0.0
0.0
0.0
0.0
0.0
0.0
0.0
0.0
0.0
0.0
0.0
0.0
0.0
0.0
0.0
0.0
0.0
0.0
0.0
0.0
0.0
