1,1616,342,71,97
2,1615,343,72,97
3,1629,343,71,97
4,1627,351,72,96
5,1631,352,71,96
6,1634,352,71,96
7,1637,352,72,97
8,1641,353,71,96
9,1644,354,71,96
10,1649,351,72,96
11,1655,351,72,96
12,1658,352,71,96
13,1660,354,71,95
14,1662,355,71,94
15,1664,356,70,94
16,1666,356,69,94
17,1667,357,69,92
18,1668,358,68,92
19,1669,359,68,91
20,1670,360,67,90
21,1686,358,50,67
22,1687,358,50,67
23,1673,358,60,80
24,1679,358,60,80
25,1679,358,60,81
26,1679,358,60,80
27,1679,358,60,81
28,1679,358,60,81
29,1679,358,60,80
30,1679,358,59,80
31,1679,357,59,81
32,1679,357,59,80
33,1678,356,60,81
34,1677,356,60,81
35,1676,355,60,82
36,1675,355,60,81
37,1668,388,49,67
38,1662,376,59,80
39,1662,364,59,80
40,1659,363,60,81
41,1656,364,59,80
42,1653,363,60,81
43,1650,362,60,81
44,1644,364,59,80
45,1648,393,49,67
46,1645,392,50,67
47,1643,391,50,68
48,1638,358,59,80
49,1638,376,59,80
50,1632,358,60,80
51,1630,357,60,81
52,1633,388,50,67
53,1632,387,50,68
54,1631,387,50,68
55,1630,387,50,68
56,1632,352,60,80
57,1632,352,60,80
58,1632,352,60,80
59,1628,388,50,67
60,1628,378,50,67
61,1628,377,50,68
62,1628,378,50,67
63,1628,377,50,68
64,1628,377,51,68
65,1629,377,50,68
66,1631,343,71,97
67,1631,343,71,97
68,1633,388,50,67
69,1632,376,60,80
70,1634,376,59,80
71,1636,375,59,81
72,1638,376,59,80
73,1643,378,50,67
74,1645,378,50,67
75,1646,378,51,68
76,1648,378,51,68
77,1645,351,72,96
78,1662,346,59,80
79,1649,326,86,116
80,1651,327,86,115
81,1652,351,72,96
82,1653,351,72,96
83,1655,351,71,97
84,1656,352,71,96
85,1657,352,71,95
86,1658,352,71,95
87,1659,353,70,94
88,1660,353,70,95
89,1661,353,70,94
90,1666,343,72,97
91,1667,344,72,96
92,1668,344,71,96
93,1668,344,71,96
94,1674,352,59,80
95,1674,352,60,81
96,1674,352,60,81
97,1683,348,49,67
98,1683,348,49,67
99,1683,348,49,67
100,1683,348,49,67
101,1609,659,72,97
102,1609,659,72,97
103,1609,659,72,97
104,1609,659,72,97
105,1609,659,72,97
106,1609,659,72,97
107,1609,659,72,96
108,1609,659,72,96
109,1609,659,72,96
110,1609,659,72,96
111,1609,659,72,96
112,1609,659,72,96
113,1609,659,72,96
114,1609,659,72,96
115,1609,659,72,96
116,1609,659,72,96
117,1609,659,72,96
118,1609,659,72,96
119,1609,659,72,96
120,1680,346,59,80
121,1680,346,59,80
122,1680,346,59,80
123,1666,343,72,97
124,1666,343,72,97
125,1666,344,72,96
126,1666,344,72,96
127,1666,344,72,96
128,1667,344,71,96
129,1667,344,71,96
130,1667,344,71,96
131,1667,344,71,96
132,1667,344,71,96
133,1667,344,71,96
134,1667,344,71,96
135,1666,326,86,116
136,1667,326,85,116
137,1668,382,59,80
138,1671,336,72,97
139,1668,370,59,80
140,1668,370,59,80
141,1668,370,60,80
142,1668,370,60,81
143,1668,370,60,81
144,1668,370,60,81
145,1668,370,60,81
146,1668,371,60,80
147,1668,371,60,80
148,1669,371,59,80
149,1669,371,59,80
150,1669,371,59,80
151,1674,352,59,80
152,1674,352,59,81
153,1673,352,60,81
154,1674,352,59,80
155,1673,352,60,81
156,1671,352,60,81
157,1674,352,59,80
158,1671,352,60,81
159,1669,352,60,81
160,1666,351,60,82
161,1663,351,61,82
162,1650,382,59,80
163,1647,382,59,80
164,1644,364,60,80
165,1645,378,50,67
166,1642,378,50,67
167,1640,378,49,66
168,1637,378,49,66
169,1634,378,49,66
170,1632,378,49,66
171,1630,378,49,66
172,1625,388,50,67
173,1623,388,50,67
174,1621,387,50,68
175,1620,387,50,68
176,1566,662,60,81
177,1566,662,60,81
178,1620,352,60,80
179,1564,630,71,97
180,1564,630,72,97
181,1564,630,71,97
182,1558,610,86,116
183,1564,630,71,97
184,1564,630,71,97
185,1565,630,71,97
186,1565,631,73,97
187,1566,630,73,98
188,1567,629,73,99
189,1572,656,60,81
190,1572,656,60,81
191,1572,656,61,81
192,1574,657,60,81
193,1571,637,72,97
194,1571,637,73,98
195,1571,637,73,98
196,1571,637,73,98
197,1572,636,73,99
198,1572,636,74,100
199,1578,662,60,81
200,1578,663,60,80
201,1579,664,59,79
202,1579,664,59,80
203,1638,352,60,80
204,1638,352,60,80
205,1635,343,72,97
206,1636,344,71,96
207,1578,668,60,81
208,1578,668,60,81
209,1578,668,60,81
210,1578,668,60,81
211,1578,668,60,81
212,1578,668,60,81
213,1578,668,60,81
214,1578,668,60,81
215,1578,668,60,81
216,1578,668,60,81
217,1578,668,60,80
218,1578,668,60,81
219,1578,668,60,81
220,1578,668,60,81
221,1578,668,60,81
222,1578,668,60,81
223,1578,668,60,81
224,1578,668,60,81
225,1578,668,60,81
226,1578,668,60,81
227,1578,668,60,81
228,1578,668,60,81
229,1578,668,60,81
230,1578,668,59,81
231,1578,668,59,80
232,1578,668,59,80
233,1578,668,59,80
234,1578,668,59,80
235,1578,668,59,80
236,1578,668,59,80
237,1578,668,59,80
238,1578,669,59,79
239,1578,669,59,79
240,1578,669,59,79
241,1578,669,59,79
242,1578,669,59,79
243,1578,669,59,79
244,1578,669,59,79
245,1578,669,59,79
246,1578,669,59,79
247,1578,669,59,79
248,1578,669,59,79
249,1578,669,59,79
250,1578,669,59,79
251,1578,669,59,79
252,1578,669,59,79
253,1578,662,60,81
254,1571,652,72,96
255,1571,652,72,96
256,1571,652,72,96
257,1578,662,60,81
258,1578,662,60,81
259,1578,662,60,81
260,1578,662,60,81
261,1578,662,59,81
262,1577,662,60,81
263,1577,662,60,81
264,1577,662,60,81
265,1577,661,60,82
266,1576,661,61,82
267,1576,661,61,82
268,1571,637,72,97
269,1571,637,71,97
270,1570,637,72,97
271,1570,636,72,98
272,1571,637,72,97
273,1571,637,72,97
274,1571,637,72,97
275,1571,637,72,97
276,1571,637,72,97
277,1571,637,71,97
278,1571,638,71,96
279,1571,637,71,97
280,1571,638,71,96
281,1570,638,72,96
282,1570,638,72,96
283,1567,619,86,116
284,1568,620,84,113
285,1567,619,86,116
286,1567,620,85,114
287,1568,620,84,114
288,1567,620,85,115
289,1620,352,60,80
290,1620,352,59,81
291,1619,352,60,81
292,1619,352,60,80
293,1567,627,86,116
294,1567,619,86,116
295,1567,619,86,116
296,1567,619,86,116
297,1567,618,86,117
298,1567,619,86,116
299,1567,619,86,116
300,1558,619,86,116
301,1558,619,86,116
302,1558,618,86,117
303,1558,618,86,117
304,1558,618,87,117
305,1614,352,60,80
306,1614,352,60,81
307,1564,652,71,96
308,1564,652,72,96
309,1564,652,72,96
310,1564,652,71,96
311,1564,652,71,96
312,1567,610,86,116
313,1567,619,86,116
314,1572,662,60,81
315,1573,662,60,81
316,1575,663,60,81
317,1576,663,60,81
318,1579,664,59,81
319,1581,665,59,80
320,1583,664,59,80
321,1638,376,60,80
322,1645,378,50,67
323,1648,377,50,68
324,1650,377,51,69
325,1653,377,51,69
326,1655,378,51,68
327,1658,378,50,68
328,1660,379,50,68
329,1662,379,50,68
330,1662,370,59,80
331,1674,352,59,80
332,1668,370,59,80
333,1669,370,60,81
334,1674,352,59,80
335,1675,352,60,80
336,1680,352,59,80
337,1680,352,60,80
338,1681,352,59,80
339,1681,352,60,80
340,1681,352,60,80
341,1681,352,59,80
342,1681,352,59,80
343,1680,352,60,80
344,1680,352,59,80
345,1680,352,59,80
346,1679,352,60,81
347,1680,352,59,80
348,1679,352,60,80
349,1685,353,49,67
350,1684,353,50,67
351,1684,353,49,67
352,1684,354,49,66
353,1683,354,49,66
354,1620,674,60,81
355,1620,674,60,81
356,1614,644,72,97
357,1614,645,71,96
358,1614,645,71,96
359,1614,645,71,96
360,1614,644,72,97
361,1614,644,72,97
362,1614,644,72,97
363,1614,644,72,97
364,1575,470,24,32
365,1574,466,25,34
366,1573,462,25,35
367,1570,457,29,39
368,1570,455,29,38
369,1570,452,29,39
370,1570,449,29,39
371,1570,445,29,40
372,1570,442,29,40
373,1569,439,30,39
374,1570,434,29,39
375,1570,432,29,38
376,1570,427,29,39
377,1570,423,29,39
378,1571,419,29,39
379,1573,420,24,32
380,1573,416,23,32
381,1573,413,23,32
382,1572,411,23,31
383,1572,409,23,31
384,1572,407,23,31
385,1572,405,23,30
386,1599,482,24,32
387,1599,481,24,33
388,1600,481,23,32
389,1600,481,23,32
390,1600,480,24,32
391,1601,480,23,31
392,1601,486,20,27
393,1600,484,21,28
394,1596,472,29,39
395,1599,484,20,27
396,1598,482,21,28
397,1599,481,20,28
398,1600,481,20,27
399,1600,481,20,26
400,1600,480,20,27
401,1600,479,20,27
402,1601,479,19,26
403,1601,478,19,26
404,1601,476,20,27
405,1601,476,20,26
406,1618,644,86,117
407,1668,376,59,80
408,1668,376,59,80
409,1668,376,59,80
410,1668,370,59,80
411,1668,370,59,80
412,1668,370,59,80
413,1668,376,59,80
414,1668,370,59,80
415,1668,370,59,80
416,1668,364,59,80
417,1668,364,59,80
418,1668,364,59,80
419,1668,364,59,80
420,1668,364,59,80
421,1668,364,59,80
422,1668,364,59,80
423,1668,364,59,80
424,1668,364,59,80
425,1668,364,59,80
426,1668,364,59,80
427,1668,364,59,80
428,1668,364,59,80
429,1668,364,59,80
430,1668,364,59,80
431,1668,364,59,80
432,1668,364,59,80
433,1668,364,59,80
434,1668,364,59,80
435,1668,364,59,80
436,1668,364,59,80
437,1668,364,59,80
438,1668,364,59,80
439,1668,364,59,80
440,1668,364,59,80
441,1668,364,59,80
442,1668,364,59,80
443,1668,364,59,80
444,1668,364,59,80
445,1668,364,59,80
446,1668,364,59,80
447,1668,364,59,80
448,1668,364,59,80
449,1668,364,59,80
450,1668,364,59,80
451,1668,364,59,80
452,1668,364,59,80
453,1668,364,59,80
454,1668,364,59,80
455,1668,364,59,80
456,1668,364,59,80
457,1668,364,59,80
458,1668,364,59,80
459,1668,364,59,80
460,1668,364,59,80
461,1668,364,59,80
462,1668,364,59,80
463,1668,364,59,80
464,1668,364,59,80
465,1668,364,59,80
466,1668,376,59,80
467,1668,376,59,80
468,1668,364,59,80
469,1668,376,59,80
470,1668,376,59,80
471,1667,376,61,81
472,1670,388,49,67
473,1670,388,49,67
474,1670,388,49,67
475,1672,402,42,56
476,1673,402,40,55
477,1673,404,40,52
478,1601,482,20,27
479,1614,644,72,97
480,1614,645,71,96
481,1614,644,72,97
482,1614,645,71,96
483,1607,484,20,27
484,1606,484,21,28
485,1614,644,72,97
486,1614,645,72,96
487,1614,645,72,96
488,1614,644,72,97
489,1614,644,72,97
490,1614,644,72,97
491,1614,644,72,97
492,1614,644,72,97
493,1614,644,72,97
494,1614,645,72,96
495,1614,645,72,96
496,1614,645,72,96
497,1614,645,72,96
498,1614,645,72,96
499,1614,645,72,96
500,1614,645,72,96
501,1614,645,72,96
502,1614,645,72,96
503,1614,645,72,96
504,1614,645,72,96
505,1614,645,72,96
506,1614,645,72,96
507,1614,645,72,96
508,1614,645,72,96
509,1614,645,72,96
510,1614,645,72,96
511,1614,645,72,96
512,1614,645,72,96
513,1614,645,72,96
514,1614,645,72,96
515,1614,644,72,97
516,1614,645,71,96
517,1614,645,71,96
518,1614,645,71,96
519,1614,645,71,96
520,1614,645,71,96
521,1614,645,71,96
522,1614,645,71,96
523,1614,645,71,96
524,1614,645,71,96
525,1614,645,71,96
526,1614,645,71,96
527,1614,645,71,96
528,1664,343,72,97
529,1657,351,72,96
530,1657,351,72,96
531,1657,351,72,96
532,1662,364,59,80
533,1662,364,60,80
534,1662,364,60,81
535,1662,364,60,81
536,1662,364,60,81
537,1662,364,60,81
538,1662,364,60,81
539,1662,364,60,81
540,1662,364,60,81
541,1662,364,59,80
542,1662,364,59,80
543,1661,364,60,81
544,1662,376,59,80
545,1662,376,59,80
546,1661,376,60,80
547,1661,376,60,81
548,1660,376,60,81
549,1660,375,60,82
550,1659,375,61,82
551,1659,375,60,82
552,1658,375,61,82
553,1662,358,59,80
554,1661,358,60,80
555,1661,358,60,81
556,1661,357,60,82
557,1660,357,60,82
558,1660,357,60,82
559,1660,357,60,82
560,1659,357,61,82
561,1659,357,60,82
562,1659,358,60,81
563,1659,358,60,82
564,1658,358,61,82
565,1658,358,61,82
566,1658,358,61,82
567,1658,358,61,82
568,1658,357,61,82
569,1658,357,60,82
570,1658,357,60,82
571,1657,357,61,82
572,1656,357,61,82
573,1656,358,59,80
574,1655,358,60,81
575,1654,357,60,82
576,1653,357,60,82
577,1650,358,59,80
578,1650,358,59,80
579,1649,358,60,81
580,1649,357,60,81
581,1648,357,60,81
582,1647,356,61,82
583,1645,378,50,67
584,1644,377,50,67
585,1644,377,50,67
586,1643,376,51,68
587,1643,376,50,68
588,1643,375,50,68
589,1643,375,50,68
590,1645,378,50,67
591,1645,377,50,67
592,1646,376,50,68
593,1644,370,60,80
594,1643,365,71,97
595,1650,382,59,80
596,1653,380,60,82
597,1668,346,59,80
598,1664,343,72,97
599,1664,351,72,96
600,1669,349,73,98
601,1674,348,74,99
602,1698,340,59,81
603,1703,339,61,81
604,1709,337,61,83
605,1714,336,62,83
606,1719,334,63,85
607,1724,333,63,85
608,1728,332,64,85
609,1720,326,86,116
610,1726,326,86,116
611,1724,318,86,116
612,1727,317,86,117
613,1730,317,86,117
614,1732,317,87,117
615,1271,343,24,32
616,1271,343,24,32
617,1271,343,24,32
618,1271,343,24,32
619,1271,343,24,32
620,1764,328,59,81
621,1765,328,60,81
622,1766,329,60,80
623,1767,329,60,81
624,1769,331,59,80
625,1770,331,59,80
626,1770,331,59,80
627,1764,329,71,97
628,1754,318,86,116
629,1754,317,86,116
630,1271,343,24,32
