1.0
0.9008356545961003
0.8533333333333334
0.8897196261682243
0.8947981932099665
0.8831837575400913
0.8646827624929815
0.8625035004200504
0.8774110587226747
0.9339567504383401
0.8053097345132744
0.7959183673469388
0.8690339275445659
0.8285956724649979
0.854916067146283
0.8163265306122449
0.8441558441558441
0.8405325901842391
0.8240740740740741
0.8190609889252847
0.5031488233344382
0.48688524590163934
0.7955282471411503
0.64878343660269
0.6140819964349377
0.6068401486988848
0.6140819964349377
0.5757220348922445
0.5893635571054926
0.5962952072919729
0.5911674682990817
0.584184417858185
0.5899956628596212
0.6043842871855231
0.5883376849434291
0.5766423357664233
0.4940871537340029
0.6850393700787402
0.7827390869710097
0.7536278619800064
0.7744045622274405
0.8012586949320967
0.8061016949152542
0.868943322009655
0.4031644606724479
0.41035372703810535
0.4212248714352501
0.8122406639004149
0.5381764269829503
0.8960826985854189
0.8658922914466737
0.4007086735479895
0.4086286594761171
0.4569148069718195
0.4569148069718195
0.7402422611036339
0.7062460367786937
0.7062460367786937
0.41988107943284037
0.5395933212101174
0.5481150793650794
0.5395933212101174
0.5481150793650794
0.5585853577921005
0.5481150793650794
0.6931057124097176
0.7451865622095339
0.4029014650962367
0.565290648694187
0.5571187394485088
0.5863477246207701
0.5693430656934306
0.5209988649262202
0.5104940264772361
0.5086593970493907
0.5086593970493907
0.8260019550342131
0.5709459459459459
0.6136772645470906
0.5891902593545832
0.780743565300286
0.8396017699115044
0.7966445677174943
0.7669565217391304
0.8122342614181868
0.8210794730131746
0.8005107832009081
0.7700097100846165
0.7835842090315251
0.6819449980071741
0.6550624501727346
0.5911776289877905
0.5913329676357653
0.6438525313106368
0.6392757660167131
0.6392757660167131
0.6295738269479122
0.6295738269479122
0.6228434155929242
0.6228434155929242
0.0
0.0
0.0
0.0
0.0
0.0
0.0
0.0
0.0
0.0
0.0
0.0
0.0
0.0
0.0
0.0
0.0
0.0
0.0
0.5721016321723036
0.6158833063209076
0.6342474489795918
0.7247236451873821
0.7739130434782608
0.7461077844311377
0.7461077844311377
0.7897984368572604
0.7780979827089337
0.7780979827089337
0.7780979827089337
0.7780979827089337
0.7780979827089337
0.7780979827089337
0.7780979827089337
0.5561456020083035
0.5488336075888104
0.48354049993170334
0.5951628585318425
0.6453567641266474
0.6453567641266474
0.6552193645990922
0.6605816831683168
0.6605816831683168
0.6605816831683168
0.6605816831683168
0.6510440835266821
0.702514193025142
0.6920077972709552
0.6920077972709552
0.6920077972709552
0.7473578258681429
0.7560771165129925
0.7699530516431925
0.7473578258681429
0.7699530516431925
0.7652641569123695
0.608231046931408
0.6212121212121212
0.6168038603462958
0.6788104089219331
0.675
0.5
0.49859268194611983
0.7933669322061453
0.5498203201568115
0.5202422696844119
0.5143040822886532
0.5077369439071566
0.5265716137394686
0.5418958265933355
0.5418958265933355
0.4188911704312115
0.41809509613951407
0.4223926380368098
0.4223926380368098
0.0
0.0
0.798629679144385
0.0
0.0
0.0
0.0
0.0
0.0
0.0
0.0
0.0
0.0
0.0
0.0
0.0
0.0
0.0
0.0
0.0
0.0
0.0
0.0
0.0
0.0
0.0
0.0
0.7616686613096256
0.7616686613096256
0.6780435366836872
0.7590051457975986
0.0
0.0
0.0
0.0
0.0
0.0
0.0
0.0
0.0
0.0
0.0
0.0
0.0
0.0
0.0
0.0
0.0
0.0
0.0
0.0
0.0
0.0
0.0
0.0
0.0
0.0
0.0
0.0
0.0
0.0
0.0
0.0
0.0
0.0
0.0
0.0
0.0
0.0
0.0
0.0
0.0
0.0
0.0
0.0
0.0
0.0
0.0
0.0
0.0
0.0
0.0
0.0
0.0
0.0
0.0
0.0
0.0
0.0
0.0
0.0
0.0
0.0
0.0
0.0
0.0
0.0
0.0
0.0
0.0
0.0
0.0
0.0
0.0
0.0
0.0
0.0
0.0
0.0
0.0
0.0
0.0
0.0
0.7431192660550459
0.7236842105263158
0.7369603594928583
0.7284406616348161
0.0
0.0
0.0
0.0
0.0
0.0
0.0
0.0
0.0
0.0
0.0
0.0
0.7775571002979146
0.786896095301125
0.0
0.0
0.0
0.0
0.0
0.0
0.0
0.0
0.0
0.0
0.0
0.0
0.0
0.0
0.605595667870036
0.5315855969677827
0.5660286311725913
0.5767707177943273
0.5767707177943273
0.5834146341463414
0.593523359757126
0.5998977156495057
0.5749060611011273
0.7647058823529411
0.6364460562103355
0.701759899434318
0.7182029434546863
0.7289232712346069
0.6983833718244804
0.6057184750733138
0.6680161943319838
0.6557721139430285
0.648
0.648
0.671830985915493
0.671830985915493
0.6846141806229457
0.7457008858780615
0.7235494880546075
0.6743240855274784
0.5963855421686747
0.587245349867139
0.5871295886775763
0.5992420653718616
0.5813115541676676
0.5480842425780259
0.5051020408163265
0.0
0.0
0.0
0.0
0.0
0.0
0.0
0.0
0.5341959334565619
0.5969690763874668
0.5969690763874668
0.6893850372111242
0.6893850372111242
0.7379720145677593
0.7198406676783005
0.7772752967778406
0.7772752967778406
0.8361486486486487
0.7948260481712757
0.7991031390134529
0.7991031390134529
0.7991031390134529
0.7991031390134529
0.7991031390134529
0.7266987871739492
0.7266987871739492
0.7266987871739492
0.7386834687448184
0.7386834687448184
0.7238017871649066
0.7238017871649066
0.7238017871649066
0.7238017871649066
0.7238017871649066
0.7238017871649066
0.7238017871649066
0.7238017871649066
0.7238017871649066
0.7238017871649066
0.7278562259306803
0.7278562259306803
0.7278562259306803
0.7278562259306803
0.7278562259306803
0.7278562259306803
0.7278562259306803
0.7278562259306803
0.7278562259306803
0.7278562259306803
0.7278562259306803
0.7278562259306803
0.7278562259306803
0.7278562259306803
0.7278562259306803
0.7278562259306803
0.7278562259306803
0.7278562259306803
0.7278562259306803
0.7278562259306803
0.7278562259306803
0.7278562259306803
0.7278562259306803
0.7278562259306803
0.8189203827405669
0.8189203827405669
0.8719346049046321
0.8091451292246521
0.6805170821791321
0.7188886745128305
0.7109883606233971
0.6708860759493671
0.6333399721171081
0.6032119075597336
0.6991051454138703
0.6169296987087518
0.5255072463768116
0.0
0.0
0.385436193222783
0.5184857858300191
0.5659543109801032
0.6344990408735429
0.9076076272852369
0.8401287553648069
0.850196639256346
0.850196639256346
0.850196639256346
0.850196639256346
0.850196639256346
0.850196639256346
0.850196639256346
0.852322206095791
0.852322206095791
0.877721335268505
0.6920782234007292
0.6920782234007292
0.7030784508440914
0.696165191740413
0.7164179104477612
0.7263681592039801
0.7373737373737373
0.7252531852335838
0.6954444090474673
0.7541899441340782
0.7680325093125635
0.7769881556683587
0.7859316875211363
0.8113531126736409
0.8113531126736409
0.8113531126736409
0.7315490673154906
0.7414104882459313
0.748796280923128
0.7572992700729927
0.7711962833914053
0.7711962833914053
0.7711962833914053
0.7711962833914053
0.7548906789413119
0.744765702891326
0.744765702891326
0.7586837294332724
0.7832827772160431
0.706428209886958
0.7280080889787665
0.7439972945552925
0.7574739670809539
0.7824025289778714
0.7824025289778714
0.8060382657539056
0.8060382657539056
0.832413178984862
0.7875315922493682
0.6318090726908362
0.6318090726908362
0.6246397694524496
0.6464864864864864
0.6339398306611421
0.6339398306611421
0.6339398306611421
0.5548117154811716
0.5681971640783254
0.5769035961505994
0.6701279157261099
0.6669595782073814
0.48996539792387545
0.502257636122178
0.6508400292184076
0.804493179994651
0.8351409978308026
0.8265547100498557
0.854093907644548
0.554755985869423
0.5328327818783406
0.540135883241067
0.5654501216545013
0.5426126233210508
0.5196521739130435
0.5332728715565128
0.6658922348315611
0.6197998946814113
0.6869966518867071
0.6358633941828981
0.6413207046118439
0.6864474739374499
0.0
0.0
0.0
0.0
0.0
0.43823845327604727
0.42234188575651993
0.4496811155550751
0.4422912205567452
0.423947874385815
0.41173355925023825
0.4410334017944006
0.5370425468610532
0.5905356837241144
0.5814685612184123
0.0
