1.0
0.9759405074365705
0.9178082191780822
0.8897196261682243
0.8947981932099665
0.8831837575400913
0.9097262667443214
0.8625035004200504
0.8774110587226747
0.9053797929727365
0.8053097345132744
0.7959183673469388
0.8690339275445659
0.8203584430131616
0.854916067146283
0.715674362089915
0.6968215158924206
0.6814291536476023
0.6829268292682927
0.6829268292682927
0.7328222600795002
0.7328222600795002
0.7400716845878136
0.7562035609140614
0.7109213606941193
0.7109213606941193
0.7246980424822991
0.6807813140281382
0.6996726677577741
0.696185649506535
0.7861490376706696
0.7861490376706696
0.7861490376706696
0.7826369695984393
0.7753505053798501
0.7617130896796007
0.8005957305973854
0.734955185659411
0.7817225509533202
0.7316129032258064
0.7494695609596866
0.6950308115904025
0.6754063974829575
0.717864476386037
0.6652741514360313
0.6704148894920512
0.7417218543046358
0.739151955122917
0.7908530318602262
0.8960826985854189
0.8932142857142857
0.9042686193963207
0.9042686193963207
0.9646230783478422
0.9803630974434976
0.9646230783478422
0.9097472924187726
0.8951529735304228
0.9207359009628611
0.9207359009628611
0.9207359009628611
0.9355116079105761
0.9317282889079965
0.7221335461558925
0.5386620330147698
0.569016296878068
0.5905347752753249
0.5991958419142885
0.7909725953788286
0.5738526802930968
0.6849208409031923
0.7227958697378872
0.7535976106434972
0.554971784393851
0.5629971521162722
0.535552339604438
0.5620978748294014
0.678839419709855
0.6980638409209837
0.6695607763023493
0.6388888888888888
0.6902994625031994
0.6564705882352941
0.6564705882352941
0.6677765445800962
0.6802258437058899
0.6604108546791783
0.6489469677746765
0.6917656270390187
0.6690533015115354
0.6447105788423154
0.5625635808748728
0.5584206285253828
0.5754860524091293
0.592173017507724
0.592173017507724
0.5566974991435423
0.5644320944772491
0.0
0.0
0.5468447881877307
0.5339382306752748
0.0
0.0
0.0
0.0
0.0
0.0
0.0
0.0
0.0
0.0
0.0
0.0
0.0
0.52465413267116
0.5090509220098122
0.5562218890554723
0.5985716658362398
0.588646578991177
0.635574139594725
0.6759319816873773
0.668057366362451
0.7118132948734758
0.6799083269671505
0.6799083269671505
0.7190569744597249
0.7190569744597249
0.7190569744597249
0.7259024196747322
0.7259024196747322
0.7190569744597249
0.7190569744597249
0.7190569744597249
0.7190569744597249
0.7190569744597249
0.7190569744597249
0.7190569744597249
0.7190569744597249
0.7259024196747322
0.7259024196747322
0.7524671052631579
0.7524671052631579
0.7407407407407407
0.7407407407407407
0.7407407407407407
0.7231786255336731
0.7303198887343533
0.7303198887343533
0.6572792362768496
0.6572792362768496
0.664547910376609
0.664547910376609
0.6572792362768496
0.6776859504132231
0.6781954887218045
0.6314828341855369
0.6281837657700547
0.665352390340069
0.6601193436101442
0.7634641407307172
0.7529381039435884
0.574566962399662
0.762698199408761
0.8239119559779889
0.8170993881263436
0.8170993881263436
0.8228800802809835
0.8170993881263436
0.7892172783371224
0.7892172783371224
0.7156117055562717
0.0
0.0
0.0
0.7458100558659218
0.71551609911223
0.7291805020587063
0.7362210004023065
0.7574317904167233
0.7574317904167233
0.7574317904167233
0.7459239130434783
0.7362210004023065
0.71551609911223
0.753895754970446
0.7256778309409888
0.0
0.0
0.0
0.0
0.7459216965742251
0.7179415855354659
0.6982485174458696
0.6790291791655304
0.6910206358059119
0.6818932305998899
0.6713057715923045
0.659217877094972
0.6937036018696728
0.6846675712347354
0.6736856405379704
0.0
0.0
0.0
0.0
0.0
0.0
0.0
0.0
0.0
0.0
0.0
0.0
0.0
0.0
0.0
0.0
0.0
0.0
0.0
0.0
0.0
0.0
0.0
0.0
0.0
0.0
0.0
0.0
0.0
0.0
0.0
0.0
0.0
0.0
0.0
0.0
0.0
0.0
0.0
0.0
0.0
0.0
0.0
0.0
0.0
0.0
0.0
0.0
0.0
0.0
0.0
0.0
0.0
0.0
0.675885911840968
0.0
0.0
0.0
0.0
0.0
0.0
0.0
0.0
0.0
0.0
0.0
0.0
0.0
0.7291778613648576
0.7291778613648576
0.7460142935678944
0.7097280334728033
0.71875
0.7305452620434092
0.7518756698821008
0.7031088082901554
0.723649711588883
0.744692144373673
0.6474820143884892
0.6660812844957351
0.6601193436101442
0.6789036962534574
0.6636155606407322
0.6743713487426974
0.8390219052470708
0.8390219052470708
0.8390219052470708
0.8593025253392887
0.8593025253392887
0.8593025253392887
0.8593025253392887
0.8593025253392887
0.8593025253392887
0.8593025253392887
0.8593025253392887
0.8627112797516385
0.8627112797516385
0.8627112797516385
0.8627112797516385
0.8627112797516385
0.8627112797516385
0.8627112797516385
0.8627112797516385
0.8627112797516385
0.8399664147774979
0.8399664147774979
0.8538797447094391
0.8812880765883376
0.8812880765883376
0.858417710657285
0.6680254777070064
0.6941176470588235
0.7044082917869325
0.7018455939693268
0.7193396226415094
0.6497783407219759
0.6532701907077947
0.6620370370370371
0.6535493827160493
0.778557753669432
0.8075556990636099
0.8050564477659405
0.7952305246422894
0.7760711398544866
0.8069883527454242
0.7990012484394506
0.7452229299363057
0.5819811092274159
0.6775092936802974
0.6560990338164251
0.706570241575627
0.774303305249514
0.6447882246920997
0.6447882246920997
0.7095435684647303
0.6969883220651506
0.6969883220651506
0.7858990944372575
0.8450704225352113
0.8450704225352113
0.7379209370424598
0.810868787987129
0.7719298245614035
0.7259395050412466
0.6219747269222532
0.6150537634408603
0.5666884959615804
0.5777460770328102
0.5512820512820513
0.4986279890239122
0.0
0.0
0.0
0.0
0.0
0.0
0.0
0.0
0.0
0.0
0.0
0.0
0.0
0.0
0.0
0.0
0.0
0.8703152885187388
0.8937282229965157
0.8359587180879956
0.8529466100129318
0.8529466100129318
0.8529466100129318
0.8529466100129318
0.8529466100129318
0.7744579136076489
0.7744579136076489
0.7744579136076489
0.7866757539614926
0.7866757539614926
0.7703987985983648
0.7703987985983648
0.7703987985983648
0.7703987985983648
0.7703987985983648
0.7602502881607114
0.7602502881607114
0.7602502881607114
0.7692560895325873
0.7692560895325873
0.7739703459637561
0.7739703459637561
0.7739703459637561
0.7739703459637561
0.7739703459637561
0.7739703459637561
0.7739703459637561
0.7833964750452973
0.7833964750452973
0.7739703459637561
0.7739703459637561
0.7739703459637561
0.7739703459637561
0.7739703459637561
0.7739703459637561
0.7739703459637561
0.7739703459637561
0.7739703459637561
0.7739703459637561
0.7739703459637561
0.7739703459637561
0.7739703459637561
0.7739703459637561
0.7739703459637561
0.8737214059884694
0.8737214059884694
0.9321012454801125
0.8639901679639492
0.8639901679639492
0.8267377486159524
0.7581593350902088
0.8447304907481898
0.7970244420828906
0.7510729613733905
0.6999725500960746
0.6161843214386064
0.5402233037503579
0.0
0.0
0.0
0.0
0.5491672700941347
0.6344990408735429
0.7582027785988767
0.7408759124087592
0.749485949280329
0.7477203647416414
0.7477203647416414
0.7477203647416414
0.7580893682588598
0.7580893682588598
0.7580893682588598
0.7580893682588598
0.7580893682588598
0.7580893682588598
0.7580893682588598
0.7722602739726028
0.7722602739726028
0.7722602739726028
0.7974991316429316
0.7974991316429316
0.8234672304439746
0.7769881556683587
0.7426313189527416
0.7526702269692924
0.7612139403034851
0.7751834556370913
0.7751834556370913
0.7859316875211363
0.8001014713343481
0.8001014713343481
0.7397504456327986
0.7397504456327986
0.7471358428805237
0.7471358428805237
0.7471358428805237
0.7471358428805237
0.7471358428805237
0.7471358428805237
0.7397504456327986
0.7210293394525488
0.7427542164729
0.7566328201768752
0.7670596048480823
0.6896385542168675
0.7119140625
0.7247437774524158
0.7378374010021012
0.7198059822150363
0.7434846746435011
0.7572529093591215
0.7678244972577697
0.7736842105263158
0.7832844068381972
0.8068358363542206
0.8211325966850829
0.7733243516335466
0.7822282059912488
0.8663101604278075
0.8663101604278075
0.8663101604278075
0.8520434557682359
0.813882790069245
0.7082869413074598
0.6794099939795304
0.6895017793594306
0.834403080872914
0.839671682626539
0.8648796498905909
0.8510288065843621
0.7992859976199921
0.797082741706467
0.7950819672131147
0.7901752653665761
0.7734686480608917
0.7850310856049737
0.8018327605956472
0.7809847198641766
0.7635402906208718
0.7795437344577792
0.7713398861872737
0.7565455652526892
0.7929903668784587
0.7305306685044797
0.7482517482517482
0.7846430713857229
0.7883749488334015
0.7500500700981374
0.7099721127031445
0.7604402083128623
0.7235209235209236
0.7671905697445972
0.7401711044890897
0.7842360629765324
0.7543842461056138
0.7356789764466415
0.7173683705763882
0.7734970783401011
0.7673772930094199
0.0
0.0
0.0
