1.0
0.6948943977089672
0.6221776430918946
0.5909348799092227
0.5701459034792368
0.5566441114201502
0.5501366799204771
0.5483937823834197
0.5466481373931801
0.5482743556138051
0.5380651595744681
0.5447412353923206
0.5447412353923206
0.5558035714285714
0.550641309155241
0.5540780141843972
0.5658443215652914
0.5604892654647385
0.5623222849382506
0.5623222849382506
0.5623222849382506
0.5623222849382506
0.5706544927041557
0.5670774535470277
0.5790760519881611
0.5790760519881611
0.5737880737880738
0.5701842617758469
0.5737880737880738
0.5766696809197778
0.5771682441568476
0.5856421543241843
0.5735209096164965
0.5819215120659591
0.5819215120659591
0.5856421543241843
0.5942076147087536
0.6067563135454247
0.6028661170003926
0.6067563135454247
0.6028661170003926
0.6028661170003926
0.5942076147087536
0.5942076147087536
0.5942076147087536
0.5942076147087536
0.6028661170003926
0.6028661170003926
0.5942076147087536
0.5942076147087536
0.5819215120659591
0.5836932112627397
0.5766696809197778
0.5784131646006997
0.5784131646006997
0.5869121542403057
0.5831654645092815
0.5784131646006997
0.5869121542403057
0.5821031213472445
0.5906766197305708
0.5906766197305708
0.5906766197305708
0.5906766197305708
0.5906766197305708
0.5906766197305708
0.5993435448577681
0.5906766197305708
0.6032024566790963
0.5998603961259925
0.5874293877020973
0.5825996892801657
0.5723761634749117
0.5759843870635669
0.5759843870635669
0.5692700574590338
0.560965283657917
0.5574705360537321
0.5627802690582959
0.5627802690582959
0.5574705360537321
0.560965283657917
0.560965283657917
0.5574705360537321
0.560965283657917
0.5527479469361971
0.560965283657917
0.5527479469361971
0.5527479469361971
0.560965283657917
0.5574705360537321
0.5557319784058431
0.5539312273565118
0.5539312273565118
0.5441593645590368
0.5377067740109441
0.5314160675211004
0.521817615935263
0.521817615935263
0.521817615935263
0.521817615935263
0.521817615935263
0.521817615935263
0.5264735264735265
0.521817615935263
0.5186350836508199
0.521817615935263
0.5264735264735265
0.5186350836508199
0.5186350836508199
0.5281676960509077
0.5297209360530597
0.5264735264735265
0.5186350836508199
0.5264735264735265
0.521817615935263
0.5264735264735265
0.5297209360530597
0.5348585013868324
0.5348585013868324
0.5365701187747447
0.53327927141164
0.5365701187747447
0.5383895715087632
0.5417230961558496
0.5497957901350927
0.5463949843260189
0.5597492215770429
0.5528233914209115
0.5562786011167555
0.5644889001434963
0.5763980438018286
0.5727862870720014
0.5848564526817589
0.5896479265834728
0.5896479265834728
0.5896479265834728
0.593406121045392
0.5896479265834728
0.593406121045392
0.5896479265834728
0.5914614474674696
0.5924204274000904
0.5914614474674696
0.5914614474674696
0.5898751643992152
0.5889718899779783
0.5965551650830838
0.5965551650830838
0.5927545013850416
0.5965551650830838
0.5965551650830838
0.6013838421201506
0.6052608619787123
0.6013838421201506
0.6052608619787123
0.6052608619787123
0.6013838421201506
0.6013838421201506
0.6052608619787123
0.6013838421201506
0.6013838421201506
0.6052608619787123
0.6052608619787123
0.6013838421201506
0.6013838421201506
0.6106603855884148
0.606735706204856
0.6106603855884148
0.6106603855884148
0.606735706204856
0.6052608619787123
0.6106603855884148
0.606735706204856
0.606735706204856
0.606735706204856
0.5965551650830838
0.5927545013850416
0.5927545013850416
0.5965551650830838
0.6013838421201506
0.6052608619787123
0.6013838421201506
0.6013838421201506
0.6052608619787123
0.5965551650830838
0.5965551650830838
0.5947231833910035
0.5861475586147559
0.5776636713735558
0.5757718494411853
0.560965283657917
0.55914752987035
0.55914752987035
0.55914752987035
0.55914752987035
0.55914752987035
0.55914752987035
0.5621725239616614
0.5539312273565118
0.55914752987035
0.552127727243814
0.552127727243814
0.552127727243814
0.5555909728420247
0.5638659232198936
0.562021635951597
0.562021635951597
0.5572606944178017
0.5554489025404749
0.5472638927199813
0.5425180860515294
0.5339637775995272
0.5292186612234591
0.5259753895258494
0.5292186612234591
0.5292186612234591
0.5324757486292704
0.5324757486292704
0.5292186612234591
0.5272148294987241
0.5223251895534962
0.518782751436328
0.5219536884727318
0.513564137640745
0.513564137640745
0.50048155437377
0.4923205516664925
0.4914748866117924
0.4856103070358906
0.4753378237041376
0.47020061502416166
0.46782645147767765
0.4563112886026721
0.445875
0.43221710444416783
0.42708938501120425
0.40341809945433954
0.3983197430195206
0.3871020743479154
0.3717681656659723
0.3626090160913893
0.346577915713819
0.3212347079316212
0.31431760527650937
0.30745455284883483
0.2895377128953771
0.2767656752330307
0.2595228972999133
0.24342025957327118
0.22756480832749473
0.2165639399198133
0.20024139773244426
0.1851399049553369
0.17475041270340383
0.16451530762149139
0.15393185949686272
0.13860616890684485
0.1661418744108622
0.13703279788451672
0.12271284723582651
0.10418695228821812
0.13009852315194148
0.09473560792589987
0.11107326748542463
0.07864860095295986
0.08674196072137856
0.05720122574055159
0.06830277348221638
0.03439515341020129
0.04145864121100771
0.0
0.029905149324365145
0.0063777531294565044
0.019291034145944404
0.0
0.00947490677914298
0.0
0.009296752334517808
0.0
0.0
0.0
0.0
0.0
0.0
0.0
0.0
0.0
0.0
0.0
0.0
0.0
0.0
0.0
0.0
0.0
0.0
0.0
0.0
0.0
0.0
0.0
0.0
0.0
0.0
0.0
0.0
0.0
0.0
0.0
0.0
0.0
0.0
0.0
0.0
0.0
0.0
0.0
0.0
0.0
0.0
0.0
0.0
0.0
0.0
0.0
0.0
0.0
0.0
0.0
0.0
0.0
0.0
0.0
0.0
0.0
0.0
0.0
0.0
0.0
0.0
0.0
0.0
0.0
0.0
0.0
0.0
0.0
0.0
0.0
0.0
0.0
0.0
0.0
0.0
0.0
0.0
0.0
0.0
0.0
0.0
0.0
0.0
0.0
0.0
0.0
0.0
0.0
0.0
0.0
0.0
0.0
0.0
0.0
0.0
0.0
0.0
0.0
0.0
0.0
0.0
0.0
0.0
0.0
0.0
0.0
0.0
0.0
0.0
0.0
0.0
0.0
0.0
0.0
0.0
0.0
0.0
0.0
0.0
0.0
0.0
0.0
0.0
0.0
0.0
0.0
0.0
0.0
0.0
0.0
0.0
0.0
0.0
0.0
0.0
0.0
0.0
0.0
0.0
0.0
0.0
0.0
0.0
0.0
0.0
0.0
0.0
0.0
0.0
0.0
0.0
0.0
0.0
0.0
0.0
0.0
0.0
0.0
0.0
0.0
0.0
0.0
0.0
0.0
0.0
0.0
0.0
0.0
0.0
0.0
0.0
0.0
0.0
0.0
0.0
0.0
0.0
0.0
0.0
0.0
0.0
0.0
0.0
0.0
0.0
0.0
0.0
0.0
0.0
0.0
0.0
0.0
0.0
0.0
0.0
0.0
0.0
0.0
0.0
0.0
0.0
0.0
0.0
0.0
0.0
0.0
0.0
0.0
0.0
0.0
0.0
0.0
0.0
0.0
0.0
0.0
0.0
0.0
0.0
0.0
0.0
0.0
0.0
0.0
0.0
0.0
0.0
0.0
0.0
0.0
0.0
0.0
0.0
0.0
0.0
0.0
0.0
0.0
0.0
0.0
0.0
0.0
0.0
0.0
0.0
0.0
0.0
0.0
0.0
0.0
0.0
0.0
0.0
0.0
0.0
0.0
0.0
0.0
0.0
0.0
0.0
0.0
0.0
0.0
0.0
0.0
0.0
0.0
0.0
0.0
0.0
0.0
0.0
0.0
0.0
0.0
0.0
0.0
0.0
0.0
0.0
0.0
0.0
0.0
0.0
0.0
0.0
0.0
0.0
0.0
0.0
0.0
0.0
0.0
0.0
0.0
0.0
0.0
0.0
0.0
0.0
0.0
0.0
0.0
0.0
0.0
0.0
0.0
0.0
0.0
0.0
0.0
0.0
0.0
0.0
0.0
0.0
0.0
0.0
0.0
0.0
