1.0
0.8448275862068966
0.8448275862068966
0.8936970837253058
0.782608695652174
0.7924139958835636
0.7961448598130841
0.7675875818855027
0.6818914562063407
0.946720049276255
0.883386121508782
0.8741925561365733
0.8096228096228096
0.8223595807578608
0.946551724137931
0.8681135225375626
0.8337889557135046
0.7353324641460235
0.7888584929122109
0.7001667063586569
0.8749003984063745
0.6972830007213272
0.7925373134328358
0.7589047734431791
0.6397849462365591
0.7577197149643705
0.70064874884152
0.5818965517241379
0.6957547169811321
0.6566820276497696
0.5909183052908981
0.7347758197635512
0.6863166953528399
0.7619804678628208
0.6627781378267444
0.7572413793103449
0.7319034852546917
0.6810810810810811
0.6219709208400647
0.6958478216404173
0.6532402791625125
0.6281041792852816
0.7012987012987013
0.6242865577642196
0.6179401993355482
0.6063090358224915
0.6160427807486631
0.5688888888888889
0.5688888888888889
0.5644901897716308
0.5510204081632653
0.5510204081632653
0.5348242811501598
0.5387021110242377
0.5414995371798828
0.5174216027874564
0.5242733221731852
0.5175977235285307
0.5293319258030463
0.4872071101535147
0.46918861114824223
0.4297082228116711
0.4172482552342971
0.389201075006108
0.37775901580026533
0.334306739866838
0.4129617627997408
0.3577052868391451
0.34763757643135074
0.356891589382795
0.3482114923349672
0.3722627737226277
0.3410638507845653
0.36684060254012013
0.3450648839952812
0.3593104143562859
0.3258915901996027
0.3609066253390159
0.3383637807783956
0.3124397299903568
0.2987551867219917
0.3423788993152422
0.3284502698535081
0.2867811799850635
0.30619536297985556
0.28946580876851713
0.2633925308777315
0.29435359456957727
0.3043701046775492
0.29877736291090123
0.28217431313264096
0.2584868125521402
0.26121404953521743
0.273177101230156
0.25785050862450243
0.24462008884786246
0.23871044210027262
0.24140548747424356
0.22729709445695293
0.22230300318774118
0.22700387517846216
0.22837959715402345
0.20967741935483872
0.21069472051195035
0.19413919413919414
0.20546341463414633
0.2186033281183331
0.2039595697329377
0.20270955255518178
0.215477358755082
0.1895869458894669
0.19008878974762716
0.18110050665724048
0.1693538659482932
0.17641528714490087
0.18604651162790697
0.17214519395544478
0.1793319164294021
0.17388660890712873
0.17343535412988031
0.18731835114003847
0.198513160538477
0.19630965005302228
0.20331670486719697
0.20518731988472622
0.18795180722891566
0.18883629835155868
0.19752931323283082
0.2035688273852877
0.21523988711194733
0.21042801556420235
0.21755205292858532
0.23971921001623972
0.22942602181337446
0.21207405419908773
0.2071395740769113
0.21262591004288423
0.20594521080240916
0.18863000047454087
0.19408937519173738
0.19752795206868898
0.2136710818911341
0.21682119931969057
0.24369560365989734
0.24523191513373208
0.2694809033936384
0.2895479378039263
0.2867180698918045
0.26626208989190214
0.2731707317073171
0.3263962624761096
0.29774911149137817
0.2827049510264323
0.2697841726618705
0.2689928407590186
0.3228228228228228
0.3386851984982826
0.34092846624815937
0.3211194460473168
0.3413253413253413
0.34239344520601905
0.34239344520601905
0.3363651964990561
0.32808838299296955
0.31429043176752247
0.35267857142857145
0.34600560616678344
0.32947484892331264
0.32954114524080397
0.2968256914794877
0.3271375464684015
0.3307244440202348
0.32753568390207016
0.29555555555555557
0.3833852098314908
0.3611785827436899
0.4265129682997118
0.4095850379894798
0.39087947882736157
0.3644067796610169
0.32790517336878255
0.32966002344665885
0.39811193526635197
0.378669028340081
0.35366459627329194
0.4219499200852424
0.3701315450090276
0.38223488281755796
0.3614410651350999
0.3424114225277631
0.3310880829015544
0.38178555406011666
0.3683671977781026
0.3825136612021858
0.3990746096009254
0.3584163975852871
0.41981953458920374
0.3693225263801805
0.3511360283269401
0.4182924925862338
0.3349767981438515
