1.0
0.9961913830040466
0.9777092719943088
0.9490535171769104
0.9457501233541954
0.9457501233541954
0.9457501233541954
0.9457501233541954
0.9457501233541954
0.9457501233541954
0.9457501233541954
0.9457501233541954
0.9457501233541954
0.9598995526955976
0.9598995526955976
0.9742562778319412
0.9742562778319412
0.981419546636938
0.9742562778319412
0.981419546636938
0.981419546636938
0.981419546636938
0.9888248878507153
0.9961493207829715
1.0
1.0
1.0
1.0
1.0
1.0
1.0
1.0
1.0
1.0
1.0
1.0
0.9888248878507153
0.9888248878507153
0.9961493207829715
0.9888248878507153
0.9888248878507153
0.9888248878507153
0.9888248878507153
0.9888248878507153
0.9888248878507153
0.9888248878507153
0.9888248878507153
0.9888248878507153
1.0
1.0
1.0
1.0
1.0
1.0
1.0
1.0
1.0
1.0
1.0
1.0
1.0
1.0
1.0
1.0
1.0
1.0
1.0
1.0
1.0
1.0
0.9961493207829715
0.981419546636938
0.9669055649241147
0.9669055649241147
0.9669055649241147
0.9385062844084346
0.9385062844084346
0.9385062844084346
0.9385062844084346
0.9385062844084346
0.9385062844084346
0.9457501233541954
0.9457501233541954
0.9457501233541954
0.9457501233541954
0.9457501233541954
0.9457501233541954
0.9385062844084346
0.9457501233541954
0.9385062844084346
0.9385062844084346
0.9385062844084346
0.9385062844084346
0.9385062844084346
0.9318035322934124
0.9109154208478395
0.9045016649297171
0.8911380903102047
0.8911380903102047
0.8911380903102047
0.8911380903102047
0.8911380903102047
0.8911380903102047
0.8911380903102047
0.8911380903102047
0.8911380903102047
0.8911380903102047
0.8911380903102047
0.8911380903102047
0.8911380903102047
0.8911380903102047
0.8911380903102047
0.8911380903102047
0.8911380903102047
0.8911380903102047
0.8911380903102047
0.8911380903102047
0.8840989399293286
0.8840989399293286
0.8840989399293286
0.8840989399293286
0.8911380903102047
0.8911380903102047
0.8840989399293286
0.8911380903102047
0.9045016649297171
0.9045016649297171
0.9180554488902543
0.9180554488902543
0.9109154208478395
0.9318035322934124
0.9457501233541954
0.9457501233541954
0.9598995526955976
0.9742562778319412
0.9742562778319412
0.9742562778319412
0.9742562778319412
0.9742562778319412
0.9742562778319412
0.9742562778319412
0.9742562778319412
0.9742562778319412
0.9742562778319412
0.9742562778319412
0.9742562778319412
0.9742562778319412
0.9742562778319412
0.9742562778319412
0.9742562778319412
0.9742562778319412
0.9742562778319412
0.9742562778319412
0.981419546636938
0.981419546636938
0.981419546636938
0.981419546636938
0.981419546636938
0.981419546636938
0.981419546636938
0.981419546636938
0.981419546636938
0.981419546636938
0.981419546636938
0.981419546636938
0.981419546636938
0.981419546636938
0.981419546636938
0.981419546636938
0.981419546636938
0.981419546636938
0.981419546636938
0.9742562778319412
0.981419546636938
0.981419546636938
0.981419546636938
0.981419546636938
0.981419546636938
0.981419546636938
0.981419546636938
0.981419546636938
0.981419546636938
0.981419546636938
0.981419546636938
0.981419546636938
0.981419546636938
0.981419546636938
0.981419546636938
0.9669055649241147
0.9526026680617317
0.9385062844084346
0.9246119733924612
0.9246119733924612
0.9246119733924612
0.9246119733924612
0.9246119733924612
0.9246119733924612
0.9246119733924612
0.9246119733924612
0.9318035322934124
0.9318035322934124
0.9318035322934124
0.9318035322934124
0.9246119733924612
0.9246119733924612
0.9246119733924612
0.9246119733924612
0.9246119733924612
0.9109154208478395
0.8974124345483199
0.8840989399293286
0.8709709759887714
0.8580246913580247
0.8452563405349286
0.8452563405349286
0.8452563405349286
0.8452563405349286
0.8452563405349286
0.8452563405349286
0.8383636138919788
0.8383636138919788
0.8383636138919788
0.8383636138919788
0.8383636138919788
0.8383636138919788
0.8383636138919788
0.8383636138919788
0.8383636138919788
0.8383636138919788
0.8383636138919788
0.8383636138919788
0.8383636138919788
0.8452563405349286
0.8452563405349286
0.8452563405349286
0.8452563405349286
0.8452563405349286
0.8452563405349286
0.8452563405349286
0.8452563405349286
0.8452563405349286
0.8452563405349286
0.8452563405349286
0.8452563405349286
0.8452563405349286
0.8452563405349286
0.8452563405349286
0.8452563405349286
0.8452563405349286
0.8452563405349286
0.8452563405349286
0.8452563405349286
0.8452563405349286
0.8452563405349286
0.8452563405349286
0.8452563405349286
0.8452563405349286
0.8452563405349286
0.83266228027104
0.8202389661058278
0.8202389661058278
0.8230888239483314
0.8230888239483314
0.8230888239483314
0.8230888239483314
0.8230888239483314
0.8230888239483314
0.8230888239483314
0.8107712571344944
0.7986190187764991
0.7986190187764991
0.6855034623680327
0.7986190187764991
0.7986190187764991
0.7986190187764991
0.7986190187764991
0.8230888239483314
0.8482336246172231
0.8740817408426527
0.0
0.0
0.0
0.0
0.0
0.0
0.8424449224834953
0.8424449224834953
0.8424449224834953
0.8424449224834953
0.8424449224834953
0.8424449224834953
0.8424449224834953
0.8424449224834953
0.8424449224834953
0.8424449224834953
0.8424449224834953
0.8424449224834953
0.8424449224834953
0.8424449224834953
0.8424449224834953
0.8424449224834953
0.8424449224834953
0.8424449224834953
0.8424449224834953
0.8424449224834953
0.8424449224834953
0.8424449224834953
0.8424449224834953
0.8424449224834953
0.8424449224834953
0.8424449224834953
0.8424449224834953
0.8424449224834953
0.8424449224834953
0.8424449224834953
0.8424449224834953
0.8424449224834953
0.8424449224834953
0.8424449224834953
0.8424449224834953
0.8424449224834953
0.8424449224834953
0.8424449224834953
0.8424449224834953
0.8424449224834953
0.8424449224834953
0.8424449224834953
0.8424449224834953
0.8424449224834953
0.8424449224834953
0.8424449224834953
0.8424449224834953
0.8424449224834953
0.8424449224834953
0.8424449224834953
0.8493150684931506
0.8493150684931506
0.8493150684931506
0.8493150684931506
0.8493150684931506
0.8367346938775511
0.8243243243243243
0.8243243243243243
0.8120805369127517
0.8
0.7880794701986755
0.7763157894736842
0.7763157894736842
0.7763157894736842
0.7763157894736842
0.7763157894736842
0.7763157894736842
0.7763157894736842
0.7763157894736842
0.7814382710146314
0.7581520456797697
0.7581520456797697
0.7581520456797697
0.7581520456797697
0.7581520456797697
0.7581520456797697
0.7581520456797697
0.7581520456797697
0.7581520456797697
0.7581520456797697
0.7581520456797697
0.7581520456797697
0.7581520456797697
0.7581520456797697
0.7581520456797697
0.7581520456797697
0.7581520456797697
0.7581520456797697
0.7581520456797697
0.7581520456797697
0.7581520456797697
0.7581520456797697
0.7581520456797697
0.7581520456797697
0.7581520456797697
0.7581520456797697
0.7581520456797697
0.7581520456797697
0.7581520456797697
0.7581520456797697
0.7581520456797697
0.7581520456797697
0.7581520456797697
0.7581520456797697
0.7581520456797697
0.7581520456797697
0.7581520456797697
0.7581520456797697
0.7581520456797697
0.7581520456797697
0.7581520456797697
0.7581520456797697
0.7581520456797697
0.7581520456797697
0.7581520456797697
0.7581520456797697
0.7581520456797697
0.7581520456797697
0.7581520456797697
0.7467357415785649
0.735466741196199
0.735466741196199
0.735466741196199
0.735466741196199
0.735466741196199
0.735466741196199
0.735466741196199
0.735466741196199
0.7243422118344017
0.7133593929638997
0.7133593929638997
0.7133593929638997
0.7133593929638997
0.7133593929638997
0.7133593929638997
0.7025155939406402
0.6918081918081919
0.6812346291825545
0.6707924122157944
0.6707924122157944
0.6707924122157944
0.6707924122157944
0.6707924122157944
0.6707924122157944
0.6707924122157944
0.6749695410856911
0.6749695410856911
0.6749695410856911
0.6749695410856911
0.6749695410856911
0.6770186335403726
0.6812346291825545
0.6812346291825545
0.6812346291825545
0.6812346291825545
0.6812346291825545
0.6812346291825545
0.6812346291825545
0.6812346291825545
0.6812346291825545
0.6812346291825545
0.6812346291825545
0.6812346291825545
0.6812346291825545
0.6812346291825545
0.6812346291825545
0.6812346291825545
0.6812346291825545
0.6812346291825545
0.6812346291825545
0.6812346291825545
0.6812346291825545
0.6812346291825545
0.6812346291825545
0.6812346291825545
0.6812346291825545
0.6812346291825545
0.6812346291825545
0.6918081918081919
0.7025155939406402
0.7025155939406402
0.7133593929638997
0.7243422118344017
0.7243422118344017
0.7243422118344017
0.7243422118344017
0.7243422118344017
0.7243422118344017
0.7243422118344017
0.7243422118344017
0.7243422118344017
0.7243422118344017
0.7243422118344017
0.7243422118344017
0.7243422118344017
0.7243422118344017
0.7243422118344017
0.7243422118344017
0.7243422118344017
0.7243422118344017
0.7243422118344017
0.7243422118344017
0.7243422118344017
0.7243422118344017
0.7243422118344017
0.7243422118344017
0.7243422118344017
0.7243422118344017
0.7243422118344017
0.7243422118344017
0.7243422118344017
0.7243422118344017
0.7243422118344017
0.7243422118344017
0.7243422118344017
0.7243422118344017
0.735466741196199
0.7467357415785649
0.7467357415785649
0.7467357415785649
0.7467357415785649
0.7467357415785649
0.7467357415785649
0.7467357415785649
0.7467357415785649
0.7467357415785649
0.7467357415785649
0.7467357415785649
0.7467357415785649
0.7467357415785649
0.7467357415785649
0.7467357415785649
0.7467357415785649
0.7467357415785649
0.7467357415785649
0.7467357415785649
0.7467357415785649
0.7467357415785649
0.755629495981442
0.755629495981442
0.755629495981442
0.755629495981442
0.755629495981442
0.755629495981442
0.755629495981442
0.755629495981442
0.755629495981442
0.755629495981442
0.755629495981442
0.755629495981442
0.755629495981442
0.755629495981442
0.755629495981442
0.755629495981442
0.755629495981442
0.755629495981442
0.755629495981442
0.755629495981442
0.755629495981442
0.755629495981442
0.755629495981442
0.755629495981442
0.755629495981442
0.755629495981442
0.755629495981442
0.755629495981442
0.7581520456797697
0.7581520456797697
0.7581520456797697
0.7581520456797697
0.7581520456797697
0.7581520456797697
0.7581520456797697
0.7581520456797697
0.7581520456797697
0.7581520456797697
0.7581520456797697
0.7581520456797697
0.7581520456797697
0.7581520456797697
0.7581520456797697
0.7581520456797697
0.7581520456797697
0.7581520456797697
0.7581520456797697
0.7697185607410046
0.7814382710146314
0.7814382710146314
0.7933142403311593
0.8053496147695886
0.8053496147695886
0.8053496147695886
0.8053496147695886
0.8053496147695886
0.8053496147695886
0.8053496147695886
0.8053496147695886
0.8053496147695886
0.8053496147695886
0.8053496147695886
0.8053496147695886
0.8053496147695886
0.8053496147695886
0.8053496147695886
0.8053496147695886
0.8053496147695886
0.8053496147695886
0.8053496147695886
0.8053496147695886
0.8053496147695886
0.8053496147695886
0.8053496147695886
0.8053496147695886
0.8053496147695886
0.8053496147695886
0.8053496147695886
