1,3268,1068,135,278
2,3269,1067,136,279
3,3271,1068,135,278
4,3273,1068,135,278
5,3275,1068,135,277
6,3277,1068,135,277
7,3279,1068,135,277
8,3281,1068,135,277
9,3283,1068,135,277
10,3285,1068,135,277
11,3287,1068,135,277
12,3289,1068,135,277
13,3291,1068,135,277
14,3293,1068,135,277
15,3295,1068,135,277
16,3297,1068,135,277
17,3299,1068,135,277
18,3302,1068,134,277
19,3303,1068,135,277
20,3306,1068,134,277
21,3308,1068,134,277
22,3310,1068,134,277
23,3311,1068,135,277
24,3314,1068,134,277
25,3316,1068,134,277
26,3317,1068,135,277
27,3320,1068,134,277
28,3322,1068,134,277
29,3324,1068,134,277
30,3326,1068,134,277
31,3328,1068,134,277
32,3330,1068,134,277
33,3332,1068,134,277
34,3334,1068,134,277
35,3336,1068,135,277
36,3338,1068,135,277
37,3340,1068,135,277
38,3342,1068,135,277
39,3344,1068,134,277
40,3346,1068,135,277
41,3348,1068,135,277
42,3350,1068,135,277
43,3352,1068,135,277
44,3354,1068,135,277
45,3356,1068,135,277
46,3358,1068,135,277
47,3360,1068,135,277
48,3362,1068,135,277
49,3364,1068,135,277
50,3366,1068,135,277
51,3368,1068,135,277
52,3370,1068,135,277
53,3372,1068,135,277
54,3374,1068,135,277
55,3376,1068,135,277
56,3378,1068,135,277
57,3380,1068,135,277
58,3382,1068,135,277
59,3385,1068,134,277
60,3387,1068,134,277
61,3389,1068,134,277
62,3391,1068,134,277
63,3393,1068,134,277
64,3395,1068,134,277
65,3397,1068,134,277
66,3399,1068,134,277
67,3401,1068,134,277
68,3403,1068,134,277
69,3405,1068,134,277
70,3407,1068,134,277
71,3409,1068,134,277
72,3411,1068,134,277
73,3413,1068,134,277
74,3415,1068,134,277
75,3417,1068,134,277
76,3419,1068,134,277
77,3421,1068,134,277
78,3423,1068,134,277
79,3425,1068,134,277
80,3427,1068,134,277
81,3429,1068,134,277
82,3431,1068,135,277
83,3433,1068,135,277
84,3435,1068,135,277
85,3437,1068,135,277
86,3439,1068,135,277
87,3441,1068,135,277
88,3443,1068,134,277
89,3445,1068,135,277
90,3447,1068,134,277
91,3449,1068,134,277
92,3451,1068,134,277
93,3453,1068,134,277
94,3455,1068,134,277
95,3457,1068,135,277
96,3459,1068,134,277
97,3461,1068,135,277
98,3463,1068,135,277
99,3465,1068,135,277
100,3467,1068,135,277
101,3469,1068,135,277
102,3471,1068,135,277
103,3473,1068,135,277
104,3475,1068,135,277
105,3477,1068,135,277
106,3479,1068,135,277
107,3481,1068,135,277
108,3483,1068,135,277
109,3485,1068,135,277
110,3487,1068,135,277
111,3489,1068,135,277
112,3491,1068,135,277
113,3493,1068,135,277
114,3495,1068,135,277
115,3497,1068,135,277
116,3499,1068,135,277
117,3501,1068,135,277
118,3503,1068,134,277
119,3505,1068,134,277
120,3507,1068,134,277
121,3509,1068,134,277
122,3511,1068,135,277
123,3513,1068,135,277
124,3515,1068,134,277
125,3517,1068,135,277
126,3519,1068,135,277
127,3521,1068,135,277
128,3523,1068,135,277
129,3525,1068,135,277
130,3527,1068,134,277
131,3529,1068,135,277
132,3531,1068,135,277
133,3533,1068,135,277
134,3535,1068,135,277
135,3537,1068,135,277
136,3539,1068,135,277
137,3541,1068,135,277
138,3543,1068,135,277
139,3545,1068,135,277
140,3547,1068,135,277
141,3549,1068,135,277
142,3551,1068,135,277
143,3553,1068,135,277
144,3555,1068,135,277
145,3557,1068,135,277
146,3559,1068,135,277
147,3561,1068,135,277
148,3563,1068,135,277
149,3565,1068,135,277
150,3567,1068,135,277
151,3569,1068,135,277
152,3571,1068,135,277
153,3573,1068,135,277
154,3576,1068,134,277
155,3578,1068,134,277
156,3580,1068,134,277
157,3582,1068,134,277
158,3584,1068,134,277
159,3586,1068,134,277
160,3588,1068,134,277
161,3590,1068,134,277
162,3592,1068,134,277
163,3594,1068,134,277
164,3596,1068,134,277
165,3598,1068,134,277
166,3600,1068,134,277
167,3602,1068,134,277
168,3604,1068,134,277
169,3606,1068,134,277
170,3608,1068,134,277
171,3610,1068,134,277
172,3612,1068,134,277
173,3613,1068,135,277
174,3616,1068,134,277
175,3618,1068,134,277
176,3620,1068,134,277
177,3622,1068,134,277
178,3624,1068,134,277
179,3626,1068,134,277
180,3628,1068,134,277
181,3630,1068,134,277
182,3632,1068,134,277
183,3634,1068,134,277
184,3636,1068,134,277
185,3638,1068,134,277
186,3640,1068,134,277
187,3642,1068,134,277
188,3644,1068,134,277
189,3646,1068,134,277
190,3648,1068,134,277
191,3650,1068,134,277
192,3652,1068,134,277
193,3654,1068,134,277
194,3656,1068,134,277
195,3658,1068,134,277
196,3660,1068,134,277
197,3662,1068,134,277
198,3664,1068,134,277
199,3666,1068,134,277
200,3668,1068,135,277
201,3670,1068,135,277
202,3672,1068,135,277
203,3674,1068,135,277
204,3676,1068,134,277
205,3678,1068,134,277
206,3680,1068,134,277
207,3682,1068,134,277
208,3684,1068,134,277
209,3686,1068,134,277
210,3688,1068,134,277
211,3690,1068,134,277
212,3692,1068,134,277
213,3694,1068,134,277
214,3696,1068,134,277
215,3698,1068,134,277
216,3700,1068,134,277
217,3702,1068,134,277
218,3704,1068,134,277
219,3706,1068,134,277
220,3708,1068,133,277
221,3710,1068,133,277
222,3712,1068,133,277
223,3714,1068,133,277
224,3716,1068,133,277
225,3718,1068,133,277
226,3720,1068,133,277
227,3722,1068,133,277
228,3724,1068,133,277
229,3726,1068,133,277
230,3728,1068,133,277
231,3730,1068,133,277
232,3732,1068,133,277
233,3734,1068,134,277
234,3736,1068,134,277
235,3738,1068,134,277
236,3740,1068,134,277
237,3742,1068,134,277
238,3744,1068,134,277
239,3746,1068,134,277
240,3748,1068,134,277
241,3750,1068,134,277
242,3752,1068,134,277
243,3754,1068,134,277
244,3756,1068,134,277
245,3758,1068,134,277
246,3760,1068,134,277
247,3762,1068,134,277
248,3764,1068,134,277
249,3766,1068,134,277
250,3768,1068,134,277
251,3770,1068,134,277
252,3772,1068,134,277
253,3774,1068,134,277
254,3776,1068,134,277
255,3778,1068,134,277
256,3780,1068,134,277
257,3782,1068,134,277
258,3784,1068,134,277
259,3786,1068,134,277
260,3788,1068,134,277
261,3790,1068,134,277
262,3793,1069,133,276
263,3795,1069,133,276
264,3797,1069,133,276
265,3799,1069,133,276
266,3801,1069,133,276
267,3803,1069,133,276
268,3805,1069,133,276
269,3807,1069,133,276
270,3809,1069,133,276
271,3811,1069,133,276
272,3813,1069,133,276
273,3815,1069,133,276
274,3817,1069,133,276
275,3819,1069,133,276
276,3821,1069,133,276
277,3823,1069,133,276
278,3825,1069,133,276
279,3827,1069,133,276
280,3829,1069,133,276
281,3831,1069,133,276
282,3833,1069,133,276
283,3835,1069,133,276
284,3837,1069,133,276
285,3839,1069,133,276
286,0,1069,134,276
287,2,1069,134,276
288,4,1069,134,276
289,6,1069,134,276
290,8,1069,134,276
291,10,1069,134,276
292,12,1069,134,276
293,14,1069,134,276
294,16,1069,134,276
295,18,1069,134,276
296,20,1069,134,276
297,22,1069,134,276
298,24,1069,134,276
299,26,1069,134,276
300,28,1069,134,276
301,30,1069,134,276
302,32,1069,134,276
303,34,1069,134,276
304,36,1069,134,276
305,38,1069,134,276
306,40,1069,134,276
307,42,1069,134,276
308,44,1069,134,276
309,46,1069,134,276
310,48,1069,134,276
311,50,1069,134,276
312,52,1069,134,276
313,54,1069,134,276
314,56,1069,134,276
315,58,1069,134,276
316,60,1069,134,276
317,62,1069,134,276
318,64,1069,134,276
319,66,1069,134,276
320,68,1069,134,276
321,70,1069,134,276
322,72,1069,134,276
323,74,1069,134,276
324,76,1069,134,276
325,78,1069,134,276
326,80,1069,134,276
327,82,1069,134,276
328,84,1069,134,276
329,86,1069,134,276
330,88,1069,134,276
331,90,1069,134,276
332,92,1069,134,276
333,94,1069,134,276
334,96,1069,134,276
335,98,1069,134,276
336,100,1069,135,276
337,102,1069,135,276
338,104,1069,135,276
339,106,1069,135,276
340,108,1069,135,276
341,110,1069,135,276
342,112,1069,135,276
343,114,1069,135,276
344,116,1069,135,276
345,118,1069,135,276
346,120,1069,135,276
347,122,1069,135,276
348,124,1069,135,276
349,126,1069,135,276
350,128,1069,135,276
351,130,1069,135,276
352,132,1069,135,276
353,134,1069,135,276
354,136,1069,135,276
355,139,1069,134,276
356,141,1069,134,276
357,143,1069,134,276
358,145,1069,134,276
359,147,1069,134,276
360,149,1069,134,276
361,151,1069,134,276
362,153,1069,134,276
363,155,1069,134,276
364,157,1069,134,276
365,159,1069,134,276
366,161,1069,134,276
367,163,1069,134,276
368,165,1069,134,276
369,167,1069,134,276
370,169,1069,134,276
371,171,1069,134,276
372,173,1069,134,276
373,175,1069,134,276
374,177,1069,134,276
375,179,1069,134,276
376,181,1069,134,276
377,183,1069,134,276
378,185,1069,134,276
379,187,1069,134,276
380,189,1069,134,276
381,191,1069,134,276
382,193,1069,134,276
383,195,1069,134,276
384,197,1069,134,276
385,199,1069,134,276
386,201,1069,134,276
387,203,1069,134,276
388,205,1069,134,276
389,207,1069,134,276
390,209,1069,134,276
391,211,1069,134,276
392,213,1069,134,276
393,215,1069,134,276
394,217,1069,134,276
395,219,1069,134,276
396,221,1069,134,276
397,223,1069,134,276
398,225,1069,134,276
399,227,1069,134,276
400,229,1069,134,276
401,231,1069,134,276
402,233,1069,134,276
403,235,1069,134,276
404,237,1069,134,276
405,239,1069,134,276
406,241,1069,134,276
407,243,1069,134,276
408,245,1069,134,276
409,247,1069,134,276
410,249,1069,134,276
411,251,1069,134,276
412,253,1069,134,276
413,255,1069,134,276
414,257,1069,134,276
415,259,1069,134,276
416,261,1069,134,276
417,263,1069,134,276
418,265,1069,134,276
419,267,1069,134,276
420,269,1069,134,276
421,271,1069,134,276
422,273,1069,134,276
423,275,1069,134,276
424,277,1069,134,276
425,279,1069,134,276
426,281,1069,134,276
427,283,1069,134,276
428,285,1069,134,276
429,287,1069,134,276
430,289,1069,134,276
431,292,1069,133,276
432,294,1069,133,276
433,296,1069,133,276
434,298,1069,133,276
435,300,1069,133,276
436,301,1069,135,276
437,304,1069,134,276
438,306,1069,134,276
439,308,1069,134,276
440,310,1069,134,276
441,312,1069,134,276
442,314,1069,134,276
443,316,1069,134,276
444,318,1069,134,276
445,320,1069,134,276
446,322,1069,134,276
447,324,1069,134,276
448,326,1069,134,276
449,328,1069,134,276
450,330,1069,134,276
451,332,1069,134,276
452,334,1069,134,276
453,336,1069,134,276
454,338,1069,134,276
455,340,1069,134,276
456,342,1069,134,276
457,344,1069,134,276
458,346,1069,134,276
459,348,1069,134,276
460,350,1069,134,276
461,352,1069,134,276
462,354,1069,134,276
463,356,1069,134,276
464,358,1069,134,276
465,360,1069,134,276
466,362,1069,134,276
467,364,1069,134,276
468,366,1069,134,276
469,368,1069,134,276
470,370,1069,134,276
471,372,1069,134,276
472,374,1069,134,276
473,376,1069,134,276
474,378,1069,134,276
475,380,1069,134,276
476,382,1069,134,276
477,384,1069,134,276
478,386,1069,134,276
479,388,1069,134,276
480,390,1069,134,276
481,392,1069,134,276
482,394,1069,134,276
483,396,1069,134,276
484,398,1069,134,276
485,400,1069,134,276
486,402,1069,134,276
487,404,1069,134,276
488,406,1069,134,276
489,408,1069,134,276
490,410,1069,134,276
491,412,1069,134,276
492,414,1069,134,276
493,416,1069,134,276
494,418,1069,134,276
495,420,1069,134,276
496,422,1069,134,276
497,424,1069,134,276
498,426,1069,134,276
499,428,1069,134,276
500,430,1069,134,276
501,432,1069,134,276
502,434,1069,134,276
503,436,1069,134,276
504,438,1069,134,276
505,440,1069,134,276
506,442,1069,134,276
507,444,1069,134,276
508,446,1069,134,276
509,448,1069,134,276
510,450,1069,134,276
511,452,1069,134,276
512,454,1069,134,276
513,456,1069,134,276
514,458,1069,134,276
515,460,1069,134,276
516,462,1069,134,276
517,464,1069,134,276
518,466,1069,134,276
519,468,1069,134,276
520,470,1069,134,276
521,472,1069,134,276
522,474,1069,134,276
523,476,1069,134,276
524,478,1068,135,277
525,480,1068,135,277
526,482,1068,135,277
527,484,1068,135,277
528,486,1068,135,277
529,488,1068,135,277
530,490,1068,135,277
531,492,1068,135,277
532,494,1068,135,277
533,496,1068,135,277
534,498,1068,135,277
535,500,1068,135,277
536,502,1068,135,277
537,504,1068,135,277
538,506,1068,135,277
539,508,1068,135,277
540,510,1068,135,277
541,512,1068,135,277
542,514,1068,135,277
543,516,1068,135,277
544,518,1068,135,277
545,520,1068,135,277
546,522,1068,135,277
547,524,1068,135,277
548,526,1068,135,277
549,528,1068,135,277
550,530,1068,135,277
551,532,1068,135,277
552,535,1069,134,276
553,537,1069,134,276
554,539,1069,134,276
555,541,1069,134,276
556,543,1069,134,276
557,545,1069,134,276
558,547,1069,134,276
559,549,1069,134,276
560,551,1069,134,276
561,553,1069,134,276
562,555,1069,134,276
563,557,1069,134,276
564,559,1069,134,276
565,561,1069,134,276
566,563,1069,134,276
567,565,1069,134,276
568,567,1069,134,276
569,569,1069,134,276
570,571,1069,134,276
571,573,1069,134,276
572,575,1069,134,276
573,577,1069,134,276
574,579,1069,134,276
575,581,1069,134,276
576,583,1069,134,276
577,585,1069,134,276
578,587,1069,134,276
579,589,1069,134,276
580,591,1069,134,276
581,593,1069,134,276
582,595,1069,134,276
583,597,1069,134,276
584,599,1069,134,276
585,601,1069,134,276
586,603,1069,134,276
587,605,1069,134,276
588,607,1069,134,276
589,609,1069,134,276
590,611,1069,134,276
591,613,1069,134,276
592,615,1069,134,276
593,617,1069,134,276
594,619,1069,134,276
595,621,1069,134,276
596,623,1069,134,276
597,625,1069,134,276
598,627,1069,134,276
599,629,1069,134,276
600,631,1069,134,276
601,633,1069,134,276
