1.0
1.0
0.9866910840910543
0.9866910840910543
0.9552238805970149
0.963887502080213
0.8950699273380733
0.8950699273380733
0.8455392563889658
0.8269216731148259
0.7877749414274224
0.770036027462443
0.770036027462443
0.770036027462443
0.7770080252417861
0.775731163392462
0.7896766233098556
0.7878664218186765
0.7878664218186765
0.7874513536019577
0.7874513536019577
0.7765896825662857
0.7491221225126804
0.7491221225126804
0.7491221225126804
0.7491221225126804
0.7266796311398281
0.7191011235955056
0.698546704456371
0.6842594917081383
0.6800271538620466
0.6633282869453826
0.6684560625510562
0.6504882087592074
0.6408821130207307
0.6532834297380061
0.6344044105362812
0.6462276124665068
0.6595168830416974
0.6451224925187211
0.6409247628721441
0.6330150068212824
0.6224770900095575
0.6333976348234505
0.6268640290540912
0.6252641400697055
0.6284399191017505
0.6401528454827697
0.6284399191017505
0.6274509803921569
0.6274509803921569
0.6274509803921569
0.6258154265879715
0.6029878715319348
0.6121489153697783
0.6124240021147238
0.6086910829698913
0.6071597043870224
0.6135430735414846
0.6135430735414846
0.6283529060779475
0.6283529060779475
0.6190597068765114
0.6096521235724436
0.5988574973505312
0.5870964472150423
0.5720776334633809
0.5644261456379273
0.5513302555804103
0.5413590055145341
0.5172063534585719
0.49778694512483346
0.4681397064023682
0.4511079091864948
0.43917048944155895
0.42782032551344207
0.39979074633806094
0.38681960921144454
0.0
0.0
0.0
0.0
0.0
0.0
0.0
0.0
0.0
0.0
0.0
0.0
0.0
0.0
0.0
0.0
0.0
0.0
0.0
0.0
0.0
0.0
0.0
0.0
0.0
0.0
0.0
0.0
0.0
0.0
0.0
0.0
0.0
0.0
0.0
0.0
0.0
0.0
0.0
0.0
0.0
0.0
0.0
0.0
0.0
0.0
0.0
0.0
0.0
0.0
0.0
0.0
0.0
0.0
0.0
0.0
0.0
0.0
0.0
0.0
0.0
0.0
0.0
0.0
0.0
0.0
0.0
0.0
0.0
0.0
0.0
0.0
0.0
0.0
0.0
0.0
0.0
0.0
0.0
0.0
0.0
0.0
0.0
0.0
0.0
0.0
0.0
0.0
0.0
0.0
0.0
0.0
0.0
0.0
0.0
0.0
0.0
0.0
0.0
0.0
0.0
0.0
0.0
0.0
0.0
0.0
0.0
0.0
0.0
0.0
0.0
0.0
0.0
0.0
0.0
0.0
0.0
0.0
0.0
0.0
0.0
0.0
0.0
0.0
0.0
0.0
0.0
0.0
0.0
0.0
0.0
0.0
0.0
0.0
0.0
0.0
0.0
0.0
0.0
0.0
0.0
0.0
0.0
0.0
0.0
0.0
0.0
0.0
0.0
0.0
0.0
0.0
0.0
0.0
0.0
0.0
0.0
0.0
0.0
0.0
0.0
0.0
0.0
0.0
0.0
0.0
0.0
1.0
1.0
1.0
1.0
1.0
1.0
1.0
1.0
1.0
1.0
1.0
1.0
1.0
1.0
1.0
1.0
0.0
0.0
0.0
0.0
0.0
0.0
0.0
0.0
0.0
0.0
0.0
0.0
0.0
0.0
0.0
0.0
0.0
0.0
0.0
0.0
0.0
0.0
0.0
0.0
0.0
0.0
0.0
0.0
0.0
0.0
0.0
0.0
0.0
0.0
0.0
0.0
0.0
0.0
0.0
0.0
0.0
0.0
0.0
0.0
0.0
0.0
0.0
0.0
0.0
0.0
0.0
0.0
0.0
0.0
0.0
0.0
0.0
0.0
0.0
0.0
0.0
0.0
0.0
0.0
0.0
0.0
0.0
0.0
0.0
0.0
0.0
0.0
0.0
0.0
0.0
0.0
0.0
0.0
0.0
0.0
0.0
0.0
0.0
0.0
0.0
0.0
0.0
0.0
0.0
0.0
0.0
0.0
0.0
0.0
0.0
0.0
0.0
0.0
