1.0
0.9212118783312627
0.929900707533147
0.922888568551174
0.9218613669413476
0.9010595261028703
0.8461032795266964
0.8461032795266964
0.8131638879713496
0.7696175011889395
0.7379515123829412
0.7201067954993325
0.7201067954993325
0.7201067954993325
0.7262003974613758
0.725350991690809
0.7380712123396281
0.7655007435184586
0.7626461031087831
0.7843201413543184
0.7843201413543184
0.7886255615599974
0.7657886385274516
0.7588193287312545
0.7546740418806795
0.7448088033878559
0.729774277734536
0.7157576673213476
0.6931257344300823
0.6882520582647245
0.6815611917538231
0.6676295618350303
0.670355776206666
0.6586992074474777
0.6489016078415107
0.6521607278241092
0.6484089509340998
0.639169155803934
0.6762301491391444
0.6536552536384286
0.6494269844617873
0.6443572293432425
0.6396921674012462
0.6418799556304178
0.6374137697822264
0.6336681592641897
0.6427513575777521
0.6370941292226959
0.636828679576499
0.6271858710654321
0.6327211122166349
0.6382941406618907
0.6637759857357053
0.6395606111877554
0.6492785793562708
0.652910150828167
0.6430401366353544
0.6498741874606836
0.6541033756671214
0.6541033756671214
0.6604009005343532
0.6664677480605435
0.6566095217734069
0.652542372881356
0.6351791530944625
0.6202242919597035
0.6123184826632421
0.5986550363042736
0.5824358898078181
0.5719009616395779
0.5513853848043047
0.532791817087846
0.49907040659607144
0.47845306019122547
0.4639380468061309
0.4423114160050898
0.4176368128254803
0.40123344821331397
0.0
0.0
0.0
0.0
0.0
0.0
0.0
0.0
0.0
0.0
0.0
0.0
0.0
0.0
0.0
0.0
0.0
0.0
0.0
0.0
0.0
0.0
0.0
0.0
0.0
0.0
0.0
0.0
0.0
0.0
0.0
0.0
0.0
0.0
0.0
0.0
0.0
0.0
0.0
0.0
0.0
0.0
0.0
0.0
0.0
0.0
0.0
0.0
0.0
0.0
0.0
0.0
0.0
0.0
0.0
0.0
0.0
0.0
0.0
0.0
0.0
0.0
0.0
0.0
0.0
0.0
0.0
0.0
0.0
0.0
0.0
0.0
0.0
0.0
0.0
0.0
0.0
0.0
0.0
0.0
0.0
0.0
0.0
0.0
0.0
0.0
0.0
0.0
0.0
0.0
0.0
0.0
0.0
0.0
0.0
0.0
0.0
0.0
0.0
0.0
0.0
0.0
0.0
0.0
0.0
0.0
0.0
0.0
0.0
0.0
0.0
0.0
0.0
0.0
0.0
0.0
0.0
0.0
0.0
0.0
0.0
0.0
0.0
0.0
0.0
0.0
0.0
0.0
0.0
0.0
0.0
0.0
0.0
0.0
0.0
0.0
0.0
0.0
0.0
0.0
0.0
0.0
0.0
0.0
0.0
0.0
0.0
0.0
0.0
0.0
0.0
0.0
0.0
0.0
0.0
0.0
0.0
0.0
0.0
0.0
0.0
0.0
0.0
0.0
0.0
0.0
0.0
0.0
0.0
0.0
0.0
0.0
0.0
0.0
0.0
0.0
0.0
0.0
0.0
0.0
0.0
0.0
0.0
0.0
0.0
0.0
0.0
0.0
0.0
0.0
0.0
0.0
0.0
0.0
0.0
0.0
0.0
0.0
0.0
0.0
0.0
0.0
0.0
0.0
0.0
0.0
0.0
0.0
0.0
0.0
0.0
0.0
0.0
0.0
0.0
0.0
0.0
0.0
0.0
0.0
0.0
0.0
0.0
0.0
0.0
0.0
0.0
0.0
0.0
0.0
0.0
0.0
0.0
0.0
0.0
0.0
0.0
0.0
0.0
0.0
0.0
0.0
0.0
0.0
0.0
0.0
0.0
0.0
0.0
0.0
0.0
0.0
0.0
0.0
0.0
0.0
0.0
0.0
0.0
0.0
0.0
0.0
0.0
0.0
0.0
