1.0
0.836404008881954
0.7994329578768709
0.7915202488622617
0.777103241521454
0.8180557695270374
0.8212877792378449
0.8385446276293349
0.8282669493849051
0.818426215214706
0.7798085291557877
0.770036027462443
0.770036027462443
0.770036027462443
0.7770080252417861
0.775731163392462
0.7818594413827228
0.7724361135459511
0.7724361135459511
0.7874513536019577
0.7797086245114131
0.7765896825662857
0.7564320229855035
0.7564320229855035
0.7564320229855035
0.7564320229855035
0.7266796311398281
0.7191011235955056
0.698546704456371
0.6842594917081383
0.6818886935452894
0.6687940880080618
0.6546017417469548
0.6472666657168502
0.6418981676939964
0.6340554325589216
0.6231282923389605
0.6413205477911195
0.6433434136413799
0.654003397345464
0.638744427934621
0.6368064952638701
0.6362760106594092
0.6278680988005182
0.6278493557978196
0.6302974412618887
0.6370022434099831
0.6495612981618323
0.653790583035866
0.6407124116773325
0.6448452460476508
0.6448452460476508
0.598462314760716
0.5625039639753916
0.5491741884703761
0.542320383317109
0.5252780649420205
0.5206050086784032
0.5154771232076011
0.5397386975310202
0.527146472675476
0.5449282075034738
0.5302488856338313
0.5192042618187237
0.5038718226133891
0.49455322093758575
0.48262170627481576
0.4796082949308756
0.4750871158980857
0.472838100341617
0.4611192329191211
0.45259429047718275
0.4163393405393815
0.396952145307316
0.37320937635653306
0.35696724211122116
0.34117878899522763
0.33011788131551867
0.32280407787446186
0.0
0.0
0.0
0.0
0.0
0.0
0.0
0.0
0.0
0.0
0.0
0.0
0.0
0.0
0.0
0.0
0.0
0.0
0.0
0.0
0.0
0.0
0.0
0.0
0.0
0.0
0.0
0.0
0.0
0.0
0.0
0.0
0.0
0.0
0.0
0.0
0.0
0.0
0.0
0.0
0.0
0.0
0.0
0.0
0.0
0.0
0.0
0.0
0.0
0.0
0.0
0.0
0.0
0.0
0.0
0.0
0.0
0.0
0.0
0.0
0.0
0.0
0.0
0.0
0.0
0.0
0.0
0.0
0.0
0.0
0.0
0.0
0.0
0.0
0.0
0.0
0.0
0.0
0.0
0.0
0.0
0.0
0.0
0.0
0.0
0.0
0.0
0.0
0.0
0.0
0.0
0.0
0.0
0.0
0.0
0.0
0.0
0.0
0.0
0.0
0.0
0.0
0.0
0.0
0.0
0.0
0.0
0.0
0.0
0.0
0.0
0.0
0.0
0.0
0.0
0.0
0.0
0.0
0.0
0.0
0.0
0.0
0.0
0.0
0.0
0.0
0.0
0.0
0.0
0.0
0.0
0.0
0.0
0.0
0.0
0.0
0.0
0.0
0.0
0.0
0.0
0.0
0.0
0.0
0.0
0.0
0.0
0.0
0.0
0.0
0.0
0.0
0.0
0.0
0.0
0.0
0.0
0.0
0.0
0.0
0.0
0.0
0.0
0.0
0.0
0.0
1.0
1.0
1.0
1.0
1.0
1.0
1.0
1.0
1.0
1.0
1.0
1.0
1.0
1.0
1.0
1.0
0.0
0.0
0.0
0.0
0.0
0.0
0.0
0.0
0.0
0.0
0.0
0.0
0.0
0.0
0.0
0.0
0.0
0.0
0.0
0.0
0.0
0.0
0.0
0.0
0.0
0.0
0.0
0.0
0.0
0.0
0.0
0.0
0.0
0.0
0.0
0.0
0.0
0.0
0.0
0.0
0.0
0.0
0.0
0.0
0.0
0.0
0.0
0.0
0.0
0.0
0.0
0.0
0.0
0.0
0.0
0.0
0.0
0.0
0.0
0.0
0.0
0.0
0.0
0.0
0.0
0.0
0.0
0.0
0.0
0.0
0.0
0.0
0.0
0.0
0.0
0.0
0.0
0.0
0.0
0.0
0.0
0.0
0.0
0.0
0.0
0.0
0.0
0.0
0.0
0.0
0.0
0.0
0.0
0.0
0.0
0.0
0.0
0.0
