1.0
0.9242865463016889
0.8974591651542649
0.8305034256776884
0.9205708966801117
0.960701526469633
0.9282960678488821
0.9722222222222222
0.9788776796973518
0.9128820337046558
0.8314468839492705
0.8348623853211009
0.9540588760035682
0.9213250517598344
0.95445798588839
0.9679242147249459
0.9052581714827096
0.8506571087216248
0.879312965496276
0.834535487593768
0.7798466593647316
0.8071717594530486
0.8545953360768176
1.0
0.9355932203389831
0.9102185469580626
0.8744987375612654
0.8588025022341377
0.940882076947138
0.941158348736907
0.8765845840011657
0.8270167839740119
0.8575708061002179
0.8957110609480813
0.9285714285714286
0.9375
0.9693669162695712
0.89009364218827
0.9464315147519367
0.875836188611519
0.8546757901596611
1.0
0.9798816568047337
0.9326785997148741
0.8989041518752894
0.8372257607926398
0.9380764163372859
0.9351744666776914
0.9244345442083619
0.9171326893746823
0.9213634829564631
0.9036511156186613
0.9635336414997432
0.8408624229979466
0.841522491349481
0.8753180661577609
0.9335097585180284
0.8884533725298056
0.9556878306878307
0.9549071618037135
0.9633244136628365
0.9361067503924647
0.9126778783958602
0.8259532595325954
0.8450260129276368
0.843217665615142
0.8593725366545798
0.9087193460490464
0.9097254536993951
0.8571428571428571
0.8471121177802945
0.9255493604460479
0.8758859662939046
0.940616427303534
0.9507421301582124
0.9534999172596392
0.9613173838744757
0.9440025453388482
0.9015974440894569
0.945054945054945
0.879891222239009
0.9525979945305378
0.9192116744395968
0.9550276408187659
0.8975279657505869
0.9220546513364193
0.8806179775280899
0.9126514927579071
0.9160539215686274
0.9591903899950633
0.9026411185914034
0.8754548461792921
0.922722029988466
0.9558022199798184
0.856390977443609
0.8922679387795667
0.8725165562913907
0.9096491228070176
0.9683050068902159
0.9116662948918135
0.9516129032258065
0.9994855967078189
0.9645244215938303
0.9483728896501101
0.745497259201253
0.860954103549627
0.9164861612515042
0.9665907365223994
0.9788013609002879
0.8994413407821229
0.937178166838311
0.9938271604938271
0.8507061197041023
0.9526462395543176
0.9386006663493575
0.9193548387096774
0.8190749079001228
0.8336145086461408
0.906502423263328
0.9313053988718775
0.9382358268429632
0.9142757172848146
1.0
0.9555555555555556
0.8679003558718861
0.8733705772811918
0.8773461370580532
0.880791722896986
0.9782608695652174
0.8811924594476107
0.8162989034790848
0.8910891089108911
0.9714285714285714
0.9232039636663915
0.9915758176412289
1.0
0.9311303273625695
0.861368909512761
0.8490566037735849
0.7803804840170829
0.7710557532621589
0.7512330846085746
0.8704572098475967
0.7695390781563126
0.8648881239242685
0.8207070707070707
0.7887285964675745
0.7887285964675745
0.8846212006653561
0.8230923120891683
0.85675430643699
0.7679180887372014
0.7729915433403806
0.7654062540887087
0.8497966298663567
0.891162385720505
0.9159546372533789
0.8445326817348808
0.8975082275505407
0.8689720812182741
0.9777777777777777
0.8726187091270969
0.9758647194465796
1.0
0.9235215651400622
0.920844752539094
0.8579626972740315
0.9227005870841487
0.8840248284874224
0.7960526315789473
0.8723404255319149
0.8913043478260869
0.8681063122923588
0.8634686346863468
0.8443132876056787
0.8733739502716944
0.8638647019423978
0.8987279035189163
0.8417085427135679
0.7734928380292775
0.8888535538241373
0.8860408163265306
0.8550701273577301
0.9190650341866752
0.9211417513304305
0.8908707637425004
0.9193083573487032
0.9571428571428572
0.9811053377420879
0.9135525260625501
0.9364331003088928
0.8657004830917875
0.9473129610115911
0.9475363346331088
0.97265625
0.9729486023444545
0.8177785080512652
0.8434370057986295
0.8895800933125972
0.8838790481302559
0.8586054721977052
0.8579387186629527
0.9270998415213946
0.8694424841213833
0.9771780474551711
0.8403930870891223
0.8565356004250797
0.8616949152542372
0.8051178030894055
0.8488745980707395
0.8840864440078585
0.9366713189113748
0.9075458871515976
0.9192501802451334
0.9251101321585903
0.8642951251646904
0.8440298507462687
0.8906851424172441
0.9154575353066358
0.8156467854376452
0.8154402895054282
0.8867110936887496
0.9534838834201892
0.8885017421602788
0.934640522875817
0.8827809215844786
0.8631578947368421
0.8421266233766234
0.8541666666666666
0.8390522875816994
0.8553615960099751
0.8827122785583384
0.8451856513530522
0.8516825924387204
0.8458450421517463
0.8669464847848898
0.8535152151101784
0.8622480781217536
0.8406862745098039
0.8535152151101784
0.8161628624305984
0.8807045636509208
0.934640522875817
0.9270833333333334
0.9072834246297423
0.8592944089127296
0.8854166666666666
0.8887255931135839
0.7982805619626756
0.8485162896866569
0.8582507539853511
0.7760773258155457
0.7316979685703334
0.758445332364693
0.6209386281588448
0.7330595482546202
0.6590031884544386
0.6751103121425069
0.7576639835588286
0.8566133108677337
0.873405612244898
0.9963369963369964
0.9885245901639345
0.8591954022988506
0.7918354627609847
0.8381448177946048
0.8781102362204725
0.8753315649867374
0.9339075959279561
0.8642129992169146
0.9958368026644463
0.974124809741248
0.9210726801767485
1.0
0.8796340116737655
0.9106796116504854
0.8700787401574803
0.8906613492854769
0.8777760025563189
0.9928617780661908
0.825658939345824
0.8212042285889383
0.9144254278728606
0.8628907458991024
0.9185483870967742
0.9529180971064247
0.9428571428571428
0.9127324749642346
0.9298459661430533
0.9023600185099491
0.9254864736592311
0.978905735003296
0.9748375270788202
0.946342972011752
0.8894056096497602
0.7776153130400106
0.7669464170432537
0.8251133397444704
0.924
0.9135451003895715
0.78839590443686
0.8053097345132744
0.7873020098495941
0.7844827586206896
0.8298625289233701
0.8753884860145035
0.8812008577555397
0.798342183654967
0.7905220674391356
0.8165608537079563
0.8539341714931488
0.9068255687973997
0.883248730964467
0.8406998158379374
0.8704422032583398
0.7941583397386626
0.8987049028677151
0.8583970086164852
0.8437200383509108
0.8966202783300199
0.9082149273232076
0.8360346184107003
0.865688307545063
0.8964019851116626
0.9146608315098468
0.9176772720787559
0.9349397590361446
0.8587002096436058
0.9558077037921767
0.8477109088439071
0.8210030116537907
0.8896140749148694
0.9385574354407836
0.8551724137931035
0.8991129153510751
0.8656341565508581
0.9294926913155632
0.9347414420975965
0.9526419978681285
0.9276964445772333
0.9080184919496254
0.9596881220968813
0.9852941176470589
0.9147638138399861
0.9161576901721266
0.9209302325581395
0.9714540588760036
0.9269162210338681
0.8422963467211255
0.8138195777351248
0.8320282899722152
0.8054892601431981
0.8349146110056926
0.867273910214704
0.6901408450704225
0.0
0.0
0.0
0.0
0.0
0.0
0.0
0.0
0.0
0.0
0.0
0.0
0.0
0.0
0.0
0.0
0.0
0.0
0.0
0.0
0.0
0.0
0.0
0.0
0.0
0.0
0.0
0.0
0.0
0.0
0.0
0.0
0.0
0.0
0.0
0.0
0.0
0.0
0.0
0.0
0.0
0.0
0.0
0.0
0.0
0.0
0.0
0.7337154768108389
0.8789407313997478
0.8603832616347282
0.7474332648870636
0.7027027027027027
0.7684432399879554
0.6869712351945855
0.775524981897176
0.8103367633302152
0.8489458813301456
0.79328268692523
0.8458996075191076
0.8375144731763797
0.857245465972347
0.829184408778251
0.8611955420466059
0.871230253709909
0.8617424242424242
0.8880936890045543
0.8726498758424973
0.8950914340712224
0.93558331981178
0.9292506043513296
0.9275084013442151
0.8913305237808549
0.9170305676855895
0.9501639344262295
0.9211886304909561
0.8913692815595032
0.8785471055618616
0.8688950186597436
0.861024205499753
0.9074283864703027
0.9007395234182416
0.9266203329561985
0.8746928746928747
0.927536231884058
0.8876080691642652
0.927536231884058
0.911651728553137
0.931571495988674
0.9881235154394299
0.9180327868852459
0.9696969696969697
0.8613830123144932
0.9044834307992202
0.9850939727802981
0.8877005347593583
0.9018414731785428
0.948460398485098
0.989962152377818
0.9016845329249618
0.9750405186385738
0.9695447918354123
1.0
0.9410260508230781
0.9692181069958847
0.9258094938698522
0.9750405186385738
0.9049654718842486
0.9879734338538863
0.9596991901272657
0.8864886095836606
0.8779724655819775
0.9398075632132468
0.9250175192711984
0.9207332177359425
0.9052049283379432
0.872047754996107
0.8753395713854513
0.7924345295829291
0.6477024070021882
0.0
0.0
0.0
0.0
0.0
0.0
0.0
0.0
0.0
0.0
0.0
0.0
0.0
0.0
0.0
0.0
0.0
0.0
0.0
0.0
0.0
0.0
0.0
0.0
0.0
0.0
0.0
0.0
0.0
0.0
0.0
0.0
0.0
0.0
0.0
0.0
0.0
0.0
0.0
0.0
0.0
0.0
0.0
0.0
0.0
0.0
0.0
0.0
0.0
0.0
0.0
0.8639026588553402
0.8925619834710744
0.8142857142857143
0.8844813722862503
0.862279843444227
0.9433962264150944
0.9557926829268293
0.9594694178334562
0.9694307800421644
0.9305816135084428
0.8328276699029126
0.9176968119713728
0.8191056910569106
0.8815625
0.953125
0.9546712802768166
0.943025881535522
1.0
0.9403544648943422
0.9798068481123793
0.9680851063829787
0.9333558863328822
0.9469620678079893
0.8538135593220338
0.9226190476190477
0.8919262555626192
0.9861667273389152
0.9838737056526905
0.8945824972989659
0.939384116693679
0.9887410440122825
0.8904671717171717
0.9334836527621195
0.8590484659848822
0.8725857164246145
0.9000772200772201
0.9786733837111671
0.9681063122923588
0.9291553133514986
0.9593606529501786
0.8668069753457607
0.8951005989863309
0.9092043681747269
0.9224581724581724
0.8679987889797154
0.9421623397962537
0.9523334994187012
0.8774928774928775
0.868421052631579
0.8020833333333334
0.8833746898263027
0.9067273318167046
0.8741970860097134
0.7904802379940501
0.7983974817570468
0.8520384791571233
0.8336951801997394
0.8288962440638941
0.9026798307475318
0.9493521790341578
0.9552238805970149
0.8944898313923171
0.8894915254237288
0.9000338868180278
0.9781842591038765
0.8810480630123775
0.9702746365105008
0.9674347158218126
0.9222692139419572
0.8934010152284264
0.895232310962648
0.967741935483871
0.9656944234547378
0.9563684442485677
0.9274047186932849
0.9275032046716992
0.9002466429158673
0.9048128342245989
0.9796507630963839
0.9554754857804658
0.9578779319661058
0.9199628813362719
0.987702422987946
0.9908554230813752
0.9841981132075471
0.8938547486033519
0.82230893689921
0.7679187249510672
0.7841773935920323
0.7540657752078063
0.7884525697229736
0.7651265126512651
0.8111047510017172
0.8335032626427407
0.8200540490168671
0.8689131086891311
0.7989335294658454
0.9236548447685339
0.8922541696510795
0.821927374301676
0.7986398308978954
0.7821526975379967
0.8039104024297646
0.7869790735109998
0.8433157642549114
