1.0
0.9655172413793104
0.9506998306142462
0.9370826010544816
0.8375766871165644
0.8256
0.9734127689845279
0.9458969712658556
1.0
0.9172023656466958
0.9044890979050877
0.8774848562409351
0.9287485079423378
0.9324977618621307
0.9034049746438059
0.9043316727180613
0.917374453698359
0.9735202492211839
0.8636040167628687
0.9424460431654677
0.9594320486815415
0.9039735099337748
0.8798235942668137
0.9547909273260299
0.8999352564563701
0.9960845153664303
0.978510559466469
0.9261744966442953
0.9681266102318734
0.8643537237511413
0.7652391372303845
0.8435853488224465
0.8450479233226837
0.7455621301775148
0.8757300682569841
0.8108420623044483
0.81404846174789
0.849921574219307
0.8026918273900374
0.8510328775094559
0.7957574109328257
0.8960478708600056
0.8593831677992682
0.8194435436798755
0.8254259501965924
0.8872307475714487
0.8377189969082789
0.903641044501655
0.9684500334846343
0.8575380359612724
0.9010197144799457
0.9186612715177286
0.9359598853868195
0.9456096693921081
0.9794510705561144
0.9554760200429492
0.8856379028664786
0.8902513795217658
0.9710590137429265
0.9240949193793733
0.9644646573652972
0.9401508011310085
0.9295774647887324
0.9218351741716228
0.9245065552514047
0.9031667839549613
0.8731480174968251
0.8621770840433508
0.9252099061595992
0.8286897590361446
0.8724778046811945
0.9040285157038133
0.9608409796979988
0.9714808601494586
0.9054851076378649
0.9509746012994684
0.9357220412595005
0.9143543805986454
0.9357861586911437
0.9887712544112929
0.9171317177585812
0.9257194515594395
0.9012161297205035
0.9576416288245366
0.9155328798185941
0.9566244363324028
0.9545680767863491
0.8992934123188923
0.9088934052841825
0.9928660733985438
0.9114311556390454
0.954800633366921
0.9060522011236755
0.9163525659611481
0.9223873907522223
0.9490714285714286
0.9554220234768027
0.9586337229649332
0.9237501657605092
0.9074259074259075
0.9363666555961475
0.923286427598729
0.8876425044199232
0.9059967585089141
0.8967283243959752
0.8897569943126329
0.9064016903660557
0.8924907905922358
0.893542757417103
0.9123004806265946
0.9000343131648175
0.900726942298955
0.856787855869483
0.9400103430443028
0.9064625850340136
0.9094043388320161
0.9344297308842375
0.8638551695269987
0.9281294621608758
0.9017187739072781
0.8674968866749688
0.8796696076590952
0.8682754150670589
0.8456162336723382
0.8578955143040031
0.8877566387229556
0.8954248366013072
0.9780950835631997
0.9138201806046329
0.926254997778765
0.9511978704525288
0.9374902083659721
0.9188338073953677
0.8793570783204147
0.8933245073578084
0.9420289855072463
0.900709219858156
0.9561511031869846
0.9087679638301308
0.9373112182714217
0.9358044587698093
0.9032551178577155
0.8763681457917722
0.877914951989026
0.8888346089127721
0.8895474137931034
0.8772690763052209
0.8477792378449409
0.8639455782312925
0.8715886547638196
0.9095667966454783
0.9494801910649059
0.8815332815332816
0.943086727625381
0.8889930000551177
0.8952100793694844
0.9146814404432133
0.8637644182214426
0.9098507462686567
0.9449492250133619
0.912217843067001
0.8689303038039315
0.909436420892605
0.9154196486662329
0.9291840774136794
0.8673894912427023
0.8909830798886271
0.9167690581761846
0.8799669301917016
0.891990228182338
0.8739204633603972
0.8980585064629232
0.9044908285895004
0.8712971334361538
0.8894619686193604
0.9091952138993608
0.9095839887183381
0.8612366474938373
0.9421152285637003
0.9629043202895272
0.9849624060150376
0.9557815609108998
0.9269552523721296
0.9144111192392099
0.9347086828383586
0.9186334007642166
0.9277023865231633
0.9046872277400244
0.9171339563862928
0.9016887816646562
0.8741258741258742
0.9388611388611389
0.9076843733883445
0.9136444331727112
0.9735460557714597
0.9239743340462765
0.9033329076746265
0.8917295155311261
0.9230769230769231
0.9435565446085373
0.8799749294891883
0.9024907260201378
0.9346292104912794
0.9135124534222396
0.9700060390525398
0.8905013192612137
0.9316891759639852
0.9436647300737646
0.9144249382551232
0.8970961762888721
0.9416295095257398
0.9032967032967033
0.9302690742987653
0.8956346167235257
0.9106493143017073
0.9135211267605634
0.8681761172354611
0.8486111111111111
0.8455141947638537
0.8349489298028755
0.8296892233828587
0.8293702639142931
0.9124798495432563
0.8151664767692113
0.8424242424242424
0.7864095388733423
0.7647535761857879
0.8643564356435643
0.7831223117465318
0.8103448275862069
0.8513313132615563
0.8454446507458864
0.839622641509434
0.9307173513182097
0.9422367882015568
0.9931718536620427
0.9562733465172489
1.0
0.9484536082474226
0.9436619718309859
0.9320959010054137
0.9646717212453622
0.9075573038807777
0.8459135866736075
0.9100585417775412
0.9395681217958677
0.8775327771156138
0.9736000655898992
0.8935085007727975
0.9242424242424242
0.8384706579727327
0.7858490566037736
0.8441813108077533
0.9386374617490739
0.8569958091316815
0.8406955981678441
0.8403232012312428
0.8457518291772436
0.8284854563691073
0.8338658146964856
0.9104677432850807
0.9320388349514563
0.8862220170782368
0.8365604512883061
0.9105864933783006
0.9461538461538461
0.9172482552342971
0.9105216192098645
0.856620507235102
0.9026357362600815
0.8777131624211647
0.856368089573128
0.9262295081967213
0.9205479452054794
0.9017798286090969
0.8915929203539823
0.9116368903911154
0.9058656927778191
0.9092151206922726
0.8969525159461375
0.8765196819346783
0.8402821914325664
0.8459668649651378
0.8814352574102964
0.8146921278254092
0.8703564855838047
0.8553558496280202
0.8600586892729051
0.8135393479114835
0.8805013927576602
0.8672013048797064
0.8689710077622238
0.8793285102198497
0.8600933168656512
0.8878706977415398
0.8703379953379954
0.8851702250432776
0.8729259678816552
0.8458858051106493
0.9148585204923233
0.8840733847381016
0.8470901483453784
0.919039496129117
0.8759178593652769
0.8518471174741148
0.8565281699610058
0.8964989477711881
0.8819168996683789
0.9310566183078701
0.96819697358297
0.9771556846692196
0.9361450532124557
0.8862385321100917
0.9108910891089109
0.8930079774753636
0.9052325581395348
0.9515584786960252
0.8114467408585055
0.7767031565522372
0.848101943566954
0.8022703705725045
0.8595862068965517
0.7939549180327868
0.9042316258351893
0.8458149779735683
0.7096136745380891
0.8039282415285138
0.8404966571155683
0.8002737850787132
0.8780857616678512
0.7935050876813163
0.7372730509077964
0.7645380677042207
0.778317196992815
0.7916006339144216
0.7437771044971188
0.7093648765120218
0.7554155874735107
0.8094230410157466
0.7807986122694065
0.7929883138564274
0.7980179945234059
0.800466140100997
0.8422890918860827
0.780965710286914
0.8335068686393713
0.8343313373253493
0.8163034436865746
0.8391004026581989
0.8229772329246935
0.8594060838427315
0.8575354512476641
0.89457663610379
0.8597283393167771
0.8400914800159727
0.8613236627379873
0.7892192917936325
0.7764152871449009
0.7965172748716526
0.7682628575479389
0.7530851176036283
0.7461114427161968
0.7262661472216526
0.7689804004811435
0.7942446043165468
0.8720703125
0.7381617594383552
0.7969435618096535
0.8269700671960905
0.8342412451361868
0.8564065791242773
0.8292098240535528
0.8851172552240167
0.8944365192582026
0.8857526237600039
0.9540688229212819
0.8971948445792267
0.8461892347799417
0.7833626954415327
0.8843338213762811
0.8314254169330002
0.9240506329113924
0.8602701145746655
0.8751408310689907
0.9632039032323643
0.8488520408163265
0.885478666188598
0.9046624913013221
0.8613951080626375
0.8091233435270132
0.8871957824799596
0.8466550135070714
0.9193586982531706
0.9211519527404004
0.8050781854776281
0.8969130329652616
0.9126544524925436
0.9076797385620915
0.8120731438642873
0.8274842999630587
0.8609865470852018
0.8765287839837969
0.8645610278372591
0.8787192502928544
0.9030509524547004
0.7873227079982453
0.842715102168637
0.9433448787728848
0.9051578012753249
0.8653480410802586
0.9355678490074846
0.8656509695290858
0.9249754698467809
0.8169604160647211
0.8282984403540817
0.8610867659947414
0.8375116730119962
0.8911213300318359
0.8697068403908795
0.88736322677537
0.8835375904823336
0.9214482320558967
0.8752200406228843
0.8702193099759294
0.8255790932488616
0.8929074021953279
0.8151527720171436
0.9012135734714385
0.9239278678587665
0.8963547538519354
0.8608772707133363
0.894042523331696
0.9267050487156776
0.8262042642800737
0.8365068942875903
0.8890770533446232
0.8484508621898219
0.8731829573934837
0.85584781265023
0.8370450841933732
0.8081588398726028
0.8338753200027675
0.8535031847133758
0.8633191027986719
0.9620586300168141
0.9068982151471298
0.9247296218334906
0.8832807570977917
0.8913449117267116
0.8917824074074074
