1.0
0.5284974093264249
0.48721071863581
0.4018369690011481
0.46511627906976744
0.6435006435006435
0.6435006435006435
0.5693430656934306
0.5523465703971119
0.5357142857142857
0.4558659217877095
0.44933920704845814
0.4407484407484408
0.41732283464566927
0.40625
0.3425669436749769
0.3425669436749769
0.38028169014084506
0.3706293706293706
0.4051948051948052
0.353628023352794
0.6117179741807348
0.44662921348314605
0.44662921348314605
0.37823371989295274
0.37823371989295274
0.3881401617250674
0.39285714285714285
0.5
0.5070422535211268
0.4954954954954955
0.509090909090909
0.515370705244123
0.5017921146953405
0.5017921146953405
0.6810176125244618
0.6900584795321637
0.6900584795321637
0.6900584795321637
0.5981566820276498
0.5981566820276498
0.6050420168067226
0.6050420168067226
0.5346613545816733
0.5346613545816733
0.4635258358662614
0.5446428571428571
0.5446428571428571
0.47758007117437723
0.47758007117437723
0.4065040650406504
0.3555699481865285
0.5987170349251604
0.5829216654904729
0.5196476964769647
0.5331510594668489
0.4727511490479317
0.4169298799747315
0.44360902255639095
0.3569267997580157
0.5945736434108527
0.4667609618104668
0.4667609618104668
0.4024144869215292
0.6272373540856031
0.48975265017667846
0.4119601328903654
0.5685570710696339
0.8168316831683168
0.6621722846441948
0.5880681818181818
0.519217801753203
0.445859872611465
0.48488664987405544
0.5363984674329502
0.4806153846153846
0.465435041716329
0.465435041716329
0.4059462550028588
0.4059462550028588
0.5843621399176955
0.5905096660808435
0.5202890494719289
0.7359798361688721
0.5764241398759166
0.5487364620938628
0.4855036855036855
0.4279680900985453
0.5579710144927537
0.5154185022026432
0.46507666098807493
0.4104141041410414
0.44144144144144143
0.7320506804317222
0.6577896138482024
0.5445091514143094
0.5265486725663717
0.5370595382746051
0.5459036640592837
0.5511221945137157
0.5121555915721232
0.46966731898238745
0.45699961434631703
0.4509582863585118
0.49612086565945285
0.500406834825061
0.5627118644067797
0.6570458404074703
0.6439267886855241
0.6556291390728477
0.607625099285147
0.6779517562420652
0.6059133252328878
0.598825831702544
0.6096614950634697
0.5252491694352159
0.5166831846712917
0.49666560812956495
0.4613953488372093
0.5559796437659033
0.5158705701078582
0.5075084278271529
0.4698365527488856
0.6152466367713004
0.5648414985590778
0.5220649458784347
0.6703520512074483
0.6767441860465117
0.6307605315238903
0.6365433493363457
0.5714678394722374
0.688908659549229
0.6348571428571429
0.5841446453407511
0.593452714045887
0.5343915343915344
0.5343915343915344
0.5730337078651685
0.5251299826689775
0.49514563106796117
0.49514563106796117
0.533678756476684
0.7602758620689655
0.9016100178890877
0.7642799678197908
0.6816109422492401
0.6936416184971098
0.6079077429983526
0.5866454689984102
0.6421319796954315
0.6195458593054319
0.7957827183130873
0.7842258570468295
0.7671232876712328
0.6365276663993584
0.6237816764132553
0.7495881383855024
0.745353894820087
0.7165294004979889
0.5900774102744546
0.78205865439908
0.7262014361995949
0.7088204038257173
0.6250629089079014
0.5772200772200772
0.6692116182572614
0.626389560173997
0.5860071998747848
0.6983372921615202
0.6660858545857754
0.6242996166322619
0.6682990061932882
0.6357114388202472
0.6198186528497409
0.5672390023812508
0.575051075591876
0.5864091065884788
0.5951983994664888
0.5658653323180681
0.5131660792038151
0.6364241348713399
0.6089044085552161
0.6348791639451339
0.8164251207729468
0.7020492247641765
0.6414825374198146
0.6266492093866451
0.5316432099916115
0.5481019240769631
0.8422931957944852
0.7960694958701224
0.7017055342847198
0.6128979724778113
0.548483227630473
0.5488982238926966
0.5858825219014793
0.5873336022589754
0.6054744045269115
0.5481894150417828
0.5870760486810404
0.5071967100753941
0.5061619718309859
0.5530169888693615
0.498872350022553
0.5593827222754552
0.5644177717549124
0.5766181080582703
0.6333156639279088
0.5742859564369862
0.521535731569608
0.5366082603254068
0.6035116533708744
0.7657355679702048
0.7654582484725051
0.7611456149372997
0.8270042194092827
0.8096885813148789
0.8672560187288165
0.8492802709568162
0.8660236144267373
0.8501185973459837
0.7702630801064144
0.7192982456140351
0.6870943892220488
0.713425583606211
0.7171172148260622
0.7220880549879249
0.7302299495232754
0.6229228802726885
0.6588079613276081
0.6654438152962756
0.6809909985229775
0.6956104581434397
0.6425739554742299
0.6809429548317437
0.6664457416707028
0.654772477926963
0.6731484750549958
0.606398790122813
0.64375
0.6742781133957767
0.7265886779142907
0.7273469387755102
0.6361765442055789
0.6843031440638198
0.7140896751290235
0.7345100536802839
0.806522236382054
0.7342043129230285
0.7565014921457384
0.7972710194126759
0.8046168174560937
0.6649666059502125
0.6971612743275071
0.6495117128991672
0.6868375865948251
0.7048426150121065
0.6269257300528858
0.6077003121748179
0.5733801938665608
0.6126021003500584
0.6368147448015122
0.6600779762444464
0.0
0.0
0.0
0.0
0.0
0.0
0.0
0.0
0.0
0.0
0.0
0.0
0.0
0.0
0.0
0.0
0.0
0.0
0.0
0.6325734237009653
0.7035200793257312
0.7222949389179756
0.7448818897637796
0.7197989172467131
0.5600592133088961
0.61074416556583
0.4493943205136692
0.5631494219230206
0.40288436094204816
0.4558011049723757
0.31026252983293556
0.4415277777777778
0.4263577118030413
0.2736324841587999
0.20010651045133804
0.19235734572682675
0.19668307851775071
0.181527440194448
0.0
0.0
0.0
0.0
0.0
0.0
0.0
0.0
0.0
0.0
0.0
0.0
0.0
0.0
0.0
0.0
0.0
0.0
0.0
0.0
0.0
0.0
0.0
0.0
0.0
0.0
0.0
0.0
0.0
0.0
0.0
0.0
0.0
0.0
0.0
0.0
0.0
0.0
0.0
0.0
0.0
0.0
0.0
0.0
0.0
0.0
0.0
0.0
0.0
0.0
0.0
0.0
0.0
0.0
0.0
0.0
0.0
0.0
0.0
0.0
0.0
0.0
0.0
0.0
0.0
0.0
0.0
0.0
0.0
0.0
0.0
0.0
0.0
0.0
0.0
0.0
0.0
0.0
0.0
0.0
0.0
0.0
0.0
0.0
0.0
0.0
0.0
0.0
0.0
0.0
0.0
0.0
0.0
0.0
0.0
0.0
0.0
0.0
0.0
0.0
0.0
0.0
0.0
0.0
0.0
0.0
0.0
0.0
0.0
0.0
0.0
0.0
0.0
0.0
0.0
0.0
0.0
0.0
0.0
0.0
0.0
0.0
0.0
0.0
0.0
0.0
0.0
0.0
0.0
0.0
0.0
0.0
0.0
0.0
0.0
0.0
0.0
0.0
0.0
0.0
0.0
0.0
0.0
0.0
0.0
0.0
0.0
0.0
0.0
0.0
0.0
0.0
0.0
0.0
0.0
0.0
0.0
0.0
0.0
0.0
0.0
0.0
0.0
0.0
0.0
0.0
0.0
0.0
0.0
0.0
0.0
0.0
0.0
0.0
0.0
0.0
0.0
0.0
0.0
0.0
0.0
0.0
0.0
0.0
0.0
0.0
0.0
0.0
0.0
0.0
0.0
0.0
0.0
0.0
0.0
0.0
0.0
0.0
0.0
0.0
0.0
0.0
0.0
0.0
0.0
0.0
0.0
0.0
0.0
0.0
0.0
0.0
0.0
0.0
0.0
0.0
0.0
0.0
0.0
0.0
0.0
0.0
0.0
0.0
0.0
0.0
0.0
0.0
0.0
0.0
0.0
0.0
0.0
0.0
0.0
0.0
0.0
0.0
0.0
0.0
0.0
0.0
0.0
0.0
0.0
0.0
0.0
0.0
0.0
0.0
0.0
0.0
0.0
0.0
0.0
0.0
0.0
0.0
0.0
0.0
0.0
0.0
0.0
0.0
0.0
0.0
0.0
0.0
0.0
0.0
0.0
0.0
0.0
0.0
0.0
0.0
0.0
0.0
0.0
0.0
0.0
0.0
0.0
0.0
0.0
0.0
0.0
0.0
0.0
0.0
0.0
0.0
0.0
0.0
0.0
0.0
0.0
0.0
0.0
0.0
0.0
0.0
0.0
0.0
0.0
0.0
0.0
0.0
0.0
0.0
0.0
0.0
0.0
0.0
0.0
