1.0
0.5284974093264249
0.48721071863581
0.4018369690011481
0.46511627906976744
0.6435006435006435
0.6435006435006435
0.5693430656934306
0.5523465703971119
0.5357142857142857
0.4558659217877095
0.44933920704845814
0.4407484407484408
0.41732283464566927
0.40625
0.3425669436749769
0.3425669436749769
0.38028169014084506
0.3706293706293706
0.4051948051948052
0.353628023352794
0.6117179741807348
0.44662921348314605
0.44662921348314605
0.37823371989295274
0.37823371989295274
0.3881401617250674
0.39285714285714285
0.5
0.5070422535211268
0.4954954954954955
0.509090909090909
0.515370705244123
0.5017921146953405
0.5017921146953405
0.6810176125244618
0.6900584795321637
0.6900584795321637
0.6900584795321637
0.5981566820276498
0.5981566820276498
0.6050420168067226
0.6050420168067226
0.5346613545816733
0.5346613545816733
0.4635258358662614
0.5446428571428571
0.5446428571428571
0.47758007117437723
0.47758007117437723
0.4065040650406504
0.3555699481865285
0.5987170349251604
0.5829216654904729
0.5196476964769647
0.5331510594668489
0.4727511490479317
0.4169298799747315
0.44360902255639095
0.3569267997580157
0.5945736434108527
0.4667609618104668
0.4667609618104668
0.4024144869215292
0.6272373540856031
0.48975265017667846
0.4119601328903654
0.5685570710696339
0.8168316831683168
0.6621722846441948
0.5880681818181818
0.519217801753203
0.445859872611465
0.48488664987405544
0.5363984674329502
0.4806153846153846
0.465435041716329
0.465435041716329
0.4059462550028588
0.4059462550028588
0.5843621399176955
0.5905096660808435
0.5202890494719289
0.7359798361688721
0.5764241398759166
0.5487364620938628
0.4855036855036855
0.4279680900985453
0.5579710144927537
0.5154185022026432
0.46507666098807493
0.4104141041410414
0.44144144144144143
0.7320506804317222
0.6577896138482024
0.5445091514143094
0.5265486725663717
0.5370595382746051
0.5459036640592837
0.5511221945137157
0.5121555915721232
0.46966731898238745
0.45699961434631703
0.4509582863585118
0.49612086565945285
0.500406834825061
0.5627118644067797
0.6570458404074703
0.6439267886855241
0.6556291390728477
0.607625099285147
0.6779517562420652
0.6059133252328878
0.598825831702544
0.6096614950634697
0.5252491694352159
0.5166831846712917
0.49666560812956495
0.4613953488372093
0.5559796437659033
0.5158705701078582
0.5075084278271529
0.4698365527488856
0.6152466367713004
0.5648414985590778
0.5220649458784347
0.6703520512074483
0.6767441860465117
0.6307605315238903
0.6365433493363457
0.5714678394722374
0.688908659549229
0.6348571428571429
0.5841446453407511
0.593452714045887
0.5343915343915344
0.5343915343915344
0.5730337078651685
0.5251299826689775
0.49514563106796117
0.49514563106796117
0.533678756476684
0.7602758620689655
0.9016100178890877
0.7642799678197908
0.6816109422492401
0.6936416184971098
0.6079077429983526
0.5866454689984102
0.6421319796954315
0.6195458593054319
0.7957827183130873
0.7842258570468295
0.7671232876712328
0.6365276663993584
0.6237816764132553
0.7495881383855024
0.745353894820087
0.7165294004979889
0.5900774102744546
0.78205865439908
0.7262014361995949
0.7088204038257173
0.6250629089079014
0.5772200772200772
0.6692116182572614
0.626389560173997
0.5860071998747848
0.6983372921615202
0.6660858545857754
0.6242996166322619
0.6682990061932882
0.6357114388202472
0.6198186528497409
0.5672390023812508
0.575051075591876
0.5864091065884788
0.5951983994664888
0.5658653323180681
0.5131660792038151
0.6364241348713399
0.6089044085552161
0.6348791639451339
0.8164251207729468
0.7020492247641765
0.6414825374198146
0.6266492093866451
0.5316432099916115
0.5481019240769631
0.8422931957944852
0.7960694958701224
0.7017055342847198
0.6128979724778113
0.548483227630473
0.5488982238926966
0.5858825219014793
0.5873336022589754
0.6054744045269115
0.5481894150417828
0.5870760486810404
0.5071967100753941
0.5061619718309859
0.5530169888693615
0.498872350022553
0.5593827222754552
0.5644177717549124
0.5766181080582703
0.6333156639279088
0.5742859564369862
0.521535731569608
0.5366082603254068
0.6035116533708744
0.7657355679702048
0.7654582484725051
0.7611456149372997
0.8270042194092827
0.8096885813148789
0.8672560187288165
0.8492802709568162
0.8660236144267373
0.8501185973459837
0.7702630801064144
0.7192982456140351
0.6870943892220488
0.713425583606211
0.7171172148260622
0.7220880549879249
0.7302299495232754
0.611873840445269
0.6511689132266217
0.6064433184602587
0.6133829971408337
0.646906101254868
0.5822784810126582
0.6198114604412418
0.6279396192962151
0.623574144486692
0.6227532521271368
0.5828015034180057
0.6368114643976713
0.646119089882201
0.6777459085540746
0.6472010108223919
0.6051629627629411
0.6243165185205956
0.6435107323052365
0.6539575848881678
0.6858913974900483
0.8284577580154459
0.7597691673536686
0.7731086991738215
0.7491389207807119
0.6090735268555536
0.5056531807655633
0.5723146320834508
0.5783574879227054
0.5847095313940817
0.5115063598304045
0.5898150782361309
0.5212086472322306
0.5242237392644792
0.0
0.0
0.0
0.0
0.0
0.0
0.0
0.0
0.0
0.0
0.0
0.0
0.0
0.0
0.0
0.0
0.0
0.0
0.0
0.0
0.0
0.4516325907842539
0.49002217294900224
0.490092539342291
0.47622531089978054
0.48081981587023237
0.4480815087795361
0.5130205345875875
0.44707846410684476
0.5281660313426514
0.4272810427624057
0.4543956690596681
0.4092042620720925
0.5113149847094801
0.48378615249780893
0.41175759041974114
0.41362159294382916
0.44566666666666666
0.45634514301317497
0.46504347826086956
0.46749964902428753
0.43275175161423274
0.4612394731159577
0.42785642785642786
0.45187165775401067
0.48040806862972407
0.48770294164925254
0.48719824433065106
0.4866820124958895
0.4954389488660139
0.48741399563685184
0.46190020029608986
0.4729753677122098
0.4759272467902996
0.4829021168807671
0.47852590745358825
0.4630723781388479
0.4413591523565948
0.4628763792780999
0.4879154078549849
0.46591238758340586
0.4010397326401782
0.45806451612903226
0.461038961038961
0.45048081689303066
0.40863981319322823
0.4520686175580222
0.44123627490849937
0.4650679954323679
0.52102575247202
0.5101861993428258
0.5079644073382401
0.5612009237875288
0.5475134251692739
0.5324918186068256
0.47385358004827033
0.5444471804974145
0.5260815822002473
0.5329295987887964
0.48965860951906304
0.5221538847746956
0.5071655041217502
0.5255551175929576
0.49452723196624027
0.5065666041275797
0.4658040665434381
0.6006984866123399
0.5692218012241329
0.5378657487091222
0.4568777292576419
0.506452581032413
0.5038374717832957
0.4800360252176524
0.4936183790682833
0.4936183790682833
0.46909492273730685
0.4724471970779736
0.43105022831050227
0.6483516483516484
0.574403250380904
0.5048780487804878
0.46777221526908636
0.540268456375839
0.6309587573647563
0.5671641791044776
0.6259298618490967
0.589975635224504
0.5123686885801423
0.7354838709677419
0.641559424678274
0.5236799129014698
0.6416184971098265
0.5892646480534801
0.5608028335301063
0.6262014208106979
0.7169459962756052
0.664364640883978
0.5751633986928104
0.6169665809768637
0.5764411027568922
0.3907486305538649
0.6473517428700769
0.5254663592538252
0.4708
0.5211017325633052
0.438871473354232
0.4661815068493151
0.6316812439261419
0.6723107569721115
0.607976653696498
0.5172097292335934
0.5765698684537106
0.46296296296296297
0.4742708086317287
0.6109539727436359
0.5639607941693893
0.6588486140724946
0.6606246514221974
0.8064516129032258
0.7325079182263173
0.6107879428873612
0.7254788160185722
0.5674830640958832
0.6906077348066298
0.5438950554994955
0.6313460036448841
0.6670372429127293
0.530492472569533
0.6297013274336283
0.6768687463213655
0.6333725029377203
0.5519203413940256
0.6116420503909644
0.5806169965075669
0.649490538573508
0.7369308600337268
0.5846153846153846
0.71343481138319
0.7931937172774869
0.726000650829808
0.5051777218024069
0.743408951563458
0.5699481865284974
0.6002747252747253
0.6182825484764543
0.4417969719533383
0.6527651858567544
0.5384615384615384
0.5054566341183228
0.5442583732057417
0.745694022289767
0.6152866242038216
0.6381784154709919
0.6580894178192345
0.5624629958555358
0.7133152173913043
0.649890590809628
0.7340425531914894
0.6112907968244634
0.6787822305063684
0.4841420439143399
0.6591251885369532
0.6846625766871166
0.5038759689922481
0.8026360256843528
0.6815889029003783
0.7168831168831169
0.6200980392156863
0.5979791794243723
0.7000677048070413
0.5739074550128535
0.5078883495145631
0.5797838525111252
0.4851306698708321
0.6553784860557769
0.45561959654178674
0.25230615806532036
0.47325963549447264
0.40309189808187806
0.39333144956202315
0.4751552795031056
0.37941176470588234
0.5336567616737417
0.39561674627704413
0.4309997118985883
0.6084223758642363
0.5973451327433629
0.7683423913043478
0.7175849554602441
0.5124927367809413
0.6332543176430748
0.56957928802589
0.6588541666666666
0.6186413902053712
0.6186413902053712
0.6455122393472348
0.6514131897711979
0.45910290237467016
0.5425631431244153
0.4195121951219512
0.6274694261523989
0.7604562737642585
0.6681135225375626
0.6904761904761905
0.7103924418604651
0.7052823315118397
0.687617613850207
0.40388227927363807
0.5303189624956186
0.7337180544105524
0.5931818181818181
0.4819277108433735
0.686010760953113
0.5770065075921909
0.4679933665008292
0.5912408759124088
0.5024121295658167
0.547945205479452
0.463618802318094
0.463618802318094
0.6588324488248674
0.5982468955441929
0.6039823008849557
0.7373271889400922
0.673842404549147
0.5729007633587786
0.5709864603481625
0.6141096472588186
0.5672371638141809
0.4269535673839185
0.7018900343642611
0.5695364238410596
0.46703296703296704
0.6382031566167543
0.5204081632653061
0.5086811968969339
0.5253719954215949
0.631175468483816
0.6088794926004228
0.7390310786106032
0.5671031096563012
0.5884615384615385
0.6000860955660784
0.5931128228364295
0.5342706502636204
0.43424317617866004
0.6747159090909091
0.5141120277898393
0.5576241134751773
0.4667788057190917
0.4573547589616811
0.5336322869955157
0.5454134658834162
0.5033229951262738
0.5498861047835991
0.49079754601226994
0.4557124518613607
0.684077079107505
0.6680060271220493
0.611353711790393
0.591304347826087
0.5207547169811321
0.5726405090137858
0.5384615384615384
0.6634615384615384
0.6343283582089553
0.5886010362694301
0.5827263267429761
0.800942285041225
0.6863972680705749
0.6244517543859649
0.6171617161716172
0.5605095541401274
0.6230248306997742
0.5561613958560524
0.5621944595328626
0.6598173515981736
0.5909592061742006
0.5909592061742006
0.5406132329209252
0.5406132329209252
0.7684346701164295
0.6783302639656231
0.5762411347517731
0.5762411347517731
0.5059288537549407
0.5
0.47771084337349395
0.46622833233711897
0.46066066066066064
0.4205607476635514
0.4157369348209043
0.5534709193245778
0.5534709193245778
0.5534709193245778
0.5534709193245778
0.46372430471584036
0.4523095380923815
0.5096345514950166
0.5161507402422612
0.5161507402422612
0.4959349593495935
0.4959349593495935
0.7008289374529013
0.6818181818181818
0.6910876132930514
0.5733911785972523
0.5883211678832116
0.5805270863836017
0.6349614395886889
0.5742574257425742
0.5588235294117647
0.4894613583138173
0.6823843416370107
0.5747899159663865
0.5747899159663865
0.49637389202256244
0.4317656129529684
0.6398503274087932
0.5721973094170404
0.631578947368421
0.7346115035317861
0.6608695652173913
0.6418338108882522
0.5584768812330009
0.567219152854512
0.5515041020966271
0.5515041020966271
0.7474332648870636
0.597478176527643
0.5409836065573771
0.45611015490533563
0.45611015490533563
0.45611015490533563
0.45611015490533563
