1.0
0.9873949579831933
0.847636815920398
0.9313154831199069
0.7860040567951319
0.7969588550983899
0.7351828499369483
0.5895953757225434
0.5425497228562113
0.4798154555940023
0.42042637580565195
0.3451251078515962
0.3226477935054122
0.2874629080118694
0.22763988838302246
0.22766452319058694
0.18851251840942562
0.16644993498049415
0.1511111111111111
0.11904260546079877
0.016644683122919415
0.0
0.0
0.0
0.0
0.0
0.0
0.0
0.0
0.0
0.0
0.0
0.0
0.0
0.0
0.0
0.0
0.0
0.0
0.0
0.0
0.0
0.0
0.0
0.0
0.0
0.0
0.0
0.0
0.0
0.0
0.0
0.0
0.0
0.0
0.0
0.0
0.0
0.0
0.0
0.0
0.0
0.0
0.0
0.0
0.0
0.0
0.0
0.0
0.0
0.0
0.0
0.0
0.0
0.0
0.0
0.0
0.0
0.0
0.0
0.0
0.0
0.0
0.0
