1.0
0.9093933680825108
0.8654262224145391
0.8263099668108217
0.8434305187429004
0.8240209892138762
0.8302607698920623
0.8563626433642818
0.8338971583220568
0.8519140362659503
0.8518054358894024
0.8349922239502333
0.8391608391608392
0.7873918417799752
0.879539783753812
0.8565288179746011
0.7949481710949601
0.8125656895947682
0.8284748134328358
0.8041615667074663
0.8010471204188482
0.8071527670726067
0.7443103201488621
0.6970760233918128
0.6906449482720669
0.6691456243514355
0.6559070627487237
0.630699965367299
0.6190944881889764
0.5723874108850635
0.5413704276146316
0.530019637510865
0.5665537653129056
0.4900260190806591
0.4989013465547355
0.4924472109683132
0.46492179030509523
0.43573947801551843
0.423230568823274
0.4105342268428634
0.406578309358332
0.3894428152492669
0.36863529243733484
0.34871321644622166
0.3269110619543743
0.344253157299613
0.2970717884130982
0.30698103193005
0.3022146969183881
0.27771339244805004
0.275497520574651
0.2914512129783072
0.25839661468900355
0.24127156636326585
0.2852115936660802
0.26526915113871635
0.24134034855453726
0.26163522012578616
0.2815748655159896
0.3339163619017332
0.3240158520475561
0.3131398761004239
0.2913017777388563
0.28374492028758985
0.31711987744159326
0.3223981900452489
0.2997830354375452
0.23347720132710884
0.22021621727581914
0.21789860105169165
0.18294104415042636
0.18286940937028523
0.18268885675905702
0.14282993715482764
0.14414839514716832
0.14224788114900866
0.1267678192500644
0.12801139530562952
0.13146976133562874
0.138992963538335
0.13524388608217464
0.13577838470542333
0.15169522420707254
0.16792962948859524
0.18544039560617728
0.17270920430402303
0.21607689157613277
0.20665787738958472
0.22554621848739495
0.27787973658641907
0.3286384976525822
0.35876314789000124
0.4044877369977387
0.48743367200032905
0.5076223162263549
0.5464910872008993
0.5655427335016228
0.6189503596483439
0.6270298135578658
0.728355474118186
0.7470945729821943
0.8731160182264284
0.8691351919391729
0.7265637871382283
0.6998916576381365
0.6632940786200033
0.6816113000261574
0.6752577319587629
0.5885185383339575
0.6080522306855277
0.5899280575539568
0.5585106382978723
0.568560858754321
0.578381679389313
0.5364278752436648
0.5486946227179264
0.5329602394741979
0.5704087817361438
0.5721681084394796
0.5754276827371695
0.5559225011008366
0.5745148872652998
0.6347840755735492
0.6038163283087915
0.606306863351294
0.6981652248312578
0.6909623839765511
0.6110833749375936
0.7617467067731563
0.648118537469353
0.6701940035273368
0.6163021868787276
0.6684252781282257
0.6466291462100348
0.7088355909034423
0.7403946002076843
0.6322869955156951
0.6849894291754757
0.7203579418344519
0.6531958762886598
0.6674982674982675
0.7280163599182005
0.7280827366746221
0.6684218677404368
0.6628757108042242
