1.0
0.7923008057296329
0.8082191780821918
0.7685512367491166
0.7759774044893711
0.7607958732498158
0.7237050930601645
0.7942003254919366
0.771140645538192
0.7636707388016288
0.8009492732126965
0.8253156945279615
0.7772248243559718
0.8087293311485177
0.8286538169676734
0.8009492732126965
0.8223703703703704
0.7303763816986149
0.7671311593161902
0.8173291648057168
0.8166365824308063
0.8799873836934238
0.8417663293468262
0.8240712311943507
0.8102790014684288
0.7843137254901961
0.8139355634345614
0.8228043143297381
0.8895752895752895
0.8450636942675159
0.8299823065787357
0.8257491675915649
0.8419941539460863
0.8124295604572532
0.8278217668063965
0.859307010475423
0.8249415432579891
0.8474840317806512
0.837111145849617
0.8414539829853055
0.8688239936858722
0.8812285574252573
0.859307010475423
0.8752860411899314
0.8937862468931235
0.8472222222222222
0.9111691704768126
0.8582983356665111
0.8779739063699156
0.8853553824137382
0.9245252394091868
0.8671285604311009
0.9173866909201152
0.9103489771359807
0.8602588337938054
0.8115901060070672
0.8610044103001849
0.8695403121867392
0.8527239793785705
0.840241674863004
0.8761632068718683
0.8606356968215159
0.8669950738916257
0.8418417026011963
0.8140389062712556
0.8644479360091416
0.8670487106017192
0.8554063604240283
0.8883017760164391
0.9013838310269483
0.9333134417425033
0.9641997110290577
0.9574533210896847
0.9613173838744757
0.9073387694588584
0.9333536678359006
0.8750941690522827
0.9178881008668243
0.9294303797468354
0.8403041825095057
0.8728640852798244
0.8676313785224676
0.9327638031956969
0.9157795867251096
0.8761667703795893
0.9463119324518082
0.9600775820268305
0.9299814929056138
0.9070087036188731
0.8932983323038913
0.9124941506785212
0.8838912133891214
0.8963479315047734
0.9132200330876824
0.8881441763479297
0.8871087375760273
0.8488745980707395
0.8551609322974473
0.8458002507312996
0.8127426047383215
0.888056476012102
0.8641525304920791
0.8321227901877484
0.8761632068718683
0.8642847055500635
0.8819573615681786
0.8608938547486034
0.888056476012102
0.8729641693811075
0.8911377764926991
0.8875895336939044
0.8764044943820225
0.8785839672322996
0.844642088652991
0.8126752664049355
0.9300911854103343
0.8817286988618886
0.8739795161050913
0.9602455871066768
0.8582749161840902
0.9493298463550179
0.834338747099768
0.9045577259012229
0.8639423829653985
0.8615042137064716
0.9411374564748798
0.9216886883660973
0.9083526682134571
0.8873125906819281
0.9178013111447302
0.8732394366197183
0.8536663464617356
0.9202614379084967
0.9482758620689655
0.8854387971890831
0.923732983434476
0.9092107431207778
0.9155498143064751
0.8815325155436061
0.9278627879603161
0.9289162643582487
0.9447269148761686
0.8882291821285438
0.8049018242584598
0.8555199533935334
0.9059934954313148
0.8918635955728388
0.9210325339850313
0.8304545454545454
0.9196693183590704
0.8582983356665111
0.8514601420678769
0.8953451551614946
0.9057343571311877
0.9107413010590015
0.8644380984377624
0.871135752688172
0.8231738035264483
0.7895266868076536
0.799059929494712
0.7843597919113945
0.6943699731903485
0.6943699731903485
0.6875523538281119
0.6632054932172166
0.602978082650159
0.5671292426015716
0.5739130434782609
0.5627821434542719
0.5157033077180087
0.5369318181818182
0.5488131059846205
0.5570974753385721
0.49941540003340573
0.5112781954887218
0.5341801771686445
0.5262366310160428
0.5375229817817149
0.5294117647058824
0.47011686143572623
0.48388712639839704
0.4732888146911519
0.47011686143572623
0.4552736982643525
0.4683692204974128
0.47070605908863294
0.4231154102735157
0.4231154102735157
0.40330110036678896
0.3895
0.4202801867911941
0.45210280373831774
0.4448523277156683
0.44113162798576994
0.41313918049441245
0.3440405748098056
0.37286415158179664
0.33468559837728196
0.35610415962123776
0.35339871491376396
0.0
0.0
0.0
0.32639813581890814
0.2829592684954281
0.28516794146990354
0.3139767054908486
0.2940785096473719
0.30277823989352853
0.263254113345521
0.2826737612238111
0.2940785096473719
0.0
0.0
0.0
0.0
0.0
0.0
0.0
0.0
0.0
0.0
0.0
0.0
0.0
0.0
0.0
0.0
0.0
0.0
0.0
0.0
0.0
0.0
0.0
0.0
0.0
0.0
0.0
0.0
0.0
0.0
0.0
0.0
0.0
0.0
0.0
0.0
0.0
0.0
0.0
0.0
0.0
0.0
0.0
0.0
0.0
0.0
0.0
0.0
0.0
0.0
0.0
0.0
0.0
0.0
0.0
0.0
0.0
0.0
0.0
0.0
0.0
0.0
0.0
0.0
0.0
0.0
0.0
0.0
0.0
0.0
0.0
0.0
0.0
0.0
0.0
0.0
0.0
0.0
0.0
0.0
0.0
0.0
0.0
0.0
0.0
0.0
0.0
0.0
0.0
0.0
0.0
0.0
0.0
0.0
0.0
0.0
0.0
0.0
0.0
0.0
0.0
0.0
0.0
0.0
0.0
0.0
0.0
0.0
0.0
0.0
0.0
0.0
0.0
0.0
0.0
0.0
0.0
0.0
0.0
0.0
0.0
0.0
0.0
0.0
0.0
0.0
0.0
0.0
0.0
0.0
0.0
0.0
0.0
0.0
0.0
0.0
0.0
0.0
0.0
0.0
0.0
0.0
0.0
0.0
0.0
0.0
0.0
0.0
0.0
0.0
0.0
0.0
0.0
0.0
0.0
0.0
0.0
0.0
0.0
0.0
0.0
0.0
0.0
0.0
0.0
0.0
0.0
0.0
0.0
0.0
0.0
0.0
0.0
0.0
0.0
0.0
0.0
0.0
