1,1012,369,16,69
2,1011,369,17,70
3,1010,369,16,68
4,1010,370,16,68
5,1010,372,16,68
6,1009,371,17,70
7,1009,371,17,70
8,1008,370,17,71
9,1007,370,17,71
10,1007,369,17,73
11,1006,368,18,74
12,1006,368,18,74
13,1006,369,18,74
14,1006,369,18,74
15,1006,371,18,74
16,1006,372,18,74
17,1006,372,18,74
18,1006,374,18,74
19,1005,372,18,76
20,1005,371,18,78
21,1005,370,18,78
22,1005,370,18,78
23,1004,371,18,78
24,1003,371,18,78
25,1003,372,18,78
26,1003,373,18,78
27,1003,373,18,78
28,1003,374,18,78
29,1002,374,17,78
30,1001,374,17,78
31,1001,374,17,78
32,1001,373,18,79
33,996,376,17,78
34,996,376,17,78
35,994,376,17,78
36,991,376,17,78
37,989,375,17,78
38,989,376,17,78
39,987,376,17,78
40,987,377,17,78
41,986,381,17,76
42,985,382,17,76
43,984,383,17,76
44,982,385,18,76
45,981,386,18,75
46,979,389,18,75
47,976,391,17,75
48,975,391,18,75
49,974,392,18,75
50,971,393,17,77
51,968,391,19,79
52,967,391,19,79
53,964,390,18,79
54,963,390,19,79
55,961,392,18,79
56,960,393,18,79
57,958,395,18,79
58,955,397,18,79
59,953,399,18,79
60,950,400,18,80
61,947,398,19,82
62,943,400,20,82
63,942,400,20,82
64,939,399,20,84
65,936,398,20,86
66,936,398,20,86
67,934,396,21,88
68,932,395,21,89
69,929,393,21,92
70,926,393,22,93
71,923,394,23,95
72,923,396,23,95
73,922,398,23,95
74,919,399,23,95
75,914,398,23,97
76,912,397,24,100
77,911,399,24,100
78,908,401,24,100
79,905,402,24,100
80,901,402,25,100
81,899,402,24,100
82,894,403,25,100
83,891,404,25,102
84,888,405,25,101
85,885,405,26,104
86,885,405,26,104
87,884,405,26,104
88,880,405,25,103
89,876,404,26,106
90,873,405,26,107
91,874,404,27,109
92,867,405,26,108
93,863,405,26,111
94,858,403,28,113
95,854,406,28,112
96,851,407,28,113
97,848,406,28,113
98,844,403,30,116
99,843,401,29,118
100,844,399,29,118
101,842,397,29,118
102,844,396,29,118
103,838,399,30,120
104,838,396,30,121
105,841,392,30,122
106,838,397,30,121
107,841,390,30,124
108,839,393,31,127
109,842,389,31,126
110,843,389,31,128
111,844,389,32,129
112,845,390,32,130
113,845,391,32,130
114,848,394,32,130
115,851,397,33,130
116,855,395,33,130
117,858,392,33,134
118,865,392,33,133
119,868,396,33,133
120,870,392,35,136
121,877,389,34,135
122,885,386,33,135
123,886,384,34,138
124,889,380,34,141
125,896,381,34,140
126,900,383,34,139
127,904,382,34,139
128,909,388,34,139
129,913,386,34,140
130,919,391,35,139
131,926,394,35,141
132,932,402,36,141
133,939,400,36,141
134,949,404,37,143
135,957,404,37,143
136,966,410,37,142
137,974,413,36,139
138,984,415,37,141
139,996,418,37,141
140,1005,420,37,140
141,1013,423,37,139
142,1023,425,37,138
143,1032,426,36,138
144,1040,427,35,136
145,1050,427,35,134
146,1061,426,34,133
147,1074,422,33,131
148,1088,417,32,132
149,1094,413,32,132
150,1103,415,32,130
151,1111,417,30,128
152,1118,419,31,128
153,1127,422,31,127
154,1137,424,30,125
155,1154,421,29,124
156,1131,397,32,130
157,1130,399,32,133
158,1127,398,33,134
159,1125,397,34,136
160,1125,397,34,136
161,1121,393,35,140
162,1120,395,36,142
163,1122,395,36,139
164,1124,394,36,140
165,1119,393,36,142
166,1119,390,37,146
167,1123,390,35,143
168,1121,395,36,140
169,1122,393,35,140
170,1123,393,34,137
171,1121,396,34,137
172,1122,393,34,137
173,1123,394,34,137
174,1126,396,34,134
175,1121,395,34,137
176,1123,394,34,137
177,1121,397,34,137
178,1121,395,34,137
179,1123,394,34,137
180,1121,397,34,137
181,1122,395,34,137
182,1123,393,34,137
183,1121,396,34,137
184,1123,394,34,137
185,1121,396,34,137
186,1125,396,33,134
187,1125,398,34,135
188,1125,397,33,134
189,1124,398,34,135
190,1125,397,33,134
191,1126,396,32,132
192,1126,396,32,132
193,1126,396,32,132
194,1126,396,32,132
195,1126,396,32,132
196,1126,396,32,132
197,1126,396,32,132
198,1126,396,32,132
199,1126,396,32,132
200,1126,396,32,132
201,1126,396,32,132
202,1126,396,32,132
203,1126,396,32,132
204,1126,396,32,132
205,1126,396,32,132
206,1126,396,32,132
207,1126,396,32,132
208,1126,396,32,132
209,1126,396,32,132
210,1126,396,32,132
211,1126,396,32,132
212,1126,397,32,132
213,1126,398,33,132
214,1126,396,32,132
215,1125,397,32,132
216,1124,399,33,132
217,1125,398,33,132
218,1126,398,32,129
219,1126,400,33,129
220,1126,398,32,129
221,1127,399,31,126
222,1127,398,31,126
223,1126,400,31,126
224,1126,399,31,126
225,1126,399,31,126
226,1127,399,31,126
227,1130,401,32,123
228,1130,401,30,121
229,1129,401,30,122
230,1131,402,30,121
231,1131,401,30,121
232,1130,402,29,118
233,1131,405,29,115
234,1128,402,29,119
235,1130,405,29,119
236,1128,403,30,122
237,1127,401,31,124
238,1128,401,30,122
239,1128,400,30,122
240,1130,401,30,121
241,1130,401,29,119
242,1129,403,29,120
243,1129,402,29,119
244,1129,402,29,116
245,1131,404,29,116
246,1129,402,29,119
247,1131,402,29,116
248,1130,402,29,116
249,1129,401,29,116
250,1130,407,28,114
251,1130,406,28,115
252,1130,404,28,115
253,1131,404,28,114
254,1132,405,28,114
255,1131,403,28,115
256,1131,404,28,112
257,1131,403,27,110
258,1131,407,27,110
259,1130,404,28,112
260,1131,405,27,110
261,1130,403,27,108
262,1131,407,27,108
263,1132,407,27,108
264,1132,406,26,105
265,1132,409,26,105
266,1131,406,27,108
267,1131,408,26,105
268,1132,406,26,105
269,1132,409,26,105
270,1132,406,27,108
271,1133,409,27,107
272,1129,405,27,110
273,1131,405,27,110
274,1132,406,27,110
275,1133,407,27,109
276,1131,405,28,112
277,1132,406,28,112
278,1131,404,28,112
279,1131,404,27,110
280,1133,407,27,109
281,1130,404,28,113
282,1130,404,27,110
283,1131,406,27,108
284,1132,406,26,105
285,1132,406,26,105
286,1132,407,26,105
287,1132,406,26,105
288,1132,407,26,103
289,1132,407,25,101
290,1131,410,24,99
291,1131,409,24,99
292,1132,410,24,97
293,1132,408,23,96
294,1132,411,24,95
295,1132,410,24,96
296,1132,410,24,97
297,1132,410,24,96
298,1132,410,24,96
299,1133,411,24,95
300,1134,409,24,95
301,1133,409,24,95
302,1132,409,23,94
303,1134,411,23,93
304,1133,410,22,93
305,1133,412,23,93
306,1133,413,23,93
307,1134,412,23,93
308,1133,410,24,95
309,1133,411,24,95
310,1134,410,23,93
311,1133,410,24,95
312,1133,411,24,95
313,1133,410,22,93
314,1132,410,24,95
315,1133,412,23,93
316,1132,410,24,95
317,1133,412,23,93
318,1132,410,24,95
319,1133,411,24,95
320,1133,410,22,93
321,1133,411,23,93
322,1132,410,23,94
323,1133,413,23,93
324,1133,411,23,93
325,1132,410,23,94
326,1133,413,23,93
327,1134,411,24,96
328,1133,409,24,96
329,1132,409,23,95
330,1133,413,23,93
331,1134,411,24,96
332,1134,409,24,98
333,1132,408,23,97
334,1133,410,24,96
335,1133,409,22,92
336,1134,414,23,91
337,1134,412,23,94
338,1134,410,23,94
339,1134,414,23,91
340,1134,412,23,91
341,1134,413,23,91
342,1134,413,23,91
343,1134,412,23,91
344,1134,414,23,91
345,1134,413,23,91
346,1134,411,23,94
347,1133,410,23,94
348,1132,410,22,94
349,1132,412,23,94
350,1132,410,24,95
351,1131,410,24,96
352,1131,412,24,96
353,1132,410,24,97
354,1132,409,24,97
355,1132,410,24,95
356,1132,412,23,94
357,1132,413,23,94
358,1133,412,23,94
359,1133,412,23,94
360,1132,410,22,94
361,1133,412,23,94
362,1133,410,23,94
363,1134,411,23,94
364,1133,411,23,94
365,1133,412,23,94
366,1134,411,23,94
367,1133,411,23,94
368,1134,412,23,94
369,1133,412,23,94
370,1134,412,23,94
371,1133,412,23,94
372,1134,411,23,94
373,1133,410,23,94
374,1134,411,23,94
375,1133,411,23,94
376,1134,411,23,94
377,1133,410,23,94
378,1134,411,23,94
