1.0
1.0
1.0
1.0
0.9571428571428572
0.9886858137510879
0.9886858137510879
0.88379705400982
0.7789799072642968
0.8667642752562226
0.8327550312283136
0.8327550312283136
0.8988015978695073
0.8988015978695073
0.8988015978695073
0.8979206049149339
0.8979206049149339
0.8979206049149339
0.8339350180505415
0.855595667870036
0.855595667870036
0.855595667870036
0.7713957495692131
0.7588046958377801
0.7588046958377801
0.8813857897827363
0.8813857897827363
0.8274531422271224
0.7834710743801653
0.7834710743801653
0.7591859807801018
0.6902815622161671
0.6950146627565983
0.7095808383233533
0.6108247422680413
0.5149539877300614
0.4720562390158172
0.5736183945139169
0.5191675794085433
0.5191675794085433
0.5056548704852244
0.4958855098389982
0.4958855098389982
0.5552182163187855
0.5175627240143369
0.5073787772312017
0.5298218435321457
0.5594730724525377
0.4746877054569362
0.4659807500829738
0.4876483798524222
0.48617441507140685
0.41689522764673614
0.4468025691147724
0.4384193827516585
0.42058660763696737
0.4039330321551953
0.37943085371942087
0.37530864197530867
0.3400353513035793
0.34170440510498146
0.3386438702156596
0.3682653708007606
0.39395276980798943
0.41588891418165264
0.3903012176885281
0.413953488372093
0.4260813428018076
0.4449760765550239
0.47040905134899913
0.49902534113060426
0.49902534113060426
0.534694824785333
0.5144005358338914
0.507005820219875
0.49665551839464883
0.5201698513800425
0.49128849270664504
0.4645760743321719
0.47808764940239046
0.49276577898930596
0.4405466041199266
0.4220739842328684
0.4261088514429595
0.4019138755980861
0.4423757214671383
0.4107883817427386
0.3931362555215766
0.3873530872372124
0.38180367118914604
0.42775881683731515
0.356819650937298
0.30527289546716
0.30867879510885776
0.27747551686615884
0.30205479452054795
0.30227416298168036
0.3094708759448644
0.34624697336561744
0.4410323423717739
0.4415255578414306
0.4484019716966131
0.3969614921780987
0.4135942952511
0.4815343160564273
0.40740181268882175
0.4915173616616458
0.45443554480882575
0.5080962112875335
0.48847650404070636
0.499406528189911
0.4897869213813372
0.4825972506580872
0.44771057094403616
0.44191714053614944
0.44796988437752083
0.47767422450966757
0.47907169498549523
0.4585110774735104
0.4833759590792839
0.49411764705882355
0.5270213657310432
0.5367382317642352
0.5582361613724702
0.5648957632817754
0.5471723762914628
0.5398813447593935
0.5210117244104862
0.6253988513082323
0.6028575818098019
0.5833711949114039
0.5181923187987294
0.5138888888888888
0.47493879654683674
0.4501575299306868
0.41768219832735964
0.37404852521408183
0.37592371871275326
0.3377582823502251
0.37025641025641026
0.34629700936978564
0.3517180169899835
0.33027744270205067
0.3318397132249392
0.32197990688556727
0.3282220250918768
0.36232074727009606
0.39827586206896554
0.5108197757068393
0.4957701283547258
0.4505432482009313
0.45442250473356777
0.4606771527592642
0.45225464190981435
0.47065415324275106
0.3478635636005418
0.13279678068410464
0.0
0.0
0.0
0.0
0.0
0.0
0.0
0.0
0.0
0.0
0.0
0.0
0.0
0.0
0.0
0.0
0.0
0.0
0.0
0.0
0.0
0.0
0.0
0.0
0.0
0.0
0.0
0.0
0.0
0.0
0.0
0.0
0.0
0.0
0.0
0.0
0.0
0.0
0.0
0.0
0.0
0.0
0.0
0.0
0.0
0.0
0.0
0.0
0.0
0.0
0.0
0.0
0.0
0.0
0.0
0.0
0.0
0.0
0.0
0.0
0.0
0.0
0.0
0.0
0.0
0.0
0.0
0.0
0.0
0.0
0.0
0.0
0.0
0.0
0.0
0.0
0.0
0.0
0.0
0.0
0.0
0.0
0.0
0.0
0.0
0.0
0.0
0.0
0.0
0.0
0.0
0.0
0.0
0.0
0.0
0.0
0.0
0.0
0.0
0.0
0.0
0.0
0.0
0.0
0.0
0.0
0.0
0.0
0.0
0.0
0.0
0.0
0.0
0.0
0.0
0.0
0.0
0.0
0.0
0.0
0.0
0.0
0.0
0.0
0.0
0.0
0.0
0.0
0.0
0.0
0.0
0.0
0.0
0.0
0.0
0.0
0.0
0.0
0.0
0.0
0.0
0.0
0.0
0.0
0.0
0.0
0.0
0.0
0.0
0.0
0.0
0.0
0.0
0.0
0.0
0.0
0.0
0.0
0.0
0.0
0.0
0.0
0.0
0.0
0.0
0.0
0.0
0.0
0.0
0.0
0.0
0.0
0.0
0.0
0.0
0.0
0.0
0.0
0.0
0.0
