1,340,356,67,91
2,340,357,67,90
3,340,358,67,90
4,340,358,66,90
5,339,357,66,90
6,338,356,66,90
7,337,356,66,90
8,336,356,66,90
9,336,357,66,89
10,335,358,66,89
11,335,359,66,90
12,334,359,67,90
13,335,359,66,90
14,336,358,66,91
15,337,357,67,90
16,339,355,67,91
17,342,354,67,91
18,346,354,66,90
19,350,354,67,90
20,354,354,67,91
21,360,354,66,91
22,366,354,66,91
23,372,355,67,90
24,380,355,67,90
25,389,355,66,90
26,398,356,66,90
27,407,357,66,90
28,417,358,66,90
29,428,359,65,89
30,438,359,65,88
31,448,358,65,88
32,458,358,64,87
33,467,357,64,87
34,476,357,63,87
35,484,358,63,86
36,491,358,64,86
37,498,357,64,86
38,505,357,63,86
39,511,356,63,86
40,516,356,63,86
41,521,355,64,87
42,526,355,64,86
43,532,355,64,87
44,537,355,64,87
45,543,356,64,87
46,549,356,64,88
47,555,356,65,89
48,561,357,65,88
49,567,357,66,89
50,574,357,67,90
51,582,357,67,91
52,589,356,68,92
53,598,356,68,92
54,607,354,68,93
55,616,351,69,94
56,625,348,69,94
57,633,344,70,95
58,642,341,70,96
59,650,339,70,95
60,657,336,71,96
61,665,334,70,96
62,672,333,71,96
63,680,332,71,97
64,689,332,71,96
65,698,332,71,96
66,707,332,72,97
67,717,332,72,97
68,727,333,72,97
69,738,334,71,97
70,748,335,72,97
71,759,337,72,97
72,771,339,71,96
73,781,341,71,96
74,792,342,71,96
75,803,342,70,95
76,814,342,69,93
77,825,340,68,93
78,835,339,68,92
79,844,337,67,92
80,852,335,67,91
81,860,334,67,90
82,868,333,66,89
83,875,332,66,89
84,882,331,66,89
85,890,331,65,89
86,897,332,66,89
87,905,332,66,90
88,913,333,66,90
89,921,334,66,90
90,929,335,67,91
91,937,335,68,92
92,945,336,69,93
93,954,337,69,94
94,963,337,70,95
95,972,337,70,96
96,981,335,72,96
97,991,332,72,97
98,1001,329,72,98
99,1011,327,73,99
100,1021,325,72,99
101,1030,323,73,99
102,1040,321,73,99
103,1050,320,73,99
104,1060,319,73,99
105,1070,318,73,99
106,1080,318,73,99
107,1091,318,73,99
108,1102,318,74,100
109,1114,319,74,100
110,1126,321,74,100
111,1139,323,73,100
112,1152,325,73,100
113,1165,328,72,99
114,1177,331,72,98
115,1190,334,71,96
116,1202,334,71,96
117,1215,334,70,94
118,1228,333,68,93
119,1239,332,68,92
120,1250,332,67,91
121,1260,332,66,90
122,1269,332,66,90
123,1278,333,65,88
124,1286,333,65,88
125,1294,333,64,87
126,1302,333,63,87
127,1309,333,64,86
128,1317,333,63,87
129,1324,334,64,86
130,1332,334,64,87
131,1340,335,64,86
132,1349,336,63,87
133,1357,337,64,87
134,1365,338,65,88
135,1375,340,64,88
136,1384,341,65,89
137,1393,343,66,90
138,1403,344,67,90
139,1413,343,67,91
140,1425,341,67,91
141,1437,340,68,92
142,1448,339,68,93
143,1460,339,68,92
144,1472,339,67,91
145,1484,338,67,91
146,1496,338,66,90
147,1508,338,66,90
148,1519,339,66,89
149,1531,341,65,88
150,1542,342,64,88
151,1553,345,64,87
152,1564,349,63,85
153,1575,352,62,84
154,1586,357,61,83
155,1597,361,60,82
156,1607,366,59,80
157,1617,371,58,79
158,1627,375,57,77
159,1637,378,56,76
160,1647,380,54,74
161,1656,382,54,72
162,1665,383,52,71
163,1674,384,51,69
164,1682,385,49,67
165,1689,385,49,67
166,1696,386,48,65
167,1703,387,48,65
168,1710,389,47,63
169,1717,390,47,63
170,1724,391,46,63
171,1731,393,45,62
172,1737,395,46,62
173,1744,397,45,62
174,1750,400,45,61
175,1757,403,44,60
176,1763,406,45,60
177,1770,409,44,59
178,1778,411,43,60
179,1785,414,43,59
180,1792,415,44,58
181,1800,415,43,59
182,1807,416,43,59
183,1813,415,44,60
184,1820,416,43,58
185,1825,415,44,59
186,1831,415,43,58
187,1837,415,43,58
188,1842,415,43,58
189,1847,415,43,58
190,1853,416,43,58
191,1859,418,42,56
192,1865,420,41,55
193,1871,422,41,54
194,1878,423,40,55
195,1884,425,38,54
196,nan,nan,nan,nan
197,nan,nan,nan,nan
198,nan,nan,nan,nan
199,nan,nan,nan,nan
200,nan,nan,nan,nan
201,nan,nan,nan,nan
202,nan,nan,nan,nan
203,nan,nan,nan,nan
204,nan,nan,nan,nan
205,nan,nan,nan,nan
206,nan,nan,nan,nan
207,nan,nan,nan,nan
208,nan,nan,nan,nan
209,nan,nan,nan,nan
210,nan,nan,nan,nan
211,nan,nan,nan,nan
212,nan,nan,nan,nan
213,nan,nan,nan,nan
214,nan,nan,nan,nan
215,nan,nan,nan,nan
216,nan,nan,nan,nan
217,nan,nan,nan,nan
218,nan,nan,nan,nan
219,nan,nan,nan,nan
220,nan,nan,nan,nan
221,nan,nan,nan,nan
222,nan,nan,nan,nan
223,nan,nan,nan,nan
224,nan,nan,nan,nan
225,nan,nan,nan,nan
226,nan,nan,nan,nan
227,nan,nan,nan,nan
228,nan,nan,nan,nan
229,nan,nan,nan,nan
230,nan,nan,nan,nan
231,nan,nan,nan,nan
232,nan,nan,nan,nan
233,nan,nan,nan,nan
234,nan,nan,nan,nan
235,nan,nan,nan,nan
236,nan,nan,nan,nan
237,nan,nan,nan,nan
238,nan,nan,nan,nan
239,nan,nan,nan,nan
240,nan,nan,nan,nan
241,nan,nan,nan,nan
242,nan,nan,nan,nan
243,nan,nan,nan,nan
244,nan,nan,nan,nan
245,nan,nan,nan,nan
246,nan,nan,nan,nan
247,nan,nan,nan,nan
248,nan,nan,nan,nan
249,nan,nan,nan,nan
250,nan,nan,nan,nan
251,nan,nan,nan,nan
252,nan,nan,nan,nan
253,nan,nan,nan,nan
254,nan,nan,nan,nan
255,nan,nan,nan,nan
256,nan,nan,nan,nan
257,nan,nan,nan,nan
258,nan,nan,nan,nan
259,nan,nan,nan,nan
260,nan,nan,nan,nan
261,nan,nan,nan,nan
262,nan,nan,nan,nan
263,nan,nan,nan,nan
264,nan,nan,nan,nan
265,nan,nan,nan,nan
266,nan,nan,nan,nan
267,nan,nan,nan,nan
268,nan,nan,nan,nan
269,nan,nan,nan,nan
270,nan,nan,nan,nan
271,nan,nan,nan,nan
272,nan,nan,nan,nan
273,nan,nan,nan,nan
274,nan,nan,nan,nan
275,nan,nan,nan,nan
276,nan,nan,nan,nan
277,nan,nan,nan,nan
278,nan,nan,nan,nan
279,nan,nan,nan,nan
280,nan,nan,nan,nan
281,nan,nan,nan,nan
282,nan,nan,nan,nan
283,nan,nan,nan,nan
284,nan,nan,nan,nan
285,nan,nan,nan,nan
286,nan,nan,nan,nan
287,nan,nan,nan,nan
288,nan,nan,nan,nan
289,nan,nan,nan,nan
290,nan,nan,nan,nan
291,nan,nan,nan,nan
292,nan,nan,nan,nan
293,nan,nan,nan,nan
294,nan,nan,nan,nan
295,nan,nan,nan,nan
296,nan,nan,nan,nan
297,nan,nan,nan,nan
298,nan,nan,nan,nan
299,nan,nan,nan,nan
300,nan,nan,nan,nan
301,nan,nan,nan,nan
302,1876,406,60,84
303,1868,408,61,83
304,1861,409,59,83
305,1854,412,58,80
306,1846,414,58,79
307,1838,416,57,77
308,1830,417,56,76
309,1822,417,55,75
310,1814,416,55,74
311,1807,414,54,74
312,1801,413,53,73
313,1794,412,54,73
314,1788,410,54,74
315,1783,409,54,73
316,1778,409,54,72
317,1773,408,54,73
318,1769,408,53,73
319,1764,408,53,73
320,1759,408,54,73
321,1754,408,54,73
322,1749,408,54,73
323,1745,408,54,74
324,1740,409,54,73
325,1735,409,54,74
326,1729,409,55,75
327,1724,409,55,75
328,1718,408,56,77
329,1712,406,58,78
330,1706,404,59,79
331,1701,401,59,80
332,1695,399,60,81
333,1690,397,61,82
334,1686,394,61,84
335,1681,392,63,84
336,1677,389,63,86
337,1673,387,65,87
338,1670,385,65,88
339,1666,383,66,89
340,1663,381,66,90
341,1660,379,67,92
342,1656,378,68,93
343,1652,377,69,94
344,1647,376,71,96
345,1643,375,71,98
346,1637,374,74,100
347,1631,373,75,102
348,1625,371,77,105
349,1618,369,79,106
350,1610,364,81,110
351,1602,358,83,113
352,1595,352,85,116
353,1587,347,88,119
354,1581,342,90,122
355,1574,336,93,126
356,1569,331,94,128
357,1565,326,96,131
358,1561,322,97,133
359,1557,318,100,135
360,1554,314,101,138
361,1551,310,104,141
362,1550,307,105,143
363,1548,304,107,145
364,1547,301,109,147
365,1547,300,110,149
366,1547,298,111,151
367,1548,295,112,153
368,1549,293,113,154
369,1550,292,114,155
370,1550,291,115,156
371,1550,289,116,158
372,1551,289,117,159
373,1552,290,117,158
374,1553,290,117,159
375,1553,291,117,158
376,1554,291,117,159
377,1555,291,116,159
378,1555,292,116,158
379,1555,292,116,158
380,1555,293,116,157
381,1556,293,115,157
382,1556,294,115,157
383,1556,294,115,156
384,1556,295,115,156
385,1556,295,115,156
386,1556,295,115,156
387,1556,296,114,155
388,1556,296,114,155
389,1556,297,114,155
390,1555,297,114,155
