1,340,356,67,91
2,340,357,67,90
3,340,357,67,91
4,339,357,67,91
5,339,356,67,91
6,338,356,66,90
7,337,356,66,90
8,336,356,67,90
9,335,356,67,91
10,335,357,66,91
11,334,358,67,91
12,334,359,67,91
13,334,358,68,92
14,335,357,68,92
15,337,356,67,92
16,339,355,68,92
17,342,353,68,93
18,345,353,68,92
19,349,353,68,92
20,354,353,68,92
21,359,353,68,93
22,365,353,68,93
23,372,354,68,92
24,380,354,68,92
25,388,355,68,91
26,397,356,68,91
27,407,357,67,91
28,417,358,67,90
29,427,358,67,90
30,438,358,66,90
31,448,358,65,89
32,457,357,66,89
33,467,357,64,88
34,476,357,64,87
35,484,357,64,87
36,491,357,64,87
37,498,357,64,87
38,505,356,64,87
39,510,356,64,87
40,516,356,64,86
41,521,355,64,87
42,526,355,64,87
43,532,355,64,87
44,537,355,65,88
45,543,355,65,89
46,549,356,65,89
47,555,356,65,90
48,561,357,66,90
49,567,357,67,90
50,574,357,67,91
51,581,356,68,93
52,589,356,68,93
53,598,356,68,93
54,607,354,69,94
55,616,351,70,95
56,625,348,70,95
57,633,344,71,96
58,642,341,71,97
59,650,338,71,97
60,657,336,71,97
61,665,334,71,97
62,672,333,72,97
63,680,332,72,97
64,689,332,71,97
65,698,332,71,97
66,707,332,72,97
67,717,332,72,98
68,727,333,72,97
69,737,334,72,97
70,748,335,72,97
71,759,337,72,97
72,770,339,71,96
73,781,341,71,96
74,792,342,70,95
75,803,342,70,95
76,814,342,69,93
77,825,340,68,93
78,835,339,67,91
79,844,337,67,91
80,853,336,66,90
81,861,334,66,90
82,868,333,66,89
83,875,332,66,89
84,882,331,66,89
85,890,331,65,89
86,897,331,66,89
87,905,332,66,89
88,913,333,66,89
89,921,334,66,90
90,929,335,67,90
91,937,336,67,91
92,946,337,68,92
93,954,337,69,93
94,963,337,69,95
95,972,337,70,95
96,981,334,71,97
97,991,331,72,98
98,1001,329,72,98
99,1011,327,72,98
100,1021,325,72,99
101,1030,323,73,99
102,1040,321,73,99
103,1050,320,73,99
104,1060,319,73,99
105,1070,318,73,99
106,1081,318,72,99
107,1091,318,73,99
108,1103,318,73,100
109,1115,319,73,100
110,1127,321,73,99
111,1139,323,74,99
112,1152,325,73,99
113,1165,328,72,98
114,1178,331,71,98
115,1190,334,71,96
116,1203,334,70,96
117,1216,334,69,94
118,1228,333,69,93
119,1240,332,67,92
120,1250,332,67,91
121,1261,332,66,90
122,1270,332,65,89
123,1279,332,65,89
124,1287,333,64,87
125,1295,333,64,87
126,1302,333,64,86
127,1310,333,63,86
128,1317,333,63,86
129,1325,334,63,86
130,1333,334,63,87
131,1341,335,63,87
132,1349,336,64,87
133,1357,337,64,87
134,1366,338,64,88
135,1375,340,65,88
136,1384,341,65,89
137,1394,343,66,89
138,1404,344,66,90
139,1414,343,67,91
140,1426,341,67,92
141,1438,340,67,92
142,1449,339,68,93
143,1461,339,68,92
144,1473,338,67,92
145,1485,338,67,91
146,1497,338,66,91
147,1508,338,67,90
148,1520,339,66,90
149,1531,340,66,89
150,1542,342,65,88
151,1554,345,64,87
152,1565,348,63,86
153,1576,352,62,85
154,1586,356,62,84
155,1597,361,61,82
156,1608,366,59,81
157,1618,371,58,79
158,1628,375,57,78
159,1638,378,56,77
160,1648,380,55,75
161,1657,382,54,73
162,1666,383,53,71
163,1674,383,52,70
164,1682,384,51,69
165,1690,385,50,67
166,1697,386,49,66
167,1704,387,49,66
168,1711,388,48,65
169,1718,389,48,65
170,1725,391,47,64
171,1731,393,47,63
172,1738,394,47,64
173,1744,397,47,62
174,1751,399,46,62
175,1758,402,45,62
176,1765,405,44,61
177,1772,408,44,61
178,1779,411,44,60
179,1786,413,44,60
180,1794,414,43,59
181,1802,415,43,59
182,1809,415,43,59
183,1815,415,44,59
184,1822,415,43,59
185,1828,415,43,58
186,1833,414,43,59
187,1839,414,43,59
188,1844,414,43,59
189,1849,415,43,58
190,1855,416,43,58
191,1861,417,42,58
192,1867,419,41,56
193,1873,420,41,57
194,1879,422,41,56
195,1885,424,40,55
196,1892,426,39,54
197,1898,427,39,54
198,1905,429,38,53
199,1912,431,37,53
200,1918,432,38,52
201,4,432,38,52
202,12,432,37,51
203,18,432,37,50
204,24,432,37,49
205,30,431,36,49
206,36,430,36,49
207,41,430,35,48
208,45,430,36,48
209,50,430,35,48
210,54,430,35,48
211,59,431,35,47
212,63,431,35,47
213,68,432,34,47
214,72,432,35,47
215,77,433,34,46
216,82,434,33,46
217,86,436,33,44
218,92,438,31,43
219,96,439,32,43
220,102,441,31,43
221,107,442,32,43
222,112,442,32,43
223,118,441,32,43
224,124,441,31,42
225,129,440,31,43
226,133,440,32,42
227,138,439,31,43
228,142,439,31,42
229,146,438,31,42
230,150,437,31,42
231,155,437,31,41
232,159,436,31,42
233,164,436,30,42
234,168,436,31,42
235,173,437,30,41
236,178,437,30,42
237,182,437,31,42
238,187,438,31,41
239,192,438,31,42
240,197,439,31,41
241,202,440,30,40
242,207,440,30,40
243,212,439,30,41
244,217,438,30,41
245,222,436,29,41
246,226,434,30,41
247,230,433,30,41
248,233,432,30,41
249,236,431,30,41
250,238,430,31,41
251,241,430,30,41
252,242,429,31,42
253,243,429,31,42
254,244,429,31,42
255,244,429,31,42
256,243,429,31,42
257,241,428,32,43
258,239,428,32,44
259,236,428,33,44
260,233,428,33,44
261,229,428,33,45
262,225,429,32,44
263,219,429,33,45
264,213,430,33,45
265,207,431,33,45
266,200,431,34,46
267,192,431,34,46
268,184,431,34,46
269,177,431,34,46
270,169,430,35,47
271,162,430,35,47
272,156,429,34,47
273,150,428,34,47
274,144,427,35,47
275,139,426,34,47
276,133,426,35,47
277,128,425,34,47
278,122,425,35,48
279,116,425,35,48
280,110,425,36,49
281,104,426,36,49
282,97,426,37,50
283,91,427,37,50
284,85,428,37,51
285,78,430,37,50
286,71,431,38,51
287,63,432,38,51
288,56,432,38,52
289,48,430,38,52
290,40,428,38,52
291,32,426,39,53
292,25,424,40,53
293,19,422,40,53
294,14,420,39,53
295,8,418,40,53
296,2,416,40,54
297,1918,416,38,53
298,1911,416,38,53
299,1904,416,38,53
300,1897,416,38,53
301,1890,417,38,52
302,1882,418,38,52
303,1875,419,38,52
304,1867,420,38,52
305,1859,422,38,52
306,1851,423,38,52
307,1843,425,38,51
308,1835,425,37,51
309,1827,424,37,51
310,1819,423,37,50
311,1811,422,37,50
312,1804,420,38,50
313,1798,419,37,50
314,1792,417,37,51
315,1787,416,37,51
316,1782,416,37,50
317,1777,415,37,51
318,1772,415,37,50
319,1767,415,38,50
320,1763,415,37,50
321,1758,415,37,51
322,1753,416,37,50
323,1748,416,38,51
324,1743,416,38,51
325,1738,416,38,52
326,1733,416,38,53
327,1728,416,39,53
328,1722,415,40,54
329,1716,414,41,55
330,1711,411,41,56
331,1705,409,42,56
332,1700,406,42,58
333,1695,404,43,58
334,1690,402,44,59
335,1686,399,44,60
336,1683,397,44,60
337,1679,395,45,61
338,1676,392,45,63
339,1672,390,46,63
340,1669,389,47,63
341,1666,387,47,65
342,1662,386,49,66
343,1659,385,49,67
344,1654,384,50,68
345,1650,384,50,69
346,1645,383,51,70
347,1639,381,53,72
348,1633,380,54,73
349,1626,377,55,75
350,1619,372,57,77
351,1612,367,58,78
352,1604,361,60,81
353,1597,355,62,84
354,1591,350,63,86
355,1585,344,65,89
356,1580,339,67,91
357,1576,334,68,93
358,1572,330,69,94
359,1569,326,70,96
360,1566,322,72,98
361,1564,318,73,100
362,1562,315,75,101
363,1561,312,76,103
364,1560,309,77,105
365,1560,308,78,106
366,1560,305,79,108
367,1561,303,80,108
368,1563,301,80,109
369,1564,300,81,110
370,1565,299,81,110
371,1565,297,82,112
372,1566,297,82,112
373,1566,298,83,112
374,1567,298,83,112
375,1568,299,82,112
376,1569,299,82,112
377,1569,299,83,113
378,1569,300,83,112
379,1569,300,83,112
380,1569,300,83,112
381,1569,301,83,112
382,1570,301,82,112
383,1570,302,81,111
384,1570,302,81,111
385,1570,302,81,111
386,1569,303,82,110
387,1569,304,82,110
388,1569,304,81,110
389,1569,304,81,110
390,1569,305,81,110
