1.0
1.0
1.0
1.0
1.0
1.0
1.0
0.978021978021978
1.0
1.0
0.989247311827957
0.9850107066381156
1.0
0.9744174678181522
0.9848484848484849
1.0
1.0
0.9937799043062201
0.9747498808956646
0.9461574581311629
0.9846005774783445
0.9304677623261695
0.9698345767109958
0.9628789106824445
0.9893617021276596
1.0
0.9335613092330239
0.9540740740740741
0.9038461538461539
0.904572564612326
0.8687310669808146
0.8630952380952381
0.8200760707788987
0.8869880767236911
0.8609599208312716
0.8029620090148101
0.7894903450459007
0.7901659880989665
0.8003172085646313
0.8007530593034201
0.7785835519209998
0.8056864337936637
0.7914947635671216
0.794392523364486
0.7753023551877785
0.7717425931825422
0.7866335866025741
0.8111497205015863
0.7457337883959044
0.7729101475189987
0.7623456790123457
0.7641616851693709
0.7805145046524357
0.7433768287860815
0.7014868471216165
0.7264694583173261
0.7521679024758074
0.7829596412556054
0.7666997765085671
0.7859961807765754
0.7544910179640718
0.7058823529411765
0.7042077662629542
0.733325292485828
0.7448733413751508
0.7431238960383548
0.7156087922943937
0.7138851639644033
0.724193951512122
0.7188186477910666
0.7134063769543272
0.7066753078418665
0.725
0.691358024691358
0.7503949447077409
0.7400587136375767
0.7719977863862756
0.797181461571989
0.7559144354724465
0.7666618266298824
0.7788719785138765
0.8051023435182438
0.7546922741161065
0.792167334223409
0.8165462094417961
0.7945833949977801
0.7658450704225352
0.7683171150543789
0.7612363533248263
0.77151889639316
0.8187820983125459
0.8430493273542601
0.7998326126377459
0.7564102564102564
0.7821568362801997
0.794661733615222
0.8250612350135361
0.8023299987336964
0.8229952679370763
0.8102136017677388
0.7977983044413514
0.7917133258678611
0.7902210149401161
0.7804878048780488
0.7592247484159523
0.7793296089385475
0.7560975609756098
0.747080745341615
0.7493833251110015
0.7506278252134606
0.7463420787083754
0.7224199288256228
0.7435136181747773
0.7863064990639208
0.7819427650141072
0.7346718771055114
0.7763385146804835
0.768157220165195
0.7384445059507334
0.7882978723404256
0.7304027051952044
0.8293885601577909
0.7406827435014093
0.7914230019493177
0.7754098360655738
0.7290823757889626
0.7172995780590717
0.7428571428571429
0.7481781376518218
0.7291188994431707
0.7431069266980498
0.7792337037651352
0.7470186039115917
0.689060092449923
0.7078881206788183
0.6960754487374505
0.64
0.6560247167868177
0.6517166718218373
0.6497890295358649
0.5868692660550459
0.6099971759390003
0.587551652892562
0.5943238731218697
0.6025487853444843
0.555764579414136
0.5837237317628162
0.5434609250398724
0.5881839348079162
0.5506681514476615
0.5741839762611276
0.587467362924282
0.554954954954955
0.5902111324376199
0.528861657529829
0.590625
0.560477591278768
0.5403994961310059
0.5779233288383742
0.5293674698795181
0.5400710619818397
0.5555794452805848
0.5518754112744023
0.5395492708793637
0.5550426955919686
0.5715725806451613
0.5434782608695652
0.5202754399387911
0.5426478283621141
0.5452254270512461
0.5182326324194836
0.5251546946462201
0.5465940054495912
0.5187713310580204
0.5122507122507123
0.5070501974055274
0.564511452594955
0.5431530494821634
0.47493036211699163
0.47069431920649235
0.499691548426897
0.4536403235843186
0.4852986691426803
0.4613976197741837
0.5009146341463414
0.5145330859616574
0.55559265442404
0.5278884462151394
0.5468113975576662
0.5033557046979866
0.5193075898801598
0.5826028320971005
0.5693877551020409
0.5595854922279793
0.6164383561643836
0.4803996925441968
0.5911270983213429
0.5720338983050848
0.565306963329213
0.0
0.7038834951456311
0.5860165593376265
0.6593967517401392
0.6590909090909091
0.6099009900990099
0.564963503649635
0.6007462686567164
0.5934919864011656
0.6151236063984489
0.563508064516129
0.6064908722109533
0.5868498527968596
0.613933236574746
0.5736868944416115
0.5251141552511416
0.584349593495935
0.5885363357215967
0.5725725725725725
0.5412371134020618
0.5039123630672926
0.5202312138728323
0.5013927576601671
0.568486096807415
0.5663117134559535
0.57033125300048
0.5296477931341953
0.5572481572481572
0.601823708206687
0.5486284289276808
0.6149364406779662
0.558282208588957
0.611764705882353
0.6439024390243903
0.6515151515151515
0.6534653465346535
0.6210141139571353
0.7007963594994312
0.6655861696380335
0.6181061394380853
0.5652173913043478
0.5641025641025641
0.5134328358208955
0.5498721227621484
0.6333878887070377
0.6872146118721462
0.6517241379310345
0.6898395721925134
0.7131147540983607
0.7715311004784688
0.6696730552423901
0.6385404789053591
0.5973451327433629
0.6835016835016835
0.6447368421052632
0.6447368421052632
0.6835016835016835
0.7241379310344828
0.7280750137892995
0.71407110665999
0.7117070654976793
0.719112455874937
0.7631975867269984
0.6762295081967213
0.7344461305007587
0.7015130674002751
0.8040540540540541
0.7495219885277247
0.7796954314720812
0.7724137931034483
0.8408037094281299
0.7524841915085817
0.7648478995654273
0.8338338338338338
0.8272095332671301
0.7757100881488737
0.7918731417244796
0.7159533073929961
0.7932011331444759
0.8214116532449076
0.8243052284503062
0.9017160686427457
0.8853910477127398
0.7778785131459656
0.8268059181897301
0.8396880415944541
0.8387096774193549
0.794066317626527
0.8610021786492374
0.938700823421775
0.9516658845612389
0.9132176234979973
0.8687727825030377
0.8539325842696629
0.8608912952936276
0.8703157894736843
0.9023979806478755
0.896551724137931
0.8590308370044053
0.8867300537412154
0.8410543130990416
0.8044692737430168
0.8489863467107985
0.7910447761194029
0.8225806451612904
0.770761576731726
0.7968932038834952
0.8353380340107839
0.8634962571554381
0.8485504110774557
0.798326359832636
0.8424107142857142
0.835304822565969
0.8014440433212996
0.7685738684884714
0.8273703041144902
0.842756183745583
0.9116689911668991
0.8885364748527412
0.8057296329453895
0.8776448942042319
0.8366834170854272
0.8585814360770578
0.8597246127366609
0.8434408602150537
0.8167539267015707
0.8120082815734989
0.9230769230769231
0.9017485428809325
0.8801955990220048
0.8981818181818182
0.8764088612514574
0.817918026840769
0.8607773851590106
0.8895164136957289
0.8566838046272494
0.7982832618025751
0.7930610991710163
0.8812621990891347
0.8367609254498715
0.78438995215311
0.8690404345202173
0.8794749403341289
0.8942139099941555
0.935672514619883
0.9173620457604307
0.8817593790426909
0.8667642752562226
0.8615247832851745
0.8464730290456431
0.8873668188736682
0.8876474239602731
0.8498664631819917
0.8065371024734982
0.8291288261015809
0.8103015075376885
0.7898616125150422
0.7789870846031055
0.7486750348675035
0.7582851130983693
0.7073974609375
0.718176504967855
0.7649114631873253
0.7419024889191954
0.7453756565425896
0.7354426119151801
0.7467073037988462
0.7441468044716305
0.6834423754403623
0.7188898836168308
0.6965018565565761
0.6774843975036006
0.7293906810035843
0.7214890683474493
0.7170923379174853
0.7142716825459189
0.7443022790883647
0.7443022790883647
0.7346938775510204
0.7327147560610595
0.7327147560610595
0.7302671219120306
0.7367576243980738
0.7072831911093471
0.7072831911093471
0.7072831911093471
0.7072831911093471
0.720873786407767
0.7334963325183375
0.7334963325183375
0.7335481858821084
