1.0
0.9812059514487079
0.9378405566267081
0.9350454431751856
0.9068553949499191
0.9487888281425968
0.8953960405564
0.9207692307692308
0.8875404236764652
0.8921922355318228
0.82179615159547
0.805896103459294
0.8161403153038982
0.8190419869899468
0.8428300094966762
0.8318034691675658
0.8424958176668378
0.8867557552690264
0.9034267912772586
0.9127984702079772
0.9236420529913949
0.9252612334580098
0.9171009851814335
0.9250878196225799
0.9317038102084831
0.9320639359989593
0.921356251471627
0.9286646367986081
0.909697280656747
0.9014900662251656
0.9104929117978527
0.9093682302489058
0.9169302749863905
0.9078588044907454
0.9030843901675278
0.8978975556948322
0.8938040630018877
0.9093817995648279
0.9336644979778442
0.9287383177570093
0.9300508010941774
0.9309966191810906
0.9299971404060623
0.9188392368276966
0.9282650043732386
0.9369124161586424
0.9587522447998417
0.983600961470082
0.984586668175005
0.9762080644486878
0.9838595024043487
0.9762080644486878
0.9048954749933845
0.8817606332916468
0.8645510634420639
0.8543139475842675
0.8675533170693319
0.883028967254408
0.8883189677965205
0.8963012064165451
0.9077598040535084
0.9284036443128895
0.9292202319639346
0.9260927989882223
0.9254063567657107
0.920615244504035
0.9180554185977714
0.9141415978562681
0.9011290094005385
0.9075788592165256
0.9047751744432307
0.9049484070196581
0.8637732062217762
0.8541394683145241
0.8769947881561085
0.8668662227941588
0.8738785416268986
0.8519094829502512
0.8528044623489309
0.8487203045019032
0.8112095880753348
0.7721472607649785
0.7633264533621733
0.7371812136153639
0.7520355727354049
0.7484713629291943
0.7415555151535186
0.710091256470958
0.7080348473526661
0.6765535904926634
0.6725579731001704
0.7125210077525383
0.7214937469910119
0.7231335049650607
0.7472893835554116
0.7550318072791741
0.7669210064943082
0.7791813087662646
0.7963311668590172
0.7913639680084901
0.8076041441679963
0.7914257132677391
0.7744581828989452
0.7576205637643842
0.7320473242444975
0.7256535565873831
0.7257574336691986
0.7147525146331761
0.7173560318699069
0.7393095273373833
0.7669511500646782
0.7424169797228756
0.7360416468407122
0.7501445283006947
0.7562647011370295
0.7498108110202258
0.0
0.5764452165268202
0.576606408807904
0.4697528937619584
0.6297047135980357
0.7111508119169261
0.8450170612968566
0.8584152038181994
0.8682108807936472
0.8534666329808351
0.9136136685778499
0.9853089707097603
0.9707817337461301
0.9976259726917444
0.8562966878357055
0.8458582947852683
0.9203542964659105
0.9356505401596994
0.9293854790559697
0.9128998437221816
0.8952707911480229
0.9049641933980254
0.9825151899287494
0.9862289071472745
0.9414785265659481
0.9454856330772305
0.9721231838844817
0.9578740366728674
0.9386309355139052
0.9509428611938182
0.8739071303672042
0.9603113965349908
0.923812428066931
0.9405931023816888
0.9459020465880644
0.959248478433448
0.8919303707359669
0.8850835568392821
0.9076604554865424
0.8936908721061638
0.878069665244927
0.8601762241802686
0.782831670741999
0.7934553394042542
0.7589867389794636
0.7185759926973985
0.7110792710618727
0.7157274438575395
0.7387146277085508
0.7178307192382305
0.6884513598228195
0.7086999383857054
0.7163048903714345
0.7573465924315955
0.7652452948817566
0.7892836830604364
0.8767323033178811
0.8955430914902599
0.896764765727604
0.9093851734722351
0.8942456300094648
0.9106253606934834
0.900604536097153
0.8822711539020914
0.8868563872282983
0.8857769859203893
0.8881040086673889
0.878396680712013
0.8724976244114413
0.8738223774743304
0.8518520441271902
0.8291435853691124
0.8382778282786546
0.8660317394374974
0.8564124637802881
0.8631491020464986
0.8889102885096876
0.9031239814036472
0.9311871444040946
0.9555039816836297
0.9564855035862209
0.9496849407336065
0.8854427274214164
0.8770022468652605
0.8814028918730485
0.8622573824626423
0.8720915690489944
0.8842269490031679
0.8786957326945021
0.8666246858797427
0.8646021835264791
0.8535148135361137
0.8290780961182994
0.8551880949750235
0.8658517898607951
0.9056456728590847
0.902133705837565
0.8795945579194544
0.8842802270251677
0.8822046580970427
0.9005031101887101
0.8671078267890682
0.8818086402625134
0.8729784345881934
0.8615242793432494
0.8493507811558443
0.8565054618185548
0.8797842079450711
0.8842611847186739
0.9348262991673845
0.9326498530517394
0.9318226992645597
0.939297124600639
0.9215384507761509
0.9159402766842875
0.8941184688460464
0.8632349482177349
0.8045789043336059
0.6590242506617069
0.5378114873170187
0.3681779546547714
0.2954487318234588
0.17471879087341957
0.16737503084811758
0.14983556237667178
0.12914198248249667
0.1342808433651103
0.12705231711231266
0.12634008216442705
0.0
0.0
0.0
0.0
0.0
0.0
0.0
0.0
0.0
0.0
0.0
0.0
0.0
0.0
0.0
0.0
0.06679253013248883
0.09494691169800598
0.03350622406639004
0.03296681247241061
0.06155618360056338
0.07520973091784316
0.02973511329030281
0.0605912893123698
0.1344949606344518
0.14435192366792032
0.1323905003372799
0.09962894763627615
0.08311105639678827
0.1249693725615847
0.10947772354053215
0.07691584214288401
0.06670526925303995
0.02384099009050702
0.002478794686083892
0.05418559036700616
0.022394352999968767
0.016576167594217085
0.007672769047543765
0.0010349988853858157
0.008820095983397466
0.0
0.0
0.0
0.0
0.0
0.0
0.0
0.0
0.0
0.0
0.0
0.0
0.0
0.0
0.0
0.0
0.0
0.0
0.0
0.0
0.0
0.0
0.0
0.0
0.0
0.0
0.0
0.0
0.0
0.0
0.0
0.0
0.0
0.0
0.0
0.0
0.0
0.0
0.0
0.0
0.0
0.0
0.0
0.0
0.0
0.0
0.0
0.0
0.0
0.0
0.0
0.0
0.0
0.0
0.0
0.0
0.0
0.0
0.0
0.0
0.0
0.0
0.0
0.0
0.0
0.0
0.0
0.0
0.0
0.0
0.0
0.0
0.0
