1.0
0.9406363617689953
0.9566396777773211
0.9728010573924537
0.9505263786344007
0.9415527999368138
0.933255959968797
0.9232503522780648
0.904688508136784
0.9196091019330908
0.8549427115947671
0.8240131850020601
0.8261097632942103
0.8282261898906432
0.8480565371024735
0.8610898053103122
0.8720362167795727
0.9162182682467896
0.942532973570866
0.9491590726346824
0.9480156137441156
0.9482103314935387
0.9560834317707406
0.9483679619855533
0.9437929447609376
0.9332624302047328
0.9521393202618387
0.9795568064082144
0.9779622641509434
0.9625336369281722
0.9552635833223109
0.9657591792815766
0.9672719781028343
0.9531715317440906
0.9248535423778818
0.9376242336011646
0.9249224405377456
0.9324141734454708
0.9451078013585925
0.9595609556005036
0.9490421724791243
0.9464431781946235
0.9495500484563201
0.9599209941568595
0.9646516875058757
0.9422107236199477
0.9191696807674162
0.9255214804158766
0.9221589368049905
0.9209724117699578
0.9131890712600522
0.9227417053386638
0.9146327718990671
0.9602242391884677
0.9339598743540379
0.9352583934914632
0.934010152284264
0.9381438061246523
0.9229191874164172
0.9211424785976355
0.9473945994057514
0.9273875295974744
0.9387950065194097
0.9390985671748149
0.9265907003301804
0.9445285853250095
0.9178554911238394
0.9245858761987794
0.9103094546076252
0.898307880067289
0.925217765351113
0.8979475018398888
0.8732741570242406
0.9294363256784969
0.9322072837883787
0.9729752157556981
0.9633519888950779
0.968775228521576
0.9581854718029843
0.9657561993087458
0.940237549489477
0.919395325486696
0.9182782425821789
0.0
0.7894314092978
0.7758237266946351
0.0
0.0
0.0
0.0
0.0
0.5713937222313312
0.0
0.5874338923998719
0.6077845936702676
0.6193448821327984
0.614937918003779
0.0
0.0
0.0
0.0
0.0
0.0
0.0
0.0
0.0
0.0
0.0
0.0
0.0
0.0
0.0
0.0
0.5223996279646567
0.46966805663533345
0.0
0.0
0.0
0.0
0.0
0.0
0.0
0.0
0.0
0.0
0.0
0.8215871254162043
0.0
0.0
0.0
0.611439842209073
0.719991874723002
0.6879629212977546
0.7129852238039925
0.6734565966781573
0.6730968781191632
0.7221290904942815
0.7881635447134233
0.8055467006694293
0.8502143089192333
0.7991152050095639
0.8536122274611563
0.9009126188750053
0.8727627057797835
0.9794243990515779
0.8579412002915688
0.864477263489218
0.9354083500915449
0.8922870245981378
0.923108490271471
0.9401707126632595
0.9170908807755574
0.8648351043329846
0.870901885432929
0.9258612863336829
0.910821505507769
0.8978633126231247
0.7773224843411579
0.7327521924759636
0.7645813634283971
0.7641073080481036
0.7384084812875208
0.7378828068483241
0.7236455343942951
0.7344497607655502
0.7083546495612136
0.6354632864608899
0.6706633146393347
0.6917562320634743
0.7315715081166745
0.7517773245144311
0.7720739451739023
0.8361047495768197
0.8224883205510468
0.7984441189902521
0.8267079732594163
0.8480342300003507
0.890557891405579
0.8963186979352816
0.9131625864243162
0.9379860356217075
0.8850068062487846
0.8936587228995587
0.8848021200530013
0.8847539015606243
0.8845744098290471
0.8719661611718335
0.8607147122044423
0.884421073818749
0.8447504406646881
0.8638876117496808
0.8847825048942367
0.8828577955205534
0.9033103471799798
0.9124628471265513
0.9155205929909344
0.9154277358030709
0.9160881729025118
0.8553345388788427
0.8371797436772546
0.8227242571318831
0.8374153264826506
0.8337806571031929
0.7924319915722223
0.7598422602047542
0.7590876570414675
0.7880626098252654
0.7784427148678206
0.7743962516147396
0.8070775876391427
0.812832177281326
0.8567291933307466
0.8737067510794047
0.8491412958626073
0.828596920962504
0.7965294002052447
0.8146126790097914
0.7926694697051151
0.8164463505174047
0.8149275178563882
0.8110528682390189
0.8117067143885213
0.813977659867961
0.830690326003655
0.8202292352773384
0.8249089858984925
0.8022690437601296
0.7957547140074264
0.7880863991327312
0.7543590750463933
0.7365719523373052
0.7172244918513669
0.7260790953022782
0.7452371675245576
0.58570581257414
0.5106560231625957
0.3936993661878944
0.3431506422031067
0.31776617983759725
0.26521716501418274
0.18404858408628794
0.15817247604499374
0.19009974141115626
0.17674738107504723
0.16273308948317117
0.08725766930564761
0.0
0.008044733996254582
0.0
0.0
0.00508001016002032
0.009253674253012226
0.02684422022115977
0.03439088172891893
0.06845205022780308
0.08375170580148751
0.07676516923664486
0.0916007114059856
0.08623698566763009
0.1012201499877649
0.10222792840419907
0.07650961784568132
0.060434644437382355
0.023157138418517943
0.002671236328814072
0.0
0.0
0.0
0.0
0.0
0.0
0.0
0.0
0.0
0.0
0.0
0.0
0.0
0.0
0.0
0.0
0.0
0.0
0.0
0.0
0.0
0.0
0.0
0.0
0.0
0.0
0.0
0.0
0.0
0.0
0.0
0.0
0.0
0.0
0.0
0.0
0.0
0.0
0.0
0.0
0.0
0.0
0.0
0.0
0.0
0.0
0.0
0.0
0.0
0.0
0.0
0.0
0.0
0.0
0.0
0.0
0.0
0.0
0.0
0.0
0.0
0.0
0.0
0.0
0.0
0.0
0.0
0.0
0.0
0.0
0.0
0.0
0.0
0.0
0.0
0.0
0.0
0.0
