1,1602,373,255,180
2,1605,369,253,192
3,1605,370,253,189
4,1602,371,256,188
5,1601,372,261,188
6,1601,371,265,188
7,1604,371,270,187
8,1604,372,277,185
9,1604,373,285,183
10,1600,375,292,183
11,1587,377,291,183
12,1587,378,288,182
13,1591,379,292,182
14,1583,378,291,183
15,1592,379,299,183
16,1587,378,304,183
17,1583,378,305,185
18,1580,376,304,187
19,1579,373,303,187
20,1580,371,302,189
21,1579,369,300,190
22,1575,367,301,192
23,1574,362,302,196
24,1572,359,304,199
25,1568,358,304,200
26,1565,355,305,203
27,1561,353,308,205
28,1557,354,308,205
29,1553,349,309,208
30,1551,349,309,209
31,1549,350,310,210
32,1543,349,311,209
33,1537,349,312,209
34,1531,347,313,211
35,1526,346,311,213
36,1523,344,312,217
37,1519,344,311,219
38,1514,346,318,218
39,1510,343,319,218
40,1507,343,319,218
41,1505,340,320,219
42,1499,339,323,221
43,1496,339,324,220
44,1492,337,327,220
45,1487,336,333,222
46,1486,336,336,222
47,1481,336,339,223
48,1478,334,341,224
49,1475,333,342,228
50,1473,332,342,229
51,1474,332,340,231
52,1472,336,336,230
53,1472,338,338,232
54,1469,339,333,231
55,1467,339,330,232
56,1466,337,323,235
57,1459,334,320,237
58,1454,332,316,240
59,1452,331,310,242
60,1449,331,308,243
61,1447,330,307,243
62,1446,330,304,246
63,1443,326,302,248
64,1440,323,299,254
65,1436,317,300,258
66,1432,314,301,261
67,1431,309,303,265
68,1424,308,305,265
69,1420,305,309,269
70,1417,300,315,275
71,1409,296,319,279
72,1407,289,320,288
73,1405,287,320,302
74,1393,289,317,316
75,1389,285,319,327
76,1380,286,314,339
77,1377,278,313,356
78,1379,279,309,368
79,1378,267,307,376
80,1379,258,297,381
81,1378,246,292,387
82,1377,233,286,401
83,1375,222,288,416
84,nan,nan,nan,nan
85,1369,209,275,437
86,1362,199,279,462
87,nan,nan,nan,nan
88,nan,nan,nan,nan
89,nan,nan,nan,nan
90,nan,nan,nan,nan
91,nan,nan,nan,nan
92,1335,200,290,490
93,nan,nan,nan,nan
94,1326,195,301,500
95,1325,189,310,512
96,1322,185,315,520
97,1321,180,320,529
98,nan,nan,nan,nan
99,nan,nan,nan,nan
100,nan,nan,nan,nan
101,nan,nan,nan,nan
102,nan,nan,nan,nan
103,nan,nan,nan,nan
104,nan,nan,nan,nan
105,nan,nan,nan,nan
106,nan,nan,nan,nan
107,nan,nan,nan,nan
108,nan,nan,nan,nan
109,nan,nan,nan,nan
110,nan,nan,nan,nan
111,nan,nan,nan,nan
112,nan,nan,nan,nan
113,nan,nan,nan,nan
114,1215,236,336,449
115,1191,239,355,452
116,nan,nan,nan,nan
117,nan,nan,nan,nan
118,nan,nan,nan,nan
119,nan,nan,nan,nan
120,nan,nan,nan,nan
121,nan,nan,nan,nan
122,nan,nan,nan,nan
123,nan,nan,nan,nan
124,nan,nan,nan,nan
125,nan,nan,nan,nan
126,nan,nan,nan,nan
127,1228,182,422,310
128,nan,nan,nan,nan
129,nan,nan,nan,nan
130,nan,nan,nan,nan
131,1160,238,220,323
132,1153,253,253,342
133,1128,253,248,338
134,1109,224,248,344
135,1086,243,237,340
136,1064,302,244,309
137,1055,319,279,302
138,1037,332,297,288
139,1014,337,285,281
140,1002,337,304,287
141,970,339,277,271
142,962,322,324,276
143,945,327,334,269
144,929,357,334,265
145,928,362,361,278
146,899,377,320,263
147,882,354,323,272
148,874,357,344,279
149,878,372,368,283
150,887,382,391,287
151,888,380,395,287
152,846,399,360,264
153,840,390,373,275
154,834,387,391,282
155,865,378,425,299
156,854,365,420,299
157,829,360,394,294
158,828,346,391,316
159,823,338,397,333
160,848,323,421,351
161,831,317,419,348
162,834,316,422,354
163,827,306,424,355
164,830,291,425,367
165,857,283,427,382
166,850,267,419,382
167,812,251,392,373
168,791,246,407,370
169,773,255,420,368
170,771,251,447,376
171,766,245,457,375
172,732,232,453,350
173,727,224,485,352
174,722,222,495,361
175,731,220,501,371
176,724,219,501,358
177,682,241,467,324
178,678,230,493,338
179,677,230,510,347
180,674,210,525,349
181,672,203,531,355
182,673,204,532,363
183,673,203,533,360
184,675,195,532,362
185,680,190,535,363
186,706,180,540,359
187,731,178,532,353
188,732,182,532,348
189,730,178,532,349
190,745,183,522,342
191,747,181,519,344
192,752,183,512,342
193,762,185,500,341
194,768,185,494,337
195,776,187,490,333
196,782,190,482,330
197,783,194,479,328
198,785,195,475,325
199,788,195,472,330
200,792,196,467,332
201,799,196,458,342
202,796,189,462,349
203,800,193,463,344
204,816,200,446,357
205,821,194,441,370
206,864,197,431,344
207,851,198,451,341
208,846,193,453,358
209,842,191,456,364
210,837,190,456,364
211,836,190,453,363
212,832,190,457,357
213,828,184,461,352
214,830,181,459,350
215,839,181,450,359
216,854,177,432,372
217,852,175,430,373
218,848,174,430,366
219,852,184,430,356
220,851,187,433,347
221,849,191,435,341
222,852,196,436,331
223,854,200,436,327
224,859,204,435,322
225,860,203,439,322
226,858,202,439,323
227,861,198,429,336
228,857,196,424,343
229,860,199,420,340
230,864,198,414,343
231,866,200,405,345
232,870,198,396,348
233,870,199,392,344
234,868,202,394,336
235,883,192,383,346
236,889,189,373,351
237,898,200,363,360
238,878,179,391,365
239,895,198,399,352
240,878,168,441,347
241,886,229,434,343
242,816,184,481,360
243,774,203,476,342
244,777,190,489,358
245,771,167,518,367
246,796,214,529,360
247,751,214,572,344
248,718,243,566,309
249,737,267,567,339
250,712,211,602,359
251,712,169,628,387
252,718,163,631,393
253,723,158,619,396
254,744,152,604,398
255,800,194,554,388
256,828,234,518,384
257,856,245,514,364
258,845,276,501,378
259,844,302,502,363
260,824,311,489,365
261,838,375,474,310
262,788,399,457,290
263,911,362,452,325
264,787,298,484,401
265,757,236,463,401
266,720,260,384,347
267,677,290,265,277
268,670,290,320,291
269,663,270,378,303
270,665,269,424,329
271,651,310,369,331
272,640,288,387,352
273,645,294,415,366
274,638,290,416,372
275,647,281,433,381
276,641,302,429,373
277,636,314,425,367
278,651,326,439,365
279,661,330,445,362
280,689,342,439,358
281,715,366,430,346
282,734,381,415,345
283,748,319,409,363
284,749,313,410,366
285,758,306,409,364
286,781,319,405,351
287,794,328,404,344
288,812,331,400,341
289,812,335,404,341
290,897,354,360,310
291,906,367,361,308
292,970,375,322,287
293,956,387,347,296
294,917,372,379,317
295,931,383,377,314
296,958,354,363,310
297,954,366,371,316
298,923,389,391,332
299,907,416,393,339
300,934,410,383,333
301,976,408,368,316
302,958,416,380,322
303,922,442,391,330
304,974,414,366,330
305,963,431,377,329
306,955,440,383,329
307,1012,440,354,314
308,1049,445,336,303
309,1063,427,328,302
310,1090,444,317,281
311,1100,462,318,273
312,1086,488,335,271
313,1114,493,322,267
314,1138,506,319,252
315,1123,494,331,262
316,1124,508,340,258
317,1127,512,345,258
318,1121,526,359,257
319,1075,547,396,262
320,1061,552,404,264
321,1108,543,379,257
322,1133,559,374,249
323,1183,546,343,248
324,1173,549,356,252
325,1218,513,318,250
326,1242,519,311,242
327,1263,510,299,236
328,1274,516,299,233
329,1300,505,282,228
330,1307,502,283,228
331,1335,508,271,218
332,1356,513,262,209
333,1377,517,253,202
334,1408,519,236,190
335,1412,524,244,188
336,1421,523,240,186
337,1430,527,235,180
338,1451,526,223,172
339,1460,525,219,167
340,1471,534,217,163
341,1488,526,206,156
342,1518,524,197,146
343,1487,522,224,155
344,1493,521,224,154
345,1503,522,221,152
346,1504,521,223,150
347,1514,521,220,148
348,1522,522,219,144
349,1539,521,212,139
350,1551,520,208,136
351,1577,519,196,129
352,1595,516,193,127
353,1612,512,191,126
354,1608,509,199,129
355,1615,514,199,129
356,1629,510,193,126
357,1652,511,184,122
358,1647,506,187,123
359,1637,508,195,127
