1.0
0.9038105318867425
0.8836307214895268
0.8938866012036744
0.8485639686684073
0.8771364076104482
1.0
0.917319408181027
0.8694232861806311
0.8497739962775858
0.8686422567317281
0.903713298791019
0.9029126213592233
0.8773584905660378
0.8450887061877975
0.8661370991468079
0.8142309331060928
0.8038071418646658
0.8139468419548442
0.8662135022400742
0.8446026097271648
0.826945412311266
0.902027027027027
0.9047619047619048
0.8354143019296254
0.9159752602202443
0.835261385268707
0.905346712595477
0.8832032379300376
0.9091441969519344
0.8988698927847001
0.8617771509167842
0.8749820993842188
0.9162605228178998
0.8476296399277075
0.8532045899804086
0.8801289566236812
0.8509290540540541
0.8421052631578947
0.8598581988233519
0.8683602771362586
0.8370629370629371
0.8701754385964913
0.8196579968386263
0.8606139967990688
0.9131346413059758
0.816268230341302
0.8793518369966309
0.9632290063280314
0.9534883720930233
0.89307732957548
0.9767441860465116
0.8948374760994264
0.8418059011731248
0.8818040435458787
0.8634243837441705
0.8633238302867684
0.9187279151943463
0.9476963436628956
0.9058324162867474
0.8534383719021829
0.8650806854100815
0.8662838392124692
0.845662246365234
0.9168036829990135
0.8491897962457885
0.8994760969220694
0.9172718661193558
0.9032258064516129
0.949977467327625
0.9088913282107574
0.9548022598870056
0.883495145631068
0.8870341056267089
0.8695094124358242
0.8198198198198198
0.808695652173913
0.8134449581406973
0.7564819522114896
0.8235447323870295
0.8043506748787839
0.8213963092011872
0.7953705983747845
0.8219086916012246
0.9013452914798207
0.8878504672897196
0.9223300970873787
0.9742075823492853
0.9597175413256299
0.9817062745768508
0.9201623815967523
0.9018264840182648
0.9495183044315992
0.8781754125718524
0.9341281066882199
0.9730583035150495
0.9697235629662132
0.9841420118343195
0.9537922987164528
0.9535275704310138
0.9655836341756919
0.9341544291804832
0.9492178098676294
0.9315068493150684
0.9630753667172484
0.9298856290402785
0.9315068493150684
0.9154228855721394
0.8994413407821229
0.9204627621113521
0.9164861612515042
0.9472543352601156
0.9805211231975715
0.9032258064516129
0.9472543352601156
0.9330765527202696
0.8428602957404546
0.8990030342436064
0.9430582213691618
0.918918918918919
0.9
0.964697658161482
0.930379746835443
0.9609029936201537
0.9264549460568303
0.9235181644359465
0.8782350445481545
0.8040993299172251
0.7940114957893329
0.7918581746552856
0.7939508506616257
0.7714943705220061
0.7649372066472155
0.7689320388349514
0.8303249097472925
0.7830151928320997
0.7940114957893329
0.8009708737864077
0.7738405419489317
0.815262146582487
0.8205953338696702
0.7859189521080638
0.8081226688769167
0.7821011673151751
0.7818765036086608
0.8083109919571045
0.7723791919725377
0.7611241217798594
0.7959183673469388
0.7816675574559059
0.8232479594708697
0.8106984478935698
0.7959183673469388
0.8260378424173962
0.7654062540887087
0.8159243200630666
0.8381564844587353
0.7978255242039866
0.7800228745711018
0.7620481927710844
0.7641308434640932
0.8205192840937736
0.7917590298604772
0.8198757763975155
0.8942307692307693
0.9623860811930406
0.8848063555114201
0.9284876905041032
0.9023340506538653
0.8389602155650657
0.8363579474342928
0.8346545866364666
0.8994515539305301
0.9250949257852952
0.8474689909487093
0.8509874326750448
0.8485840563103617
0.8668083020101324
0.9020063007793069
0.9209249676584734
0.8982969918828585
0.8574656981436642
0.8995581237253569
0.9122924702331041
0.9111111111111111
0.8701298701298701
0.8491761723700887
0.870548604427334
0.8998028909329829
0.8464516129032258
0.9085032322227747
0.8971475142624287
0.9055174900829427
0.9139002307828865
0.8890513617254615
0.9020599927719551
0.8945508647944951
0.8544257498171178
0.8666291502532358
0.8705114254624592
0.8611552729199788
0.7947900053163212
0.9329170383586084
0.9003299183886091
0.972615328064694
0.8663561447509853
0.8537005163511188
0.9715417867435159
0.8298985933922146
0.8366935483870968
0.9851179673321234
0.9324866310160428
0.8680588514475558
0.8353293413173652
0.8448036951501154
0.7556424917243455
0.7613111726685133
0.7745129351644842
0.7815017724782468
0.832760989010989
0.8251105818305546
0.8175994605529332
0.8246374395732622
0.7958647850344601
0.782005804579168
0.8410900725535303
0.9154397885994715
0.8954302181967888
0.8907125700560449
0.8438125750901081
0.8224469160768453
0.8879736408566722
0.8550465992464803
0.8431009664815957
0.8553615960099751
0.8386308068459658
0.8450031165593185
0.8169934640522876
0.8272058823529411
0.813953488372093
0.8366591236371117
0.8242990654205608
0.8001606748343041
0.9059089973234506
0.875
0.7649186256781193
0.7327603437937238
0.7986383329894781
0.7949685534591195
0.7668264221712857
0.7513788714467543
0.7889457523029683
0.7191201353637902
0.6777454171663526
0.6156078684295389
0.6876886950687688
0.6762468300929839
0.6722843317203404
0.7504036164029706
0.871099493546806
0.9502048534509927
0.9925397340253
0.9996720773897361
0.7995749550433219
0.765686274509804
0.7917598211434047
0.8165374677002584
0.8740425531914894
0.91974479516454
0.9182978723404255
0.9305307579938322
0.8670896372214089
0.8374628344895937
0.878581835842642
0.837465564738292
0.8809716599190284
0.831309697264044
0.845566257057456
0.8892845581094205
0.8458792991563919
0.7905036894449792
0.8190930787589499
0.8315789473684211
0.8113266097750194
0.844488188976378
0.8780241935483871
0.8300589390962672
0.9155585106382979
0.8084577114427861
0.9490499411467967
0.8521767919218672
0.8301125861199798
0.8539741219963032
0.8652100840336134
0.8279024070738497
0.8411764705882353
0.9222222222222223
0.8496551724137931
0.869265263884098
0.8915743538100034
0.8495575221238938
0.9342309684101502
0.8254211332312404
0.8973063973063973
0.8779233703765135
0.8822328114363512
0.8423326133909287
0.8983364140480592
0.8998381877022654
0.926498368538554
0.7745066321578777
0.8321350944658084
0.882409793814433
0.8550007975753708
0.8356142834670442
0.8421052631578947
0.8465991316931982
0.8278252458487828
0.8675754625121713
0.8666666666666667
0.9305167597765364
0.9310014374700527
0.8658172093754916
0.9797979797979798
0.8738738738738738
0.8527111228953997
0.7996597749280293
0.8109820485744457
0.8434782608695652
0.8441558441558441
0.8142493638676844
0.8409334763948498
0.8604118993135011
0.8449154816206064
0.8453961456102784
0.8621456364647027
0.9319325244155076
0.9191111111111111
0.8675200952664484
0.9227598839871776
0.8888712745719721
0.9484272712757464
0.9445754716981132
0.9615243679003298
0.8919174711338255
0.96
0.930601454064772
0.9264705882352942
0.918232853307298
0.8711192277589356
0.8721338009171837
0.8742874287428742
0.8816793893129771
0.8439252336448598
0.7637686179425008
0.9853044086773968
0.7226654152979821
0.7711612079965972
0.762252346193952
0.8155339805825242
0.8321678321678322
0.8335809806835067
0.8039314516129032
0.7671957671957672
0.8533333333333334
0.7901234567901234
0.8381665107577175
0.8341091044498231
0.8532981530343008
0.8124267291910903
0.8159172802757324
0.9621451104100947
0.8552631578947368
0.8736
0.8641975308641975
0.8172429277054333
0.9213634829564631
0.9280254777070064
0.9377312952534191
0.9185185185185185
0.9202136013821266
0.8958715596330276
0.9394035532994924
0.9444532112987218
0.9017628446587314
0.929492157167262
0.9848661233993015
0.9345721424109932
0.9219512195121952
0.8983616504854369
0.9298524043802571
0.9343799058084772
0.984147114774889
0.9590607137339718
0.9793342798548667
0.9595502108386694
0.9996779388083736
0.979179810725552
0.9689234184239733
1.0
0.9559748427672956
0.9895313254952488
0.9846153846153847
0.9645933014354067
0.9458618543870566
0.9446135118685332
0.974400518470512
0.9545454545454546
0.9842164599774521
0.9645742697327533
0.9398806792106471
1.0
0.9842164599774521
0.9792795664647752
0.9644670050761421
1.0
0.9200203769740194
0.9052631578947369
0.8265004919645785
0.8288652221814176
0.817605506248868
0.8800162965980851
0.847528043207312
0.832102081934184
0.8693552282057474
0.8591153157760164
0.819672131147541
0.7884550084889643
0.7382962394474291
0.0
0.0
0.0
0.0
0.0
0.0
0.0
0.0
0.0
0.0
0.0
0.0
0.0
0.0
0.0
0.0
0.0
0.0
0.0
0.0
0.0
0.0
0.0
0.0
0.0
0.0
0.0
0.0
0.0
0.0
0.0
0.0
0.0
0.0
0.0
0.0
0.0
0.0
0.0
0.0
0.0
0.0
0.0
0.0
0.0
0.0
0.0
0.0
0.0
0.0
0.0
0.0
0.0
0.0
0.0
0.0
0.0
0.0
0.0
0.0
0.0
0.0
0.0
0.0
0.0
0.0
0.0
0.0
0.0
0.0
0.0
0.0
0.0
0.0
0.0
0.0
0.0
0.0
0.0
0.0
0.0
0.0
0.0
0.0
0.0
0.0
0.0
0.0
0.0
0.0
0.0
0.0
0.0
0.0
0.0
0.0
0.0
0.0
0.0
0.0
0.0
0.0
0.0
0.0
0.0
