1,1616,342,71,97
2,1618,342,75,103
3,1624,346,66,84
4,1627,347,69,83
5,1628,347,68,86
6,1635,347,69,82
7,1637,347,69,91
8,1640,348,68,99
9,1646,347,70,106
10,1646,349,69,110
11,1650,351,69,104
12,1652,353,69,103
13,1655,354,68,104
14,1657,354,68,107
15,1658,355,66,106
16,1661,356,65,106
17,1662,356,66,109
18,1661,357,70,105
19,1665,356,66,107
20,1665,358,62,104
21,1668,357,64,105
22,1663,359,66,104
23,1666,359,66,101
24,1667,358,65,106
25,1665,359,63,110
26,1665,361,65,103
27,1665,361,61,107
28,1664,361,67,102
29,1663,361,65,106
30,1665,359,65,106
31,1662,361,67,104
32,1662,359,66,107
33,1663,360,65,107
34,1662,358,66,105
35,1660,357,66,110
36,1658,357,67,109
37,1658,357,65,106
38,1655,356,67,107
39,1653,355,64,110
40,1653,355,59,107
41,1647,355,65,109
42,1646,354,63,113
43,1642,354,66,106
44,1639,353,63,110
45,1637,353,64,107
46,1634,353,67,102
47,1635,353,60,106
48,1631,352,62,96
49,1629,353,64,91
50,1626,354,65,81
51,1622,353,65,77
52,1622,352,66,83
53,1621,352,67,77
54,1623,354,66,73
55,1619,352,66,81
56,1621,350,68,83
57,1621,351,66,78
58,1619,350,64,85
59,1618,349,68,87
60,1620,349,70,88
61,1618,349,65,82
62,1620,349,64,82
63,1618,349,66,82
64,1620,349,69,81
65,1619,348,67,85
66,1620,348,69,80
67,1624,349,66,81
68,1624,348,69,83
69,1626,347,69,85
70,1629,346,67,99
71,1634,347,62,98
72,1634,348,64,95
73,1635,346,67,104
74,1636,347,69,103
75,1639,347,67,107
76,1641,347,66,112
77,1641,346,67,116
78,1643,345,69,117
79,1644,346,66,116
80,1647,345,67,117
81,1648,346,65,117
82,1650,346,66,117
83,1647,345,70,117
84,1652,347,64,114
85,1653,347,66,114
86,1656,347,65,108
87,1656,348,65,104
88,1655,349,68,97
89,1658,350,67,93
90,1658,350,65,91
91,1661,349,66,88
92,1660,349,65,85
93,1658,350,65,82
94,1659,350,70,79
95,1661,350,66,76
96,1661,351,66,73
97,1660,351,67,70
98,1661,353,65,63
99,1661,352,66,64
100,1661,353,65,61
101,1660,352,67,61
102,1660,352,67,62
103,1660,352,67,61
104,1660,352,67,60
105,1660,352,67,58
106,1660,353,67,58
107,1660,352,67,60
108,1660,352,69,61
109,1660,352,68,63
110,1661,351,66,62
111,1660,352,67,61
112,1659,351,69,61
113,1661,351,67,59
114,1661,352,68,61
115,1659,351,69,61
116,1661,351,67,62
117,1661,352,66,65
118,1661,351,67,66
119,1662,352,66,68
120,1661,351,67,73
121,1662,350,65,80
122,1660,349,68,84
123,1660,349,71,90
124,1662,350,65,91
125,1659,350,66,98
126,1660,349,68,101
127,1660,349,68,105
128,1658,349,69,110
129,1662,349,65,112
130,1659,349,67,112
131,1660,348,71,114
132,1659,348,67,115
133,1659,348,67,116
134,1659,349,66,114
135,1660,349,68,111
136,1662,348,66,115
137,1661,349,65,112
138,1661,349,65,111
139,1662,349,65,115
140,1660,350,65,109
141,1660,350,67,111
142,1661,350,65,111
143,1662,349,65,111
144,1661,349,69,114
145,1661,350,66,113
146,1663,349,68,112
147,1660,350,69,112
148,1662,350,70,112
149,1661,351,67,112
150,1661,349,67,114
151,1664,350,66,110
152,1662,352,67,110
153,1661,350,67,112
154,1662,350,67,108
155,1659,351,69,113
156,1658,352,69,109
157,1658,352,67,109
158,1657,352,66,109
159,1654,351,65,115
160,1652,347,65,118
161,1646,348,68,117
162,1644,349,69,116
163,1643,348,65,112
164,1640,348,65,116
165,1636,351,66,104
166,1635,351,65,87
167,1631,352,65,80
168,1627,350,65,83
169,1624,352,68,78
170,1620,351,68,78
171,1619,351,68,80
172,1620,351,66,76
173,1619,351,65,81
174,1615,350,66,80
175,1612,351,66,78
176,1614,350,65,80
177,1609,349,65,82
178,1610,350,70,78
179,1610,349,68,81
180,1609,348,68,87
181,1608,349,71,84
182,1608,349,66,84
183,1612,350,66,79
184,1610,350,68,80
185,1610,349,67,83
186,1614,349,68,78
187,1612,348,70,80
188,1612,348,69,81
189,1615,349,67,82
190,1616,349,69,81
191,1618,347,65,87
192,1621,348,68,85
193,1620,349,65,80
194,1621,349,69,79
195,1620,349,65,77
196,1624,350,66,79
197,1623,350,65,75
198,1625,351,65,75
199,1627,352,66,71
200,1626,351,65,74
201,1626,351,68,74
202,1625,352,68,68
203,1630,350,65,82
204,1632,349,64,85
205,1630,350,63,83
206,1630,351,64,77
207,1632,350,66,80
208,1632,349,62,88
209,1630,349,64,90
210,1632,350,64,86
211,1636,350,58,95
212,1636,350,59,104
213,1636,349,58,110
214,1634,348,61,112
215,1636,348,58,113
216,1635,349,59,112
217,1636,348,59,111
218,1638,348,56,111
219,1638,348,56,110
220,1640,348,54,107
221,1640,349,54,108
222,1640,349,54,109
223,1640,348,55,110
224,1640,347,54,112
225,1640,347,54,114
226,1642,347,51,108
227,1642,347,52,101
228,1645,348,49,88
229,1644,347,50,91
230,1644,347,49,88
231,1644,348,49,84
232,1647,348,48,89
233,1644,346,49,91
234,1646,348,49,83
235,1645,349,48,84
236,1647,347,48,86
237,1645,349,48,83
238,1647,349,50,80
239,1644,349,50,81
240,1646,349,48,80
241,1645,348,48,84
242,1646,349,48,81
243,1643,349,49,83
244,1645,348,49,89
245,1644,349,51,84
246,1643,349,48,81
247,1642,351,49,77
248,1644,351,49,78
249,1645,350,47,78
250,1642,350,49,79
251,1643,351,48,76
252,1641,349,51,81
253,1636,348,54,84
254,1630,348,61,85
255,1625,348,66,82
256,1623,348,66,82
257,1624,347,65,81
258,1622,348,68,79
259,1623,347,69,83
260,1622,348,68,85
261,1623,347,68,90
262,1621,347,67,90
263,1623,348,66,90
264,1622,350,66,72
265,1621,350,65,70
266,1619,350,68,73
267,1619,350,64,78
268,1619,350,65,78
269,1618,350,67,82
270,1619,350,65,82
271,1616,348,66,91
272,1616,349,69,81
273,1616,349,68,77
274,1617,350,68,80
275,1614,351,69,75
276,1615,350,69,79
277,1614,351,66,78
278,1615,350,66,75
279,1615,351,68,81
280,1613,349,66,79
281,1610,352,64,76
282,1612,350,65,79
283,1610,350,67,80
284,1609,350,64,84
285,1611,350,66,79
286,1610,351,66,78
287,1607,351,66,78
288,1609,350,67,82
289,1608,351,65,75
290,1607,350,67,84
291,1605,351,67,78
292,1609,350,64,77
293,1608,350,65,78
294,1607,350,65,79
295,1605,350,65,80
296,1607,350,64,78
297,1606,350,67,84
298,1606,352,63,76
299,1606,351,62,79
300,1608,351,65,82
301,1604,351,64,77
302,1606,351,65,81
303,1604,352,63,76
304,1607,350,65,82
305,1604,351,69,78
306,1604,351,64,80
307,1607,350,64,78
308,1606,351,65,80
309,1606,350,68,83
310,1608,351,65,82
311,1611,349,66,77
312,1611,351,65,78
313,1610,350,68,82
314,1612,350,67,79
315,1613,351,67,82
316,1617,351,68,80
317,1621,351,66,81
318,1625,350,65,80
319,1628,351,66,83
320,1633,351,66,78
321,1635,352,64,81
322,1638,350,66,87
323,1639,350,65,85
324,1643,350,67,100
325,1645,348,67,112
326,1647,349,67,115
327,1648,349,67,115
328,1654,350,65,119
329,1654,348,65,116
330,1658,348,64,118
331,1656,350,67,111
332,1660,349,68,112
333,1661,350,69,110
334,1664,350,69,109
335,1665,351,62,108
336,1665,350,67,107
337,1668,351,66,102
338,1667,351,65,102
339,1669,351,61,102
340,1668,352,64,98
341,1667,353,62,96
342,1668,351,65,96
343,1666,353,62,90
344,1669,353,64,84
345,1664,352,64,80
346,1667,353,65,76
347,1666,354,63,71
348,1666,355,64,66
349,1664,355,65,61
350,1663,355,65,58
351,1664,355,65,56
352,1663,355,65,52
353,1663,356,65,50
354,1662,355,65,51
355,1661,356,65,44
356,1662,356,64,40
357,1663,356,60,34
358,1665,355,58,30
359,1666,356,53,24
360,1668,355,48,24
361,1668,355,48,24
362,1668,355,48,24
363,1668,355,48,24
364,1668,355,48,24
365,1668,355,48,24
366,1668,355,48,24
367,1668,355,48,24
368,1668,355,48,24
369,1668,355,48,24
370,1668,355,48,24
371,1668,355,48,24
372,1668,355,48,24
373,1668,355,48,24
374,1668,355,48,24
375,1668,355,48,24
376,1668,355,48,24
377,1668,355,48,24
378,1668,355,48,24
379,1668,355,48,24
380,1668,355,48,24
381,1668,355,48,24
382,1668,355,48,24
383,1668,355,48,24
384,1668,355,48,24
385,1668,355,48,24
386,1668,355,48,24
387,1668,355,48,24
388,1668,355,48,24
389,1668,355,48,24
390,1668,355,48,24
391,1668,355,48,24
392,1668,355,48,24
393,1668,355,48,24
394,1668,355,48,24
395,1668,355,48,24
396,1668,355,48,24
397,1668,355,48,24
398,1668,355,48,24
399,1668,355,48,24
400,1668,355,48,24
401,1669,416,43,31
402,1669,413,43,41
403,1666,407,48,47
404,1666,403,50,53
405,1664,397,55,58
406,1663,393,58,61
407,1664,389,57,60
408,1662,384,60,68
409,1661,380,61,70
410,1661,376,62,76
411,1661,371,62,82
412,1659,369,66,83
413,1658,366,64,86
414,1658,363,64,91
415,1659,359,65,94
416,1658,357,68,96
417,1661,356,61,96
418,1658,354,66,99
419,1661,352,64,100
420,1659,353,66,98
421,1657,354,69,99
422,1661,353,62,98
423,1658,354,65,99
424,1659,354,65,98
425,1658,354,65,100
426,1658,354,68,95
427,1658,354,67,99
428,1658,355,66,96
429,1659,354,67,96
430,1658,354,68,99
431,1659,354,66,99
432,1659,355,65,93
433,1659,354,67,97
434,1658,356,68,93
435,1657,355,69,96
436,1658,356,66,95
437,1661,353,67,96
438,1659,354,66,98
439,1659,353,67,99
440,1658,354,67,97
441,1658,355,67,97
442,1659,354,65,98
443,1659,353,65,100
444,1661,353,65,98
445,1661,355,62,95
446,1657,356,68,94
447,1659,355,65,97
448,1659,355,66,96
449,1661,355,66,95
450,1658,356,68,95
451,1659,352,68,99
452,1659,354,62,99
453,1661,353,66,96
454,1658,354,64,98
455,1658,354,68,97
456,1657,355,67,99
457,1662,354,62,96
458,1661,354,64,98
459,1659,355,65,98
460,1659,356,66,96
461,1662,355,61,95
462,1661,356,62,96
463,1659,357,63,96
464,1658,359,65,96
465,1661,362,62,90
466,1658,365,65,87
467,1661,368,60,84
468,1661,372,61,81
469,1661,377,62,74
470,1661,381,60,71
471,1661,386,61,66
472,1662,392,57,62
473,1664,398,53,55
474,1664,405,51,50
475,1666,413,43,46
476,1667,421,42,39
477,1669,427,39,33
478,1671,435,35,25
479,1670,443,38,18
480,1670,447,38,18
481,1670,451,38,18
482,1670,455,38,18
483,1670,459,38,18
484,1670,463,38,18
485,1670,467,38,18
486,1670,471,38,18
487,1670,475,38,18
488,1670,479,38,18
489,1670,483,38,18
490,1670,486,38,19
491,1670,490,38,19
492,1670,494,38,19
493,1671,498,37,19
494,1671,502,37,19
495,1671,506,37,19
496,1671,510,37,19
497,1671,514,37,19
498,1671,518,38,19
499,1671,522,38,19
500,1671,526,38,19
501,1671,530,38,19
502,1671,534,38,19
503,1671,538,38,19
504,1671,542,38,19
505,1671,546,38,19
506,1671,550,39,19
507,1671,554,39,19
508,1671,558,39,19
509,1671,562,39,19
510,1671,566,39,19
511,1671,570,40,19
512,1671,574,40,19
513,1671,578,40,19
514,1671,582,40,19
515,1671,586,41,19
516,1671,590,41,19
517,1671,594,41,19
518,1671,598,41,19
519,1672,602,41,19
520,1672,606,41,19
521,1672,610,41,19
522,1672,614,42,19
523,1672,618,42,19
524,1672,622,42,19
525,1672,626,43,19
526,1672,630,43,19
527,1672,634,44,18
528,1672,638,44,18
529,1672,642,45,18
530,1672,646,45,18
531,1673,650,44,18
532,1673,654,45,18
533,1673,658,45,18
534,1673,662,46,18
535,1673,666,47,18
536,1673,669,47,19
537,1673,673,48,19
538,1673,677,48,19
539,1674,681,48,19
540,1674,685,49,19
541,1674,689,49,19
542,1674,693,50,19
543,1674,697,51,19
544,1674,701,52,19
545,1675,705,51,19
546,1675,709,52,19
547,1675,713,53,19
548,1675,717,54,19
549,1675,721,55,19
550,1676,725,55,19
551,1676,729,56,19
552,1676,733,57,19
553,1676,737,58,19
554,1677,741,58,19
555,1677,745,60,18
556,1677,749,61,18
557,1677,753,62,18
558,1678,757,62,18
559,1678,761,64,18
560,1678,765,65,18
561,1679,769,66,18
562,1679,772,68,19
563,1680,776,68,19
564,1680,780,70,19
565,1680,784,72,19
566,1681,788,73,19
567,1681,792,75,19
568,1682,796,76,19
569,1682,800,78,19
570,1683,804,80,18
571,1684,808,81,18
572,1684,812,84,18
573,1685,816,86,18
574,1686,820,88,18
575,1687,824,90,18
576,1687,827,93,19
577,1688,831,96,19
578,1689,835,98,18
579,1690,839,101,18
580,1691,843,105,18
581,1693,847,107,18
582,1694,851,111,18
583,1695,854,115,18
584,1697,858,119,18
585,1699,862,123,18
586,1700,866,128,18
587,1702,870,133,17
588,1705,873,138,18
589,1707,877,144,18
590,1710,881,150,17
591,1713,885,156,17
592,1717,888,163,17
593,1721,892,170,16
594,1726,896,177,16
595,1732,899,184,16
596,1739,903,191,15
597,1748,906,198,15
598,1758,909,205,14
599,1771,912,210,13
600,1788,915,213,12
601,1810,918,212,11
602,1841,921,203,9
603,1885,924,182,7
604,28,926,144,5
605,119,928,78,2
606,233,929,1909,0
607,342,928,1825,2
608,427,926,1765,5
609,486,924,1730,7
610,526,921,1713,9
611,555,919,1706,10
612,575,916,1707,11
613,591,913,1711,12
614,1755,37,203,14
615,1746,40,196,14
616,1738,42,188,15
617,1731,45,182,16
618,1725,48,175,16
619,1720,52,168,16
620,1716,55,161,16
621,1713,58,154,17
622,1710,62,148,17
623,1707,65,142,18
624,1704,69,137,17
625,1702,73,132,17
626,1700,76,127,18
627,1698,80,122,18
628,1696,84,119,18
629,1695,87,114,18
630,1694,91,110,18
