1.0
0.9590199168935377
0.9718813111697996
0.9443018867924529
0.9594054658782164
0.9467494282914081
0.978021978021978
0.9727911059098888
0.9836872883964297
0.96260017809439
0.8518932513623027
0.903713298791019
0.9145666871542717
0.9414110429447853
0.9131635471003375
0.9631067961165048
0.9886187273667874
0.9457250286087951
0.897873661337886
0.953516502505616
0.9081632653061225
0.9160948222083594
0.9047013977128335
0.9686182669789227
0.8807906114885732
0.9072978303747534
0.8595620437956204
0.893548879060546
0.9394391408114559
0.941158348736907
0.9388789505068574
0.9177126917712691
0.8862698880377136
0.8974396065384059
0.8789101917255298
0.8409409129095492
0.8933695816341942
0.9382451849587282
0.9160478860433399
0.9787605008717705
0.9591836734693877
0.9301099563187227
0.8872987477638641
0.9043157733067118
0.864314789687924
0.864314789687924
0.9531459170013387
0.9439809296781884
0.9003690036900369
0.9344520188778186
0.9996423462088698
0.9942785624888253
1.0
0.9201623815967523
0.8634243837441705
0.8286245982067332
0.8648200364902969
0.9384768872630529
0.879169992019154
0.8913043478260869
0.8886123210952085
0.900804289544236
0.962890625
0.9139784946236559
0.8797173598843745
0.9275244299674267
0.9893617021276596
0.9035219747140277
0.9259540824083928
0.9476205685084638
0.9242794333170493
0.9458033573141487
0.9565217391304348
0.9357826020950357
0.9633433401801232
0.8993951910311255
0.9306945481702763
0.9130434782608695
0.8485155684286749
0.8795549374130737
0.9151953690303908
0.9395155510964598
0.9052766320580288
0.8664904163912757
0.8577054344972433
0.8825210804630556
0.852017937219731
0.9557926829268293
0.9635792778649922
0.9520809152710993
1.0
0.9067631997174642
0.9587548638132296
0.958273381294964
0.9324324324324325
0.9448132780082987
0.9424428822495606
0.9710276143051154
0.9834383018427805
0.9254981884057971
0.9821858449687049
0.8816213726393367
0.9341544291804832
0.9315068493150684
0.9337979094076655
0.8856263319914752
0.9182658137882018
0.871841155234657
0.95
0.8916767189384801
0.9164861612515042
0.8864418444597385
0.9330765527202696
0.8765264586160109
0.9676294820717132
0.8635212888377445
0.8821292775665399
0.899873790492217
0.9714285714285714
0.9456032719836401
0.9342521884894767
0.9602293084915801
0.9607374530556504
1.0
0.955193482688391
0.9710365853658537
0.8984597832287508
0.9039719981737939
0.901591043017089
0.9857773418342325
0.974477958236659
0.9043250327653998
0.9105787829192085
0.8616622727903427
0.8158508158508159
0.7757665312153675
0.8114558472553699
0.8934902850659481
0.937049495434887
0.934493815849748
1.0
0.9352167559668777
0.9711708809792237
0.9186471663619744
0.9255631733594515
1.0
0.9101123595505618
0.9996582365003418
0.9587217043941412
0.9843513377082281
1.0
0.973314606741573
0.952624403544649
0.8820784069695085
0.9843513377082281
0.9716334661354582
0.9751734772552043
0.9012534393151941
0.9659792262531989
0.9572757370329497
0.9082110993497656
0.971830985915493
0.9292929292929293
0.9081553095275222
0.974319306930693
1.0
0.9744667097608274
0.9633986928104575
0.8791511420703062
0.8572786313955331
0.8644711842938568
0.9005668016194331
0.9130434782608695
0.8401462279827185
0.9018384766907419
0.8084834954552703
0.9340659340659341
0.8888529364180553
0.9222222222222223
0.8191834089436163
0.9156550528141258
0.9699950811608461
0.8040466926070039
0.9017700526231861
0.8757671255597943
0.8265895953757225
0.8777997364953887
0.8831970632404472
0.834403080872914
0.8497307880567793
0.8872940792692873
0.8823829787234042
0.8822483102098897
0.9261965655827549
0.9046052631578947
0.8817145957677699
0.891997861343789
0.8342245989304813
0.8591029023746701
0.9655797101449275
0.9082551939694797
0.9403464904447223
0.9582596391934913
0.9521805017679744
0.9485753995830438
0.8885350318471338
0.8685344827586207
0.8672096317280453
0.760744277951589
0.7828478964401294
0.7876370887337986
0.9322799097065463
0.9219613259668509
0.9640869096785778
0.9235818885709477
0.8819695872556119
0.766460531102219
0.8858281986226894
0.9545798637395913
0.9205776173285198
0.8901429646350639
0.8848580441640379
0.8927038626609443
0.8712753277711561
0.8827809215844786
0.8944
0.8425425038639877
0.876464542651593
0.8691131498470948
0.9168997203355973
0.893912353757684
0.9702850212249848
0.8830596716059271
0.851037851037851
0.946177370030581
0.8917918123842831
0.8879736408566722
0.8864886896270634
0.8366591236371117
0.8491710473109584
0.8657567732735791
0.876120619396903
0.8264088852324146
0.9176182707993474
0.884195915129883
0.8556701030927835
0.883495145631068
0.9110758237395792
0.7920792079207921
0.802248126561199
0.83687374749499
0.7327586206896551
0.7396778374375116
0.6797583081570997
0.6165605095541401
0.7478510028653295
0.6661706349206349
0.6327381945603203
0.7803992740471869
0.8477763243950295
0.9479553903345725
0.8475836431226765
0.7891467799934619
0.8106605624591237
0.831207065750736
0.8316639741518579
0.8439391460821201
0.8915743538100034
0.9438202247191011
0.900066181336863
0.8916050176905758
0.8790940198794199
0.8663101604278075
0.900838677849038
0.8661129568106313
0.9021739130434783
0.801980198019802
0.8438783894823336
0.877222129921914
0.8422882427307206
0.785963798031121
0.8190930787589499
0.8314152410575427
0.776844070961718
0.8571191227778701
0.8522247482949009
0.8924518993586581
0.8424938474159147
0.866688829787234
0.8747743311997374
0.8610830810628994
0.8547838756677999
0.841025641025641
0.9155585106382979
0.8876933422999328
0.8016809439146597
0.8410749834107498
0.9098668487538409
0.9145996337606126
0.8761303531820508
0.9098668487538409
0.8605697151424287
0.8873720136518771
0.9452282157676348
0.9124423963133641
0.8900048598736433
0.9044606650446066
0.9463862090779693
0.8751662234042553
0.8607160372731731
0.8734841035725992
0.8922803617571059
1.0
0.8443604284814115
0.8387406105162218
0.8441558441558441
0.7920792079207921
0.8632097979958645
0.8607903724182794
0.925753287830864
0.9124957439564181
0.9457878931563142
0.9653958046241005
0.8818181818181818
0.8703099510603589
0.8659127625201939
0.7868187579214195
0.8164784053156147
0.8699551569506726
0.9128145114101814
0.8391327623126338
0.9161309175920515
0.9189351782222891
0.9390333480240929
0.8833831695856471
0.9058876675199519
0.9649426190850495
0.9191749427043545
0.9055045871559633
0.9456625357483317
0.9265707797123391
0.980759407457858
0.980759407457858
1.0
0.97514033680834
0.9467752035065748
0.9575730929874697
0.9142857142857143
0.9195830230826508
0.8438210765731615
0.827489122088559
0.7803009575923393
0.7765442641616852
0.7241379310344828
0.6948529411764706
0.7307498741821842
0.746031746031746
0.8001730103806228
0.8762446657183499
0.8490566037735849
0.8768805649370587
0.7773543821448013
0.8137755102040817
0.7303113553113553
0.8995983935742972
0.8049510880415253
0.8372887791911904
0.844168079894479
0.8557064738049038
0.8458587619877942
0.8595477801617428
0.9145746164574616
0.9175257731958762
0.9307875894988067
0.8422026839426192
0.8921370967741935
0.8826382153249273
0.9837021787613656
0.9629889493071391
0.9889699643645002
0.9355450236966825
0.9530093337624719
1.0
0.9783893297315549
0.9468085106382979
0.9950124688279302
0.9648557149766243
0.9343799058084772
0.9388388699161752
0.8839520608009354
1.0
0.9838945827232797
1.0
0.9945530278756809
0.9605620309755708
0.9885829415715245
0.9396936821952776
0.9552238805970149
0.9492354740061162
0.931056293485136
0.958957654723127
0.9642339294345095
0.9735449735449735
0.9442128887463931
0.9355450236966825
0.9323405632890903
0.9595502108386694
1.0
0.9789473684210527
0.989962152377818
0.930824008138352
0.9782829996606719
0.970315991062879
0.9746713690285348
0.9945530278756809
0.9628966639544345
0.9301287553648069
0.9711417816813049
0.8666783155687576
0.8581749049429658
0.8373214616954183
0.7955801104972375
0.8386433710174718
0.8073414422241529
0.8514664143803217
0.860192658161937
0.8595139300533492
0.7509191176470589
0.7229588276343336
0.32377428307123035
0.37037037037037035
0.35422042019904165
0.38736344847948034
0.44591246903385634
0.5031446540880503
0.5909090909090909
0.6928664555783199
0.865894658199477
0.9823139277818718
0.9836966152755626
1.0
0.9367424871326582
0.9621418826739427
0.96262341325811
1.0
0.9033752481800132
0.9886104783599089
0.9836122733612274
0.9901719901719902
0.9517543859649122
0.9949256977165639
0.9672552717298132
0.9267411300919842
0.8921568627450981
1.0
0.9378493916474844
0.9580165289256198
0.9473684210526315
0.9528900768459739
0.9676126878130217
0.8766079085278704
0.947678221059516
0.841419934893815
0.8773144663555622
0.994369561508275
1.0
0.9526499418508058
0.8725857164246145
0.9480785653287788
0.953125
0.9329278053465664
0.9092043681747269
0.9588875453446191
0.9264951553625125
0.9149480143173684
0.9133482000637145
0.9055864096700424
0.946236559139785
0.9151535160118851
0.9526933701657458
0.843409915356711
0.8794788273615635
0.8982614294913072
0.9074105192404638
0.9077598828696926
0.9584615384615385
0.967032967032967
0.8727825646224024
0.921097189299018
0.8256686236138291
0.9130285321416294
0.8372746816603275
0.9379579872984856
0.9778668805132318
0.9414762198888202
0.9316427783902976
1.0
1.0
0.9437364003730183
1.0
1.0
0.932275432133749
0.9281437125748503
0.9635159881673475
0.9762856748931477
0.9509803921568627
0.9518752520500067
0.9607843137254902
0.9646615564505652
0.9587485807997982
0.8543574275557471
0.9624025142591084
0.904873812199857
1.0
0.9403725338917668
0.9259177841283799
0.9261594357768754
0.9007798960138648
0.9342938223095394
1.0
0.9513225161146922
0.8557090330915234
0.9041369172616548
0.8432349559218091
0.920453341807012
1.0
0.9225574556148568
0.955794504181601
0.9522778920030299
0.9369880965381675
0.8930383600568297
1.0
0.9453222689553257
0.8991519362419537
