1.0
0.9487008660892738
0.9888412017167382
0.9211514392991239
0.9848484848484849
0.9438430311231394
1.0
0.9314775160599572
0.9680851063829787
0.9602272727272727
0.9468085106382979
0.9936862554638174
0.9640332966860374
0.9193934557063048
0.97001647446458
0.9468267581475128
0.9172638436482085
0.8669724770642202
0.9368421052631579
0.9368131868131868
0.9392501912777352
0.9695201037613489
0.9633507853403142
0.9290322580645162
0.9217282404508453
0.8539018503620274
0.9841162554917202
0.9780730897009967
0.9331568497683653
0.9316328301231998
0.9307425933051173
0.9293361884368309
0.9818216246922932
0.88470066518847
0.9406212459241462
0.9325783047248275
0.9626614758449832
0.963865689449463
0.9550561797752809
0.9002592912705272
0.9409059945504087
0.9616580310880829
0.9435736677115988
0.9618104667609618
0.9614102788984389
0.980544747081712
1.0
0.9890553965314026
0.8977749113189294
0.956820412168793
0.9714525608732157
0.9495548961424333
0.9144676979071884
0.8898091998225115
0.9003346428051797
0.8678041337217367
0.9296496724579891
0.8988288415408494
0.8923884514435696
0.9254918375889494
0.9269521410579346
0.9591836734693877
0.9593123209169054
0.8720353006067292
0.8469539375928677
0.8920679886685552
0.9326647564469914
0.9181958257459027
0.9101075268817205
0.9278131634819533
0.9172413793103448
0.9264489555751692
0.955479958586008
0.8856635071090048
0.9153812252093433
0.9026400122081489
0.9275893675527039
0.9898477157360406
0.9937127196517814
0.9068313021167415
0.9487951807228916
0.919029667267661
0.9855595667870036
0.9602746444335458
0.934811603867956
0.9592107444868181
1.0
0.8759677674198135
0.8654822335025381
0.873589164785553
0.9326132516524263
0.8773727026212714
0.9406661502711077
0.9548211036992117
0.9615780950978949
1.0
0.9342776203966006
0.9756612267867192
0.9668402302000548
0.94995986085095
0.9083379348426284
0.9029126213592233
0.9122362869198313
0.8786733837111671
0.924901185770751
0.975010771219302
0.8754006410256411
0.9626128061882252
0.9174680637290081
0.8436724565756824
0.938977223893425
0.8433333333333334
0.9560948239584794
0.9596108490566038
0.933627688363481
0.9797498511018463
0.9306930693069307
0.9894736842105263
0.8925373134328358
0.9432141727301487
0.9743331655762456
0.9073001158748552
1.0
1.0
0.9115858954316485
0.9115858954316485
0.981089521165857
0.9885057471264368
0.928379588182632
0.9734579439252337
0.9803149606299213
0.9015059719577635
0.9636711281070746
0.9632290063280314
0.9779783393501805
0.9223149113660063
0.9349697746840081
0.8766002844950214
0.9816906895208415
0.9945044880014655
0.9222972972972973
0.989010989010989
0.932017218346445
0.8735110606920022
0.9690123645245001
0.9925118020511151
0.968421052631579
0.9542964470183127
0.9919517102615694
0.9494363929146538
0.9522998296422487
0.977703061405061
0.9287312790497504
0.984791554839864
0.9802656546489563
0.9406568081428845
0.9436507936507936
0.9867493054071382
0.9356158484065461
0.9241706161137441
0.9868271632977516
0.9695920889987639
0.9241551939924906
0.9442282749675746
0.9569377990430622
0.9203187250996016
0.9292196007259528
0.94765180975172
0.9717548076923077
0.8773333333333333
0.9008392912651538
0.92
1.0
0.9565217391304348
1.0
1.0
0.892292490118577
0.912142152023692
0.9347826086956522
1.0
1.0
0.9835020622422197
0.9470692717584369
0.9607319862752574
0.9714814814814815
0.9171686746987951
0.9827586206896551
0.9487603305785124
0.9352124526714346
1.0
1.0
0.8542413381123058
0.9079854073773814
0.8319705641864268
0.8
1.0
0.8875598086124402
0.9111662531017369
0.9081389814374108
0.9158415841584159
0.0
0.9349046015712682
0.784570596797671
0.960482985729967
0.7917121046892039
0.8808988764044944
0.8558951965065502
0.9807692307692307
0.8154020385050963
0.9583333333333334
0.8509585652442795
0.9457943925233645
0.8694379391100703
0.948157401623985
0.8931116389548693
0.8795113825652415
0.8867924528301887
0.9312169312169312
0.9719953325554259
0.9696969696969697
1.0
0.905022376926902
0.9007874015748032
0.9513742071881607
0.8763413387838528
0.9032258064516129
0.8426263678999479
0.8475073313782991
0.8956611570247934
0.8615803814713896
1.0
0.9068984856982614
0.8587360594795539
0.8918918918918919
0.9121140142517815
0.8663594470046083
0.7588805166846071
0.8883903533370724
0.9041551246537396
0.8691796008869179
0.9171974522292994
0.877665544332211
0.8633754305396096
0.9872958257713249
0.9061784897025171
1.0
0.912889935256033
0.9148084619782733
0.8387445887445888
0.9475806451612904
0.9666283084004603
0.9791666666666666
0.9069239500567536
1.0
1.0
0.9397975492807672
0.9522487506940589
0.8846153846153846
0.8249634324719649
0.8879753340184995
0.8668304668304668
0.8741328047571854
0.972457627118644
0.9507557289127255
0.8745487364620939
0.9024390243902439
0.917203767972236
0.8284023668639053
0.8900343642611683
0.7932489451476793
0.8777173913043478
0.9692982456140351
0.9636363636363636
0.9804469273743017
0.9106980961015413
0.8947368421052632
0.9384023099133783
0.8715083798882681
0.896551724137931
0.932649420160571
0.7634854771784232
0.8222932846048424
0.8201438848920863
0.8884940026654821
0.8824242424242424
0.9524200164068909
0.9023136246786633
0.9079229122055674
0.8337552742616033
0.8254593175853019
0.8818897637795275
0.9951278928136419
1.0
0.9824561403508771
0.9601479046836483
0.9364161849710982
0.8968221213371853
0.795281887245102
0.8476112026359144
0.9068425391591096
0.7972403219624378
0.9090909090909091
0.954158215010142
1.0
0.8282828282828283
0.756400310318076
0.8007952286282306
0.8673557278208441
0.8365791701947503
0.786525974025974
0.7910122164048866
0.9018324607329843
0.925
0.9343323049801675
0.8720211827007943
0.8543357539513029
0.8426086956521739
0.8189655172413793
0.9763313609467456
0.9055755395683454
0.8492462311557789
0.8943089430894309
0.9452954048140044
0.9038041101880192
0.9821428571428571
0.9912357581069238
0.8918918918918919
0.885483184333759
1.0
0.9892561983471074
0.9135399673735726
0.9230769230769231
0.9652366863905325
0.9705580280725778
0.838150289017341
0.8944851769206248
0.9181610694489729
0.9628886659979939
0.9521331945889698
0.9439585357952704
0.8720966243419015
0.912258473234083
0.8684447108181
0.8780346820809248
0.8802739726027398
0.9044056525353283
0.8592057761732852
0.8136384866884633
0.8389538885065382
0.8953488372093024
0.9781591263650546
0.9827191338746617
0.991869918699187
0.8862144420131292
0.9307665135994349
0.9996570056594066
0.9421211107393778
0.9411374564748798
0.9186471663619744
0.9485368314833501
0.8820464867753139
0.9261708732622486
0.9199622081252531
0.9896041583366654
0.9329061439879381
0.9932247557003258
0.9042954031650339
0.9448376861117891
0.9651693490271439
0.9519492293744334
0.9094842708455152
0.9087913381193362
0.9834964045738536
0.9777158774373259
0.9828009828009828
1.0
0.9380804953560371
0.9966826391448581
1.0
1.0
0.9910936943355896
0.974198215577526
0.9434671842775688
0.8951959986041642
0.9326788218793829
0.9027539709747457
0.9611914472871091
0.9592404450895017
0.9933234421364985
0.8914518317503393
