1.0
0.8810031142435666
0.8501608056097433
0.8196933595773335
0.8683127572016461
0.8332451592424082
0.7735756385068763
0.8331757537556466
0.8251573635748842
0.8078584653363505
0.8330504879083581
0.7445663986089981
0.7829413750421965
0.8429223744292238
0.79342013485236
0.8008298755186722
0.7702394526795895
0.7321088199618784
0.7329555311397675
0.7021314705355544
0.6636130041336163
0.6868356500408831
0.7114549915078316
0.6534827768323456
0.6348095909732017
0.6489367933923027
0.6627515788231128
0.6581120418226103
0.6709185268554992
0.6603210153042179
0.714898177920686
0.6911090742438131
0.6619179527766785
0.6568208317139526
0.6869127059784829
0.5504634731315227
0.5391383692889266
0.5551601423487544
0.5380322317677306
0.5486075949367089
0.5491985047202687
0.4890038809831824
0.5030274802049371
0.5224963715529753
0.540927303949628
0.5157108637452444
0.4944980301589458
0.5018612987729215
0.4408310749774164
0.5313253012048192
0.5360615883306321
0.502381103562131
0.4980485962482689
0.5163479736344058
0.5628512484882976
0.6604511278195488
0.6674772036474164
0.5927125506072874
0.5874915938130464
0.5986097860160828
0.6079277058944341
0.6042806022550807
0.6455524645124474
0.7080318119939815
0.7040317437823284
0.6944830105955425
0.6829614892709962
0.7460051742504946
0.7381418461075139
0.7109471992989118
0.7213359176979275
0.7460853014966693
0.7272727272727273
0.6233430883112412
0.6910440835266821
0.575826496629031
0.5715741212429954
0.5509339193219275
0.5465646495092357
0.5472384871023896
0.5413674679987511
0.638957475994513
0.6092697386149286
0.5730533683289589
0.5869373345101501
0.6451895682664913
0.5382312925170069
0.5228600201409869
0.5370409679473572
0.5430308699719364
0.5695005045408678
0.6632390745501285
0.6751962779877871
0.7731284733573063
0.7521068532358085
0.7147498375568551
0.6976019931485519
0.7641196013289037
0.7593859502753212
0.7136584600909519
0.7771664374140302
0.7808968282901932
0.802848575712144
0.8121866563825685
0.8180158247108947
0.750920245398773
0.7008995502248876
0.6992119930809149
0.6694433926542976
0.7361830742659758
0.7656008820286659
0.7334490991968743
0.7454909819639278
0.7411364740165128
0.702037947997189
0.6729739378793288
0.6993653671804171
0.5645412130637636
0.6004410953868774
0.597194749145837
0.5279091769157994
0.5291550971836573
0.46464646464646464
0.6386158081006685
0.6793557833089312
0.68860450944546
0.7025472473294988
0.6733319730667211
0.7961399276236429
0.7449988503104162
0.7007786429365962
0.7309000226705963
0.7049989272688264
0.6341756919374247
0.7012318029115342
0.6590079450289886
0.6755284375680977
0.6270226537216829
0.6587335316617084
0.5185873605947955
0.4284251834157993
0.4518625157459061
0.4523509277607638
0.47075365579302586
0.5776744186046512
0.4382498235709245
0.4601429356789445
0.47190377748543505
0.47910704064109905
0.45576664747649204
0.4311127246324197
0.46018213524510754
0.41426827141112854
0.41769257826239886
0.42877775771799964
0.3299033364515123
0.34711286089238846
0.3797373358348968
0.3956215793588741
0.4699017199017199
0.4339194554736245
0.41905759162303663
0.42903087478559176
0.38603398259428096
0.5125557380896503
0.5287301962638922
0.5287301962638922
0.5220745820831547
0.48739495798319327
0.4622454496305641
0.5406829679595279
0.4462521789657176
0.4903170887422856
0.5108840515326522
0.478369384359401
0.5493193217100549
0.5168539325842697
0.4560384538353695
0.4198612632347572
0.4694519317160827
0.4500592183181998
0.4118879786626024
0.4148119723714505
0.4342895263509006
0.46229508196721314
0.4348392701998262
0.4906862745098039
0.4645706241201314
0.42454466608846486
0.44518567934178344
0.4576079583992765
0.4756242568370987
0.5687203791469194
0.5549132947976878
0.5226480836236934
0.5524861878453039
0.5093287583101008
0.4548783114365712
0.4471734067330087
0.5091352009744214
0.5135135135135135
0.580522565320665
0.6245847176079734
0.6675771647090959
0.787619361211722
0.7030941408821593
0.7837837837837838
0.725
0.8211508553654744
0.7438546490915569
0.7181628392484343
0.9295081967213115
0.7296416938110749
0.7909604519774012
0.835820895522388
0.7174829711320143
0.7184150698278662
0.7283406754772394
0.7659048795552811
0.661345496009122
0.6354423445631334
0.6681657565049791
0.6539877300613497
0.5314625850340136
0.4644149577804584
0.5662514156285391
0.5513146734520781
0.48089253654783276
0.5048616305160808
0.5021018215787015
0.44141689373297005
0.5562336530078466
0.5124497991967871
0.6348867037195383
0.6437529029261495
0.6195899772209568
0.5619834710743802
0.7016024252923343
0.7168688487067979
0.7663503462426263
0.6689607708189952
0.7760711398544866
0.7829724409448819
0.6798117857943088
0.6795440151994934
0.6003910068426197
0.62027873156938
0.5897661332864428
0.6007018912068629
0.6078734079505982
0.6073871409028728
0.6371681415929203
0.6337408312958435
0.6019090398652442
0.5876460767946577
0.536714833382483
0.5646196150320807
0.5421686746987951
0.5800302571860817
0.5237633365664404
0.4948350549816728
0.0
0.4409937888198758
0.5487516425755585
0.4844533600802407
0.5059523809523809
0.46441281138790036
0.45302445302445304
0.5127701375245579
0.5578544061302682
0.5450310559006211
0.49474211316975464
0.5035331065166186
0.580814717477004
0.5392792325641691
0.5318744053282588
0.5649444712699179
0.6190476190476191
0.6489028213166145
0.656701030927835
0.6711864406779661
0.7967959527824621
0.710886075949367
0.6488222698072805
0.6337438996049268
0.6298110566829951
0.6415224913494809
0.6881827209533267
0.7622641509433963
0.8264417845484222
0.7665052255926587
0.7626438319507627
0.7918866351764379
0.6887188348555913
0.6861313868613139
0.5844155844155844
0.6270991488382792
0.6460220318237454
0.6290969111058713
0.6581361661033317
0.6665036674816626
0.6879432624113475
0.6844542447629548
0.6414548460425707
0.7151241534988714
0.7680626989958363
0.7003610108303249
0.794289897510981
0.7362358903478461
0.6441511966003132
0.6858775899023577
0.6858775899023577
0.6255430060816681
0.762902019446522
0.7680722891566265
0.7536737235367372
0.7559845559845559
0.7591981730525248
0.8110599078341014
0.6525037936267072
0.7135046473482778
0.6767502160760588
0.680672268907563
0.6664717918737212
0.6237539162631729
0.736392742796158
0.6789250353606789
0.6991963260619977
0.7138461538461538
0.7502750275027503
0.7679115853658537
0.6970193252538487
0.7794432548179872
0.718440594059406
0.7215661901802362
0.6767422334172963
0.6528384279475983
0.6824536376604851
0.8034412365121026
0.7780979827089337
0.7129654079746501
0.6867335562987736
0.6273499871233582
0.7485298235788295
0.7674418604651163
0.6258420085731782
0.6434727098627514
0.7038383838383838
0.6642714570858284
0.7164906580016247
0.7716738197424893
0.78839590443686
0.8521739130434782
0.7613168724279835
0.7888585897935333
0.776641761698781
0.8189836203275934
0.8321917808219178
0.7186218211648893
0.7247979583156103
0.6098514464425332
0.668903803131991
0.6488421052631579
0.6095717884130982
0.5780254777070064
0.6648512777545036
0.696391538780589
0.7093681917211329
0.6944444444444444
0.6932978251220595
0.7159190853122251
0.6799637352674524
0.5786471067644662
0.6755186721991702
0.6133528980190756
0.5952873088052915
0.5663189269746647
0.4859315589353612
0.432
0.46061814556331004
0.46279144043436604
0.521511017838405
0.4608150470219436
0.6496103015926804
0.6422018348623854
0.7160401935243766
0.6653373213692256
0.7392909896602659
0.6335583413693346
0.6097560975609756
0.6085361787262421
0.6711965528670865
0.6863651370089139
0.6124031007751938
0.6292227410052184
0.7931726907630522
0.7704502219403931
0.570584760779681
0.5249859629421674
0.6826580226904376
0.5550513494148555
0.5810276679841897
0.6086956521739131
0.6509803921568628
0.5974710221285564
0.5330334551588417
0.5241011984021305
0.498863349330639
0.4714863044454423
0.5253423012250781
0.5158513541885367
0.39916976185274194
0.4140591513073296
0.5316973415132924
0.5247283211355067
0.47848466131356804
0.5148599529612999
0.4943923094529641
0.5086301070570243
0.5134883720930232
0.5055432372505543
0.48687596500257335
0.5994158616041338
0.6349601593625498
0.6138661531054406
0.0
0.0
0.6716294458229942
0.6183047321892876
0.6057030481809242
0.5844277673545967
0.4950423216444982
0.5813664596273292
0.4941921858500528
0.5622296972609322
0.47552958363769177
0.4707649641784146
0.4728413763254707
0.4741753472222222
0.45038503850385037
0.4319476682844482
0.4645925237984676
0.4645925237984676
0.5508574807806031
0.5538832028898254
0.45128054165440096
0.3989145183175034
0.5379818594104309
0.5611510791366906
0.4631578947368421
0.47446083995459704
0.49045036547983967
0.5172500629564342
0.5670594133868138
0.6185397867104184
0.4651423447657476
0.5694789081885856
0.6444444444444445
0.5657020364415862
0.5750269881252249
0.7585720995772663
0.7439474764054165
0.7165102814933121
0.6853133769878391
0.7235887096774194
0.7502991623454328
0.7578565672844481
0.793015332197615
0.7755102040816326
0.74
0.7451770192919228
0.8487584650112867
0.7809831525501961
0.7994143484626647
0.7567567567567568
0.7977799227799228
0.7811909262759924
0.7927927927927928
0.8198757763975155
0.7274352100089365
0.6738804371116349
0.5850087839156745
0.6061981839715752
0.6458100558659218
0.5695966907962772
0.6147389969293756
0.5245253164556962
0.6272785760240188
0.5809018567639257
0.5226047283284944
0.5312775330396475
0.4564615712156696
0.4948089242323835
0.49567198177676536
0.4989527577379567
0.5200835848618528
0.5398788490661283
0.49602053915275995
0.47248716067498164
0.4734502346258335
0.4880346232179226
0.5243722304283605
0.5198019801980198
0.5198392767453541
0.5313765182186235
0.508008008008008
0.49530911715179216
0.4910498306724722
0.47882268485283563
0.4910498306724722
0.47917151501047245
0.4711561101954321
0.475187265917603
0.4476295479603087
0.4337879454465464
0.4373770491803279
0.43441044297025466
0.44787644787644787
0.48353552859618715
0.4862468742896113
0.501759324419423
0.5110276865321446
0.47804769333630487
0.48023121387283235
0.5347461803844258
0.5493998153277931
0.5493998153277931
0.5684516598013084
0.5503166783954961
0.5568320703984356
0.5448974781993873
0.4708691499522445
0.49572649572649574
0.48455696202531645
0.46270818247646633
0.4663287472845764
0.45879838518166705
0.46787479406919275
0.4877812726832809
0.43029259896729777
0.4238344552480678
0.43724104313916645
0.4411177644710579
0.4381084840055633
0.41501447983960793
0.40350079563537167
0.42255151655475803
0.4207414146008642
0.42491268917345754
0.4394004282655246
0.4440189231808966
0.41918175720992623
0.4151190736290146
0.4603537981269511
0.4803166923246096
0.45579567779960706
0.4840304966000412
0.40250447227191416
0.4208071385114581
0.4131782945736434
0.45257187561118717
0.42700729927007297
0.5062093435836783
0.4411402428294915
0.433398310591293
0.39622641509433965
0.43376425855513306
0.4650782845473111
0.4276315789473684
0.4390026714158504
0.4570249152292496
0.5098737455487212
0.48869883934025654
0.540339877907936
0.5554620434270325
0.4811278532000597
0.39801930550332204
0.3939862922838824
0.37142857142857144
0.4244229337304542
0.4732313575525813
0.584070796460177
0.5652173913043478
0.4247355573637103
0.40421393841166936
0.30331835464915313
0.3297709923664122
0.35391740640679276
0.3621285418106427
0.3624887285843102
0.4158686730506156
0.3444209253099486
0.31707837972520825
0.29821929424042787
0.3327316051700484
0.3047589278737204
0.27538726333907054
0.2593777656749949
0.291569351314699
0.30985915492957744
0.37183982284554346
0.5232238649744865
0.4333709131905299
0.4044885177453027
0.526253454401895
0.49472329472329474
0.3798418972332016
0.45276129621177547
0.4214246873300707
0.46707168894289186
0.45820030743762563
0.3848009650180941
0.5217008428733174
0.42321644498186217
0.4871259568545581
0.4631878067682769
0.47350013451708367
0.4489068825910931
0.40710280373831775
0.46909268134188936
0.4939759036144578
0.4778141055581504
0.40212264150943394
0.42883291205438856
0.3797529668200533
0.5206394172399839
0.5263796240145543
0.5081967213114754
0.450700502246894
0.5515458364752774
0.5031544210424148
0.5087602992707643
0.5289190267251695
0.5100844510680577
0.4702803738317757
0.5096592563828755
0.48877146631439894
0.5696757230499562
0.5731307715221924
0.5612104539202201
0.5833885784638697
0.5631292880691438
0.5921539600296077
0.6862592448423511
0.6244576286194988
0.6157952715871536
0.5864434463046141
0.620737406958629
0.6075471698113207
0.6020693053046478
0.5860728744939271
0.577888238595366
0.5578509150891524
0.5364455364455365
0.5785602115877345
0.5122547088029001
0.5330535152151101
0.49757591222250575
0.49011323305729254
0.47774504339517476
0.4671404615507466
0.5014961585119289
0.5106059325614806
0.47129485179407177
0.502981439489376
0.5037606413753203
0.4963851462372659
0.47467362924281986
0.4802992518703242
0.4575002202061129
0.44541797049620024
0.4105140396519243
0.40643303881663856
0.3985320372941877
0.40897235263432447
0.40338879248749615
0.41328714081923784
0.43291811313048806
0.4399016292652936
0.44872456883197354
0.4404172373827837
0.48034154090548054
0.48838137030018947
0.4514727184934814
0.5087195298198285
0.45831451540059615
0.5087276958882855
0.5288949629051152
0.5056687067322163
0.47108910891089106
0.45409429280397023
0.44059795436664045
0.4471848781967047
0.42113788216238107
0.44761056693380824
0.3858107383988854
0.39252143373618426
0.42755344418052255
0.42297650130548303
0.4245091401489506
0.43802205145339124
0.4620085557139947
0.429290809903483
0.43007471324844787
0.4735866543095459
0.45625308947108256
0.467444120505345
0.47775775395997344
0.4859154929577465
0.47445972495088407
0.49592391304347827
0.4730605443436401
0.5208681135225376
0.5140386843747214
0.5058812802042492
0.5069406886605372
0.4868421052631579
0.4565857247976453
0.4885551433999819
0.47606453319227715
0.4842041835241456
0.47477744807121663
0.4739570476425574
0.41411764705882353
0.42090656799259946
0.3739172281039461
0.3761118170266836
0.35792120704107294
0.35875135890666254
0.3711864406779661
0.36609829488465395
0.3518952957155204
0.35256003049167833
0.3048264182895851
0.2945094131837013
0.329300063683205
0.38426103646833015
0.41706893222629854
0.42827327118408237
0.38763493621197254
0.370442581399883
0.33121851091621574
0.3539294725829282
0.33793693473478364
0.31845567441288575
0.3395726354149412
0.33754913689967525
0.33889468196037537
0.35730645900137425
0.30778529980657643
0.30258218632692524
0.300050712796529
0.3115480476322348
0.32257208092178624
0.3000779423226812
0.29440049635489374
0.310660528629804
0.32052598132668525
0.31819765994523275
0.312077004060761
0.29956174271719516
0.35615743090481244
0.33902450279174934
0.3367318305116453
0.32314490885656416
0.307095447321679
0.325452016689847
0.30356830505509885
0.3133394184378667
0.288052149336737
0.31406486304822717
0.2962293496994409
0.29590609316023064
0.29254760203438274
0.2935222672064777
0.2985576923076923
0.30122287968441813
0.31039623381718323
0.2929353233830846
0.2932488583535607
0.28390488708328354
0.3180804429746982
0.3272954892218614
0.3355890963008022
0.33906964237698306
0.3402685375589694
0.3363302826271016
0.3567324506620035
0.37183098591549296
0.32612299357134195
0.32420917239438884
0.3241854585491172
0.3277516765048388
0.36547855979735844
0.32311137516566885
0.34704680534918275
0.3376044568245125
0.3162236480293309
0.3298292988716366
0.3534154876007911
0.363843929169415
0.34299689203648037
0.3123654029148094
0.3124633352887846
0.32196558673073944
0.314543404735062
0.3233484889007756
0.2983095790520385
0.2935261183888678
0.2753000179115171
0.29348405042315207
0.3004544077552257
0.28052564336557767
0.26990181977362265
0.26357573832962844
0.26357573832962844
0.2427689307767306
0.24850161364684187
0.24096144883148013
0.22035317931178894
0.2502030869212023
0.23168259484506226
0.23472557818432863
0.23427343540155787
0.2219331056540359
0.2057956278596848
0.21007720438845998
0.20213209733487833
0.20757533351991792
0.2004965288952232
0.20495578481945467
0.2072336265884653
0.1981502597238059
0.1954268794209574
0.19772049511826464
0.21470622186309593
0.20920761742233254
0.21384534794697183
0.21905458089668617
0.23134974638129407
0.22416521280480384
0.0
0.0
0.0
0.0
0.0
0.0
0.0
0.0
0.0
0.0
0.0
0.0
0.22213521273818845
0.2201321142657159
0.2228270898689795
0.21360903625432684
0.21124770382930622
0.20538625088589652
0.2022461774389969
0.20244173140954494
0.20552575832694822
0.20389912359148632
0.2057828800076216
0.1920449227889565
0.24497535077739857
0.23187673654963376
0.294706517824991
0.3142857142857143
0.31363505332948977
0.2640742890307603
0.26451798148015215
0.2757599826702289
0.27831230845983895
0.2928043230944255
0.2584236955097882
0.24737290542459528
0.2423882370414377
0.2362478286045165
0.24694708276797828
0.24303680271583983
0.2566076672751806
0.23869786029472984
0.25477399081459995
0.2507221259387637
0.24875133054941456
0.24611313264968573
0.2612304331998544
0.26138304984030303
0.2633390705679862
0.26891683212000883
0.2528229137978518
0.27249718785151855
0.2529477821448624
0.24929498025944727
0.2489765787531038
0.2553536445315139
0.25799657759641964
0.2674083506467395
0.262752195187345
0.25906735751295334
0.27613412228796846
0.270036581310276
0.26443104248127774
0.2684157416750757
0.24442237669645814
0.24820262515665192
0.24567474048442905
0.2451249920081836
0.257529632748235
0.2440178976720057
0.2419714248263206
0.24116532758508066
0.26020703401273065
0.24820262515665192
0.2440178976720057
0.24849309741396072
0.24764242345950135
0.2649774111176586
0.257529632748235
0.27031038265470736
0.2698080942428273
0.2556053811659193
0.27430489581354106
0.26245222730405365
0.27776375567895
0.2620944239362736
0.26473802635808424
0.26669257172462923
0.26830205597899187
0.2606741573033708
0.2625962098182524
0.26416783932454907
0.26663280853224985
0.2465735878058153
0.2612601214574899
0.2588757396449704
0.26993680409268733
0.27960950451280164
0.2846296407006636
0.30225766595529596
0.3584927011429218
0.3163661264551472
0.3133973996608253
0.3052797833935018
0.30921578022680085
0.30580539656582173
0.32059134107708553
0.34015251117538786
0.36664726734035236
0.35795639440286364
0.3481612985036774
0.3862496311596341
0.3927996487633543
0.3952682637101564
0.43714658547194435
0.4207955338450802
0.4195347136523607
0.4150118418655493
0.41185444429488044
0.40445031945362414
0.41434192493036825
0.42484240433277104
0.4396411092985318
0.4328252392768522
0.4377729759551285
0.43803729665388175
0.4520079749359157
0.41614106164541226
0.42318288834343537
0.4177215189873418
0.41198501872659177
0.4192346054911019
0.38983321788245323
0.40917340372875766
0.4422833744806407
0.44778825235678027
0.5004801756070791
0.5065477047057131
0.6143943826799297
0.5917874396135265
0.4576296187034442
0.45074977947662453
0.4488011476193729
0.4685558210993513
0.4945988178544738
0.45068133516689585
0.519584888945137
0.4839982463831653
0.5444430553819227
0.5288524786222568
0.5138490367160509
0.5308289097590854
0.5183046415341033
0.5642188328131441
0.5676977540479369
0.5522405386579986
0.556797565400597
0.5433466590519703
0.5553522992493535
0.5199083011583011
0.5009774534080542
0.5207077830491088
0.49567285459470173
0.5193189259986902
0.48057820100020554
0.46741710178341356
0.48468825732540205
0.4859392575928009
0.5007207343904104
0.4713310329638059
0.44174311926605503
0.4561819043107532
0.49516505501833946
0.47982708933717577
0.4873270968257776
0.49023203891236744
0.4469133870589156
0.44915782907049284
0.43272977309190924
0.47346539496209344
0.4652703918841528
0.45202908749706777
0.4643666990605766
0.4565569347004857
0.473328324567994
0.4247545101621375
0.48069644208932627
0.4566385264773599
0.5498652291105122
0.5256377222365369
0.4792611795204148
0.47762747138397504
0.4942509855453351
0.4794110306962815
0.3879200340280732
0.3695705925986978
0.37534965034965034
0.39658119658119656
0.3825531037327284
0.3951612903225806
0.4770541958041958
0.41405035747590924
0.4481609067674186
0.40890195680827335
0.41100917431192663
0.41100917431192663
0.41358733073215515
0.42164599774520856
0.4813420061622732
0.49147760667685436
0.5340472587591666
0.5752256770310933
0.6275799793601651
0.6308321615748435
0.6574074074074074
0.6009673518742442
0.0
0.0
0.0
0.0
0.0
0.0
0.0
0.0
0.0
0.0
0.0
0.0
0.0
0.0
0.0
0.0
0.0
0.0
0.0
0.0
0.0
0.0
0.0
0.0
0.0
0.0
0.0
0.0
0.0
0.0
0.0
0.0
0.0
0.0
0.0
0.0
0.0
0.0
0.0
0.0
0.0
0.0
0.0
0.0
0.0
0.0
0.0
0.0
0.0
0.0
0.0
0.0
0.6160243083320006
0.6582278481012658
0.6687898089171974
0.6284779050736498
0.5665419561731694
0.5528455284552846
0.5697856769472034
0.593505039193729
0.598643006263048
0.609100310237849
0.617592436265406
0.6375461416769204
0.7161875361759599
0.6517086641353124
0.6317644985016746
0.6480117820324006
0.6306661411115491
0.6786632390745502
0.7119456652017578
0.6732172936552498
0.7607257203842049
0.6786632390745502
0.5885273028130171
0.687905604719764
0.6078777189888301
0.5986984815618221
0.5949295774647887
0.575235423762773
0.0
0.0
0.0
0.0
0.0
0.0
0.0
0.0
0.0
0.0
0.0
0.0
0.0
0.0
0.0
0.0
0.0
0.0
0.0
0.0
0.0
0.0
0.0
0.0
0.0
0.0
0.0
0.0
0.6871536523929471
0.0
0.5262092693786683
0.5273833671399595
0.5856950067476383
0.6117333333333334
0.61291492835117
0.710470984020185
0.675993824778078
0.0
0.0
0.0
0.0
0.0
0.0
0.0
0.5470323548317977
0.527771820716277
0.5830274238825308
0.6037974683544304
0.6574847595393994
0.6518916498768749
0.6313179026924893
0.5972350230414747
0.7390648567119156
0.7249879168680522
0.8493754592211609
0.8268238761974944
0.6028428093645485
0.7184853014449427
0.7388282025819265
0.7045735475896168
0.7501913753508548
0.7412140575079872
0.7739169675090253
0.8473954512105649
0.8484848484848485
0.8131893921614645
0.5883167859616717
0.6100071821881733
0.5623485052518179
0.5840853158326497
0.5095168374816984
0.5469235550031075
0.5408219178082192
0.5148958607962035
0.6841772151898734
0.7279461279461279
0.4550438596491228
0.43845747490755416
0.3879723257051623
0.3638689866939611
0.282422293676313
0.30019016571583806
0.3534789233113255
0.3813493097160719
0.3391777509068924
0.33907524932003624
0.3550981022836925
0.45980433857932795
0.6796705678370177
0.6483516483516484
0.488
0.44572025052192066
0.2786147964920171
0.296969696969697
0.2589341692789969
0.2652337691114558
0.2871012482662968
