1.0
0.8319574863275204
0.783109125346025
0.8510582150208477
0.8082301639015588
0.783109125346025
0.822746058472371
0.8432748538011696
0.8500535905680601
0.8064056939501779
0.8064056939501779
0.7054148037754595
0.7144654088050314
0.7196067501140222
0.7533699184826043
0.7513682979967055
0.7546968403074296
0.7398252471832605
0.7415730337078652
0.75
0.7168458781362007
0.7293384643577057
0.7425999873233188
0.6574266315021604
0.662914249612314
0.6691402400139138
0.6222376058363065
0.6622232525791121
0.6678297278436846
0.6914739884393064
0.6731930359341111
0.6914739884393064
0.6163727665537779
0.6361335422441846
0.604546762589928
0.5437748546956256
0.5217493395949516
0.5171952283968577
0.5447747471651854
0.5182262528708557
0.5470548408937035
0.4796345641416064
0.4616230078769005
0.44319380935631375
0.4461756373937677
0.40363937138130684
0.43524794862647165
0.4021757046316137
0.4265237151847104
0.4862480857580398
0.45699481865284974
0.471008453387308
0.4884252114328045
0.44559585492227977
0.43320192728865525
0.5001138692780688
0.5135640785781104
0.5361328125
0.49034274868817684
0.521801116787454
0.4935252598232646
0.5431538737018026
0.5644460984989456
0.6276293348493462
0.6236113726228583
0.5828369212621646
0.6135226921889472
0.6499388004895961
0.6851055111657447
0.6724459487462872
0.6461998008629273
0.6328141977544368
0.6256087081065598
0.5581447290053604
0.5822912621359223
0.566127497621313
0.5275212412264499
0.5877171112773207
0.5898248540450375
0.6171568199668382
0.6311541565778854
0.657503080860745
0.6064527411034362
0.6337622431342423
0.6647116324535679
0.6094255663430421
0.6416309012875536
0.514721919302072
0.5482576557550158
0.5200087950747582
0.5319388214125056
0.5793728564429201
0.5978260869565217
0.6947708578143361
0.671875
0.6207085965394122
0.5829249419654372
0.7108638541183743
0.7168057961883761
0.7495059288537549
0.77079107505071
0.7212653778558875
0.7428054298642534
0.750816104461371
0.7542468856172141
0.6508939859129492
0.6759443339960238
0.68
0.6443148688046647
0.5985428051001821
0.6877462160481028
0.6816753926701571
0.7799168672063006
0.7031111111111111
0.7053203040173724
0.5596294866846777
0.5214087117701576
0.47948560930802203
0.4259954921111946
0.48570857485508695
0.4945054945054945
0.44526388568794656
0.45487610820641056
0.5730727470141151
0.5794905577514273
0.7149666348903718
0.7060361734582697
0.7498264290673455
0.7429488649392341
0.7639707616128272
0.7766059443911792
0.800682261208577
0.7881986087790838
0.7420404369044853
0.7694510739856802
0.7728745948641237
0.7692307692307693
0.73147711184521
0.79921875
0.6142433234421365
0.6417071300792231
0.5549171270718232
0.5613682092555332
0.5603659897344343
0.6134864402638651
0.5081967213114754
0.5279646761984861
0.5275210084033614
0.497523281157123
0.5119637852985557
0.46018213524510754
0.4641391440297049
0.47226088685623385
0.4826254826254826
0.4965502822496341
0.45002126754572525
0.4238782051282051
0.4288135593220339
0.42131557035803496
0.4820415879017013
0.47723019338739864
0.41984892992026857
0.43115707821590177
0.3864
0.48598130841121495
0.4941436464088398
0.46103092783505156
0.5823293172690763
0.5168316831683168
0.5774425934263845
0.6095532319391636
0.5381920112123336
0.513941556993085
0.5376344086021505
0.5366308912739151
0.5193045834274103
0.5326540064844836
0.5677610466551469
0.575287643821911
0.6810176125244618
0.6411062225015713
0.6886724386724387
0.6562392574767961
0.6560143626570916
0.589425587467363
0.6647926914968376
0.5454021331795906
0.6175967134542965
0.6502086230876217
0.5823330255463219
0.6144852224748295
0.5932203389830508
0.657298277425204
0.6789137380191693
0.6995336442371752
0.7039947609692206
0.6789137380191693
0.6180986605684416
0.5986394557823129
0.6910153396639883
0.5825123152709359
0.8377669539153241
0.7020408163265306
0.7082950719314356
0.6856965560037233
0.5960605195546674
0.675392670157068
0.7082228116710876
0.6950862349495607
0.6440988106129918
0.7352112676056338
0.6927306047648136
0.7290260366441659
0.7864077669902912
0.7339449541284404
0.7287917737789203
0.737081572960676
0.8125819134993447
0.8406779661016949
0.793581081081081
0.7128983308042489
0.5966974531206269
0.6103635843114801
0.6016042780748663
0.6326148078725399
0.6146903205726735
0.6887755102040817
0.7297297297297297
0.7627118644067796
0.600828729281768
0.48721804511278194
0.5562336530078466
0.5338912133891214
0.6848051648605027
0.6098562628336756
0.6333615580016935
0.5862068965517241
0.6270563189471647
0.6864406779661016
0.6868044515103339
0.6809776833156217
0.6445837063563116
0.7521070897372335
0.7939503619441571
0.7612791274169559
0.6235532994923858
0.6680118946474086
0.5913258110014105
0.5989646246764452
0.6943423952975754
0.682628451590353
0.7140902872777017
0.8203753351206434
0.8954773869346734
0.9095890410958904
0.7702750982493748
0.6186968838526912
0.5064555420219244
0.5224930887157577
0.520154119739182
0.49178859361003285
0.39226519337016574
0.36556973360197
0.4235294117647059
0.43474347434743477
0.48032381380706096
0.4326514077374924
0.40052503281455093
0.43716741711011053
0.5364077669902912
0.5364077669902912
0.5227713178294574
0.5475767571682314
0.6095337327429018
0.5924219150025601
0.6588296760710554
0.6658044490429385
0.6593248743117069
0.6898797595190381
0.6441441441441441
0.6341463414634146
0.6947055912914398
0.6965098634294385
0.6410256410256411
0.6537530266343826
0.7120253164556962
0.7079691516709512
0.7523545706371191
0.7740479548660084
0.8465653153153153
0.8537005163511188
0.7590933052187665
0.7443783923494443
0.7303946694003075
0.6754212091179386
0.6295612009237875
0.6730721237833791
0.598069328652918
0.6684649337910741
0.6458185264155414
0.6458185264155414
0.7031390134529149
0.7190195188379482
0.7475224162340727
0.7190195188379482
0.7224629418472064
0.6939414263357926
0.8156714656596649
0.8410805548795327
0.6991988346686089
0.6924741524404905
0.7371384694138725
0.6908131446390021
0.762902019446522
0.7290922087205146
0.770392749244713
0.7579886054000495
0.7463414634146341
0.7467917077986179
0.6292189006750241
0.607824871914299
0.6163475699558174
0.6448382126348228
0.6124093473005641
0.6581986143187067
0.7155025553662692
0.7155025553662692
0.7511856986501277
0.7511856986501277
0.705423940149626
0.7601612361437688
0.6734505087881592
0.7388362652232747
0.6459698091711763
0.6258760107816712
0.6622843056696796
0.5980707395498392
0.6203045685279188
0.7608395470864402
0.715042372881356
0.7497917245209664
0.6829268292682927
0.6523977241939853
0.7674418604651163
0.7339449541284404
0.6519823788546255
0.7129403557725846
0.6448501550120564
0.6441844459738472
0.671740569159497
0.7180756986204457
0.7832167832167832
0.7593220338983051
0.672645739910314
0.6837891927951968
0.6236185664666877
0.640194489465154
0.6204858831254104
0.6799854703959317
0.6900110578695171
0.6673346693386774
0.6473380807053238
0.7047108387590961
0.6119402985074627
0.5713369669765951
0.6202247191011236
0.601638827607942
0.5556908094948265
0.5451327433628319
0.5835175244711083
0.5375
0.5020196191575302
0.5259862241703194
0.5716906144909814
0.5900383141762452
0.4678024833958995
0.48735912275357907
0.4630225080385852
0.47968021319120585
0.49949031600407745
0.4704954244241086
0.46696745085401226
0.45875448320834694
0.5987903225806451
0.5859914501808615
0.5914852128696783
0.6275007939028263
0.7063740856844305
0.6790317510216913
0.6480117820324006
0.6061018795968401
0.6568979817528339
0.6675191815856778
0.6360153256704981
0.624450104190785
0.7413249211356467
0.6630211893369788
0.5287808366106542
0.45369211514392993
0.4239212717638153
0.45954907161803715
0.5767083734359961
0.5642731363725298
0.5860192549183759
0.5823529411764706
0.48339404328262264
0.4800979791794244
0.5085268132319705
0.5267684368952913
0.5436241610738255
0.5262284884926395
0.5038337867919861
0.46778443113772455
0.5164459632635626
0.5791935843172199
0.5819146584125581
0.548683404776485
0.4984696108439003
0.522851053753256
0.5211027079775555
0.5134299976230092
0.48568655992236776
0.6990668740279938
0.5971173644474949
0.6310444874274661
0.0
0.0
0.6483739837398373
0.6385048643113159
0.5464333781965006
0.5859690844233056
0.538285423556347
0.6312381980037767
0.5958747135217723
0.5848537865533616
0.4759931757250792
0.491044776119403
0.5116108530921535
0.5191256830601093
0.42699207342511475
0.44106873518638223
0.4137717121588089
0.41334435034083866
0.37583215654629815
0.4411555766043097
0.34607778510217535
0.3814482925647857
0.556271981242673
0.5822085889570552
0.5036630036630036
0.5365853658536586
0.5951359084406295
0.5412438199323445
0.6230622790318194
0.6314773980154355
0.46439628482972134
0.5776491316385602
0.5852017937219731
0.5881435257410297
0.6873025900189513
0.6565040650406504
0.8073616927485122
0.7272185824895772
0.6937043615551608
0.7368421052631579
0.7384493357128693
0.7854251012145749
0.7578565672844481
0.7937123169681309
0.7687303252885624
0.7331176708451274
0.7254019292604501
0.7720739219712526
0.8098887515451174
0.8161434977578476
0.7699115044247787
0.7878932316491897
0.8086710650329878
0.7996272134203168
0.7253248233416913
0.6987124463519313
0.6583552055993
0.5983522142121525
0.6139616824487998
0.6189953937266944
0.7075773745997865
0.7005988023952096
0.6464088397790055
0.7002087682672233
0.5928249362870025
0.6002440016266775
0.5302455579956079
0.5577199097806028
0.5717932354818124
0.5602193630035858
0.6055005500550055
0.5820584144645341
0.5178875638841567
0.4986205166792074
0.5160123966942148
0.5405473897617841
0.5919080919080919
0.5361077111383109
0.5332086061739943
0.5628116836855853
0.5094507449410718
0.5578280983686389
0.5215570337521557
0.5146757679180888
0.47138721888220886
0.5021362716438048
0.48072698222488514
0.553981541103241
0.5153473344103393
0.5507531106745253
0.5578128376918089
0.4678328474246842
0.46620387285348924
0.5381033022861982
0.5647497805092186
0.5602409638554217
0.6049495875343721
0.5238095238095238
0.5079518072289156
0.5258056699781924
0.55895865237366
0.6033114084826491
0.6329997672794974
0.6672613737734165
0.6966239813736903
0.5610039507320475
0.5028901734104047
0.4827329192546584
0.5046059365404298
0.4672686230248307
0.513455584663015
0.48128090416764774
0.498036498036498
0.484472049689441
0.43029259896729777
0.4408352668213457
0.4502965599051008
0.4514551235020787
0.444647758462946
0.4357650096836669
0.44121017648407057
0.4603318936121846
0.44978364837166934
0.4404510218463707
0.46775203506574825
0.48843599725211817
0.43308791684711995
0.4432443448135317
0.5147273866722373
0.5368314833501514
0.5043016657514187
0.604293832877289
0.4978877489438745
0.4524278803081885
0.4928909952606635
0.4748858447488584
0.5315896113464726
0.488283378746594
0.44144437215354587
0.37904843794783605
0.34332425068119893
0.40084328882642306
0.5342077805932329
0.47490291960304903
0.5386996904024768
0.5291222313371616
0.5343082114735658
0.5141487552188031
0.5121541048769301
0.5261944999231832
0.4274594870486155
0.46533105996021595
0.5892169448010269
0.5599268069533394
0.5475619504396483
0.5336671498221109
0.5980810234541578
0.5712830957230143
0.4180064308681672
0.48289996157294734
0.5407430056566275
0.48127677214315323
0.48363636363636364
0.4372945044621888
0.46943765281173594
0.5276888998277135
0.5981357489825391
0.5891089108910891
0.51579290133507
0.48287775632557667
0.39737108190091003
0.5176501580611169
0.5595102505694761
0.485631823315347
0.4964400551217272
0.4142753548119755
0.46199701937406856
0.4304635761589404
0.5254237288135594
0.548108552631579
0.5241743725231176
0.4740291262135922
0.4946196660482375
0.5504509582863585
0.4898504922815121
0.5349756290343828
0.47356400593810666
0.49803729146221787
0.4798196166854566
0.5214026602176541
0.5123523093447906
0.49555236728837876
0.49147034930950445
0.5340125861552293
0.5233406272793582
0.5547268319970166
0.4587624405019472
0.4845977011494253
0.47488928672382924
0.4333730195072809
0.44364937388193204
0.48520204894706886
0.49082834524039387
0.5036655438874579
0.4937523665278304
0.4937523665278304
0.5341553147061748
0.5496214446490689
0.512512315270936
0.5025115919629057
0.5572787427626137
0.5346484572584724
0.5830177396850708
0.6076772262924363
0.5710625057197767
0.555308356322862
0.6466970839119223
0.5833185132491553
0.6179947274428098
0.6308794338482783
0.6064780647806478
0.567299626325021
0.5966460723742277
0.5940626270841806
0.6412618406187538
0.6453636209527038
0.686871126137004
0.68688
0.6244963738920226
0.6230031948881789
0.6128852432905949
0.5918218031054386
0.5053386584073681
0.5000396856893404
0.45048215668332514
0.5297771282426014
0.5364619277662755
0.5379294789865424
0.4960242066005207
0.45908588278658313
0.4310903816620215
0.41952506596306066
0.4019467506441454
0.4059889474360622
0.3952607205148253
0.38122523620847304
0.41186027619821286
0.3769625488243854
0.5065066912782649
0.5049781659388646
0.49699266705116585
0.4611632547483556
0.45951506245407786
0.38686131386861317
0.41559982514207205
0.4043471312130414
0.5593720857942183
0.5082320250086836
0.49538203190596136
0.5294198045513565
0.49004116319213914
0.42440183268284404
0.48590213680617017
0.4827889447236181
0.48661863098301594
0.6190317750790217
0.43803564140933204
0.44512026541332594
0.40470963879465177
0.3919680749984164
0.4220893422441083
0.4121952952881814
0.4123311575001616
0.45052813106272904
0.4586206896551724
0.4402758620689655
0.48978328173374613
0.5198247535596933
0.5018541409147095
0.5529193008553366
0.5653310104529616
0.5594827586206896
0.5528006077767802
0.5581682319873861
0.5298268120590122
0.5530474040632054
0.5862256703416361
0.599080359097876
0.662883087400681
0.5738601408161871
0.5283456398364558
0.5138278931750742
0.477780446793178
0.5592981986205049
0.5306603773584906
0.4687245258409869
0.5423883318140383
0.5445601189795218
0.5502434705621957
0.492500141506764
0.4838745428349773
0.4793946322608743
0.5327653247941445
0.601249349297241
0.6385770520484035
0.6841376924407542
0.7879900913983087
0.8424936146059976
0.8522977075264315
0.8395455028140597
0.8354034025675817
0.8464491362763915
0.635948990040026
0.6424995364361209
0.4868433551819132
0.0
0.2347451543431443
0.0
0.0
0.0
0.0
0.0
0.0
0.0
0.0
0.0
0.0
0.0
0.0
0.0
0.0
0.0
0.0
0.0
0.0
0.0
0.0
0.0
0.0
0.0
0.0
0.0
0.0
0.0
0.0
0.0
0.0
0.0
0.0
0.0
0.0
0.0
0.0
0.0
0.0
0.0
0.0
0.0
0.0
0.0
0.0
0.0
0.0
0.0
0.0
0.0
0.0
0.0
0.0
0.0
0.0
0.0
0.0
0.0
0.0
0.0
0.0
0.0
0.0
0.0
0.0
0.0
0.0
0.0
0.0
0.0
0.0
0.0
0.0
0.0
0.0
0.0
0.0
0.0
0.0
0.0
0.0
0.0
0.0
0.0
0.0
0.0
0.0
0.0
0.0
0.0
0.0
0.0
0.0
0.0
0.0
0.0
0.0
0.0
0.0
0.0
0.0
0.0
0.0
0.0
0.0
0.0
0.0
0.0
0.0
0.0
0.0
0.0
0.0
0.0
0.0
0.0
0.0
0.0
0.0
0.0
0.0
0.0
0.0
0.0
0.0
0.0
0.0
0.0
0.0
0.0
0.0
0.0
0.0
0.0
0.0
0.0
0.0
0.0
0.0
0.0
0.0
0.0
0.0
0.0
0.0
0.0
0.0
0.0
0.0
0.0
0.0
0.0
0.0
0.0
0.0
0.0
0.0
0.0
0.0
0.0
0.0
0.0
0.0
0.0
0.0
0.0
0.0
0.0
0.0
0.0
0.0
0.0
0.0
0.0
0.0
0.0
0.0
0.0
0.0
0.0
0.0
0.0
0.0
0.0
0.0
0.0
0.0
0.0
0.0
0.0
0.0
0.0
0.0
0.0
0.0
0.0
0.0
0.0
0.0
0.0
0.0
0.0
0.0
0.0
0.0
0.0
0.0
0.0
0.0
0.0
0.0
0.0
0.0
0.0
0.0
0.0
0.0
0.0
0.0
0.0
0.0
0.0
0.0
0.0
0.0
0.0
0.0
0.0
0.0
0.0
0.0
0.0
0.0
0.0
0.0
0.0
0.0
0.0
0.0
0.0
0.0
0.0
0.0
0.0
0.0
0.0
0.0
0.0
0.0
0.0
0.0
0.0
0.0
0.0
0.0
0.0
0.0
0.0
0.0
0.0
0.0
0.0
0.0
0.0
0.0
0.0
0.0
0.0
0.0
0.0
0.0
0.0
0.0
0.0
0.0
0.0
0.0
0.0
0.0
0.0
0.0
0.0
0.0
0.0
0.0
0.0
0.0
0.0
0.0
0.0
0.0
0.0
0.0
0.0
0.0
0.0
0.0
0.0
0.0
0.0
0.0
0.0
0.0
0.0
0.0
0.0
0.0
0.0
0.0
0.0
0.0
0.0
0.0
0.0
0.0
0.0
0.0
0.0
0.0
0.0
0.0
0.0
0.0
0.0
0.0
0.0
0.0
0.0
0.0
0.0
0.0
0.0
0.0
0.0
0.0
0.0
0.0
0.0
0.0
0.0
0.0
0.0
0.0
0.0
0.0
0.0
0.0
0.0
0.0
0.0
0.0
0.0
0.0
0.0
0.0
0.0
0.0
0.0
0.0
0.0
0.0
0.0
0.0
0.0
0.0
0.0
0.0
0.0
0.0
0.0
0.0
0.0
0.0
0.0
0.0
0.0
0.0
0.0
0.0
0.0
0.0
0.0
0.0
0.0
0.0
0.0
0.0
0.0
0.0
0.0
0.0
0.0
0.0
0.0
0.0
0.0
0.0
0.0
0.0
0.0
0.0
0.0
0.0
0.0
0.0
0.0
0.0
0.0
0.0
0.0
0.0
0.0
0.0
0.0
0.0
0.0
0.0
0.0
0.0
0.0
0.0
0.0
0.0
0.0
0.0
0.0
0.0
0.0
0.0
0.0
0.0
0.0
0.0
0.0
0.0
0.0
0.0
0.0
0.0
0.0
0.0
0.0
0.0
0.0
0.0
0.0
0.0
0.0
0.0
0.0
0.0
0.0
0.0
0.0
0.0
0.0
0.0
0.0
0.0
0.0
0.7532163742690059
0.8006814310051107
0.5899513776337115
0.0
0.5961484789282724
0.5915966386554622
0.41998551774076753
0.38452409209589367
0.3425531914893617
0.49134779429685593
0.7025609379821043
0.5855461264713934
0.4570821153335105
0.4291417165668663
0.3983606557377049
0.37320574162679426
0.28024346943951306
0.28254847645429365
0.37392884964944173
0.47532729103726085
0.5453818472610955
0.7675858187957231
0.6861274772362078
0.6486784140969163
0.8401400233372228
0.733838089691322
0.7203023758099352
0.648907831646244
0.769280205655527
0.7331670822942643
0.6794487717195926
0.9158377964804897
0.7743142144638404
