1.0
0.8926566359757467
0.7881616892321228
0.783109125346025
0.8473017707950187
0.7765470744040452
0.741959232503566
0.7824585635359116
0.7803030303030303
0.8258877434135166
0.8171234288069236
0.7121364092276831
0.7638515330823024
0.777570912276859
0.787568229920909
0.8011785370275937
0.7947392086330936
0.6999891221581638
0.7262979683972912
0.6867881548974943
0.684596577017115
0.6340734415029889
0.6565298192262207
0.6285652666199385
0.6428292954608744
0.6228932957626668
0.6664195277746093
0.6304347826086957
0.6782230579386532
0.6875823254700036
0.7152063452720288
0.6904761904761905
0.5895230648944488
0.627287853577371
0.6385192354222115
0.5475266432575617
0.5074507564944334
0.5217493395949516
0.48443887284024634
0.5163239223887534
0.49795506751078494
0.4449152542372881
0.42808607021517553
0.4219220895189195
0.4122137404580153
0.41234790446146913
0.4244954766875435
0.4520192663949611
0.42375824939215007
0.4537555733394307
0.46054769087955444
0.49545995366021667
0.501584886522125
0.4851011649294911
0.46552129912920687
0.5349573690621193
0.5209655417828124
0.5225461035098156
0.5405538461538462
0.5526266121421831
0.5446516192345436
0.5056398288603656
0.5785491766800178
0.6032054395337543
0.6067045246382121
0.6242575205978157
0.5751331326695994
0.5895173542129251
0.612977702169026
0.6456854811965245
0.6805788590604027
0.6430148682467246
0.6700928127636726
0.5376506024096386
0.5944435574006067
0.5425531914893617
0.5631106521566447
0.5919326899282356
0.5871859913264054
0.6390168970814132
0.5778073975341553
0.5552729873639036
0.5720953082780643
0.5749574105621805
0.6507799789453537
0.6075113495666529
0.6642416225749559
0.5610546790577048
0.597215777262181
0.5716395864106352
0.5252362295459784
0.6396015283842795
0.6762371952099264
0.7072368421052632
0.7006369426751592
0.6367990983375599
0.6257787622871384
0.6680220737728725
0.7341506694628166
0.7227251071939018
0.7642031171442936
0.7365398420674802
0.7126237193957284
0.728414442700157
0.7536448598130842
0.6579087519971596
0.6338684619368203
0.68
0.6540834845735027
0.6815368196371399
0.6815368196371399
0.7400530503978779
0.7340737636211232
0.7276102088167054
0.6934579439252336
0.6464258262874711
0.542894351294156
0.4968118054290399
0.4610011641443539
0.46526122823098076
0.5051297525648762
0.46635030198446936
0.471846355303361
0.6470588235294118
0.657719517270079
0.8013355592654424
0.7699486700886607
0.7974403150381492
0.7766059443911792
0.7914020517830972
0.7380410022779044
0.7307093617967534
0.6833021418174257
0.6670148318362231
0.6513667890656875
0.6438213914849429
0.6777437691298644
0.6216162021255264
0.6008916456677651
0.422442799461642
0.4487133666904932
0.44161097432289836
0.45579960065347613
0.5015980823012385
0.4993040365877908
0.5527184679727053
0.529746835443038
0.5415139098555101
0.5318788392289769
0.49049979347377115
0.47226088685623385
0.4849908107004288
0.5056418990845221
0.4676117345934239
0.4681647940074906
0.4229462322606436
0.4341403364792778
0.3826086956521739
0.4390455531453362
0.49514563106796117
0.46646341463414637
0.4058000405597242
0.40253470126735064
0.4238701184730145
0.4852430555555556
0.46496153046371386
0.46496153046371386
0.5718667835232253
0.5529661016949152
0.5440084835630965
0.5351554350093887
0.4421416234887737
0.471841081302478
0.501964207769533
0.5052724077328646
0.572139303482587
0.5498446091322018
0.5210693248753965
0.5585235551238465
0.6221009549795361
0.6900958466453674
0.623405612244898
0.617296222664016
0.569377990430622
0.6386404293381037
0.6800862688713156
0.5865746549560853
0.6285714285714286
0.6455485161720573
0.6454953400069037
0.5784101453758119
0.6789137380191693
0.6491545893719807
0.7039947609692206
0.6730769230769231
0.7018927444794952
0.7292011932383162
0.5986394557823129
0.5806243965239781
0.6506189821182944
0.6146848602988954
0.7322758174166397
0.8110599078341014
0.7732651103293892
0.7277992277992278
0.733013040494166
0.6977205153617443
0.7561061946902655
0.7473757872638208
0.6369119420989143
0.6675
0.7290260366441659
0.75
0.7864077669902912
0.817219992703393
0.7647058823529411
0.7353723404255319
0.7126436781609196
0.8217362491716369
0.7694071405175238
0.7694071405175238
0.6614955010859448
0.6933333333333334
0.5522225252249795
0.6426531259917486
0.5966587112171837
0.6351944792973652
0.5849220103986135
0.6426531259917486
0.4838709677419355
0.45590994371482174
0.5282550196646657
0.5562336530078466
0.6288376032182934
0.6300381841323717
0.5836909871244635
0.6562842728668568
0.6657078282309431
0.7278642807343714
0.7166182062178483
0.7220386974988202
0.6736753574432296
0.7293035479632063
0.809107280679187
0.7378917378917379
0.6286407766990292
0.6680118946474086
0.5744918888681708
0.6934050031010958
0.8145025295109612
0.7330264672036824
0.7033166742389823
0.7920184190330007
0.734966592427617
0.8918737407656145
0.6424629683415626
0.6385681293302541
0.5479704797047971
0.5330350092129508
0.4990624162871685
0.5247349823321554
0.43466522678185743
0.3938356164383562
0.38957915831663326
0.3981042654028436
0.48545454545454547
0.45082313212325875
0.4155642023346304
0.40577507598784196
0.47629310344827586
0.5227713178294574
0.5328128811905343
0.5941240478781284
0.637017310252996
0.6639500135832654
0.6546286876907427
0.6377601585728444
0.6862696237229006
0.7131020196789228
0.6407766990291263
0.6065032987747409
0.6600996914312841
0.6315092674315975
0.6219512195121951
0.6495283018867924
0.6789940828402367
0.7170654746252958
0.7315914489311164
0.7129629629629629
0.7843964153927253
0.7469879518072289
0.7875307629204266
0.7916437603078614
0.7062359128474831
0.7069502074688797
0.7069502074688797
0.6714285714285714
0.6684649337910741
0.664715922945623
0.6391559202813599
0.5971522453450164
0.6920052424639581
0.6823174671548567
0.6987207763564182
0.7369155617585486
0.7344262295081967
0.687333923826395
0.8633524856357732
0.8388349514563107
0.7060554057367002
0.7392197125256673
0.7130477841049765
0.6991988346686089
0.762902019446522
0.7579886054000495
0.7686510926902789
0.7361077700264614
0.7247904191616766
0.7393110188126069
0.635500365230095
0.6525
0.6232315711094565
0.6843826655764513
0.6345672140272752
0.6676427525622255
0.7233895969686531
0.7529580494801004
0.6907078161690707
0.7015332197614992
0.7705141300646918
0.7325995467788928
0.674074074074074
0.6793611793611793
0.6564885496183206
0.5899390243902439
0.6815393195761293
0.6851696103167928
0.6491083676268862
0.7900774304559793
0.6755066299724793
0.6852791878172588
0.6753534793457167
0.6586390366844022
0.822992700729927
0.7296389588581025
0.6677408959071865
0.6905623150279513
0.7019011406844107
0.6419753086419753
0.7314540059347181
0.7591623036649214
0.7046487242222998
0.7088607594936709
0.6140350877192983
0.6743256743256744
0.6609007832898173
0.6377551020408163
0.6725340418465626
0.6296168450120815
0.6121648136036625
0.6772881355932203
0.6405276658116527
0.6777820860798759
0.6292291594000697
0.5956537228357677
0.6521739130434783
0.6220822526861801
0.5722049689440993
0.5523012552301255
0.5769080234833659
0.5886002326483133
0.5314799672935405
0.5569409808811305
0.5571757482732157
0.5464362850971922
0.5191059841384282
0.5278174037089871
0.47217298830202054
0.47717231222385864
0.45489815712900095
0.43258426966292135
0.46696745085401226
0.45695364238410596
0.6643073811931244
0.7460650577124869
0.6333438785194558
0.6653373213692256
0.6782608695652174
0.648568608094768
0.6004543979227523
0.6065998058880622
0.5796064400715564
0.5850910141577579
0.6689895470383276
0.6795044438459467
0.6810722100656456
0.7120500782472613
0.6138978370915784
0.6237236584835977
0.5074135090609555
0.41269363814107385
0.5790415589580433
0.5855198263957389
0.6013123881487373
0.5919317300232738
0.4755357864941367
0.550578981865851
0.4929863793453954
0.5236450010796804
0.5361117172157975
0.5742108797850907
0.453512161854967
0.4813027744270205
0.543152563832032
0.533306255077173
0.555578052237295
0.5823327615780446
0.4601619088197699
0.5074839629365645
0.5084043288049735
0.5033751205400193
0.49807049138152815
0.6365853658536585
0.5830633965756594
0.6187050359712231
0.0
0.0
0.0
0.0
0.0
0.0
0.0
0.0
0.0
0.0
0.0
0.0
0.0
0.0
0.0
0.0
0.0
0.0
0.0
0.0
0.0
0.0
0.0
0.0
0.0
0.0
0.0
0.0
0.0
0.0
0.0
0.0
0.0
0.0
0.0
0.0
0.0
0.0
0.0
0.0
0.0
0.0
0.0
0.0
0.0
0.0
0.0
0.0
0.0
0.0
0.0
0.0
0.0
0.0
0.0
0.0
0.0
0.0
0.0
0.0
0.0
0.0
0.0
0.0
0.0
0.0
0.0
0.0
0.0
0.0
0.0
0.0
0.0
0.0
0.0
0.0
0.0
0.0
0.0
0.0
0.0
0.0
0.0
0.0
0.0
0.0
0.0
0.0
0.0
0.0
0.0
0.0
0.0
0.0
0.0
0.0
0.0
0.0
0.0
0.0
0.0
0.0
0.0
0.0
0.0
0.0
0.0
0.0
0.0
0.0
0.0
0.0
0.0
0.0
0.0
0.0
0.0
0.0
0.0
0.0
0.0
0.0
0.0
0.0
0.0
0.0
0.0
0.0
0.0
0.0
0.0
0.0
0.0
0.0
0.0
0.0
0.0
0.0
0.0
0.0
0.0
0.0
0.0
0.0
0.0
0.0
0.0
0.0
0.0
0.0
0.0
0.0
0.0
0.0
0.0
0.0
0.0
0.0
0.0
0.0
0.0
0.0
0.0
0.0
0.0
0.0
0.0
0.0
0.0
0.0
0.0
0.0
0.0
0.0
0.0
0.0
0.0
0.0
0.0
0.0
0.0
0.0
0.0
0.0
0.0
0.0
0.0
0.0
0.0
0.0
0.0
0.0
0.0
0.0
0.0
0.0
0.0
0.0
0.0
0.0
0.0
0.0
0.0
0.0
0.0
0.0
0.0
0.0
0.0
0.0
0.0
0.0
0.0
0.0
0.0
0.0
0.0
0.0
0.0
0.0
0.0
0.0
0.0
0.0
0.0
0.0
0.0
0.0
0.0
0.0
0.0
0.0
0.0
0.0
0.0
0.0
0.0
0.0
0.0
0.0
0.0
0.0
0.0
0.0
0.0
0.0
0.0
0.0
0.0
0.0
0.0
0.0
0.0
0.0
0.0
0.0
0.0
0.0
0.0
0.0
0.0
0.0
0.0
0.0
0.0
0.0
0.0
0.0
0.0
0.0
0.0
0.0
0.0
0.0
0.0
0.0
0.0
0.0
0.0
0.0
0.0
0.0
0.0
0.0
0.0
0.0
0.0
0.0
0.0
0.0
0.0
0.0
0.0
0.0
0.0
0.0
0.0
0.0
0.0
0.0
0.0
0.0
0.0
0.0
0.0
0.0
0.0
0.0
0.0
0.0
0.0
0.0
0.0
0.0
0.0
0.0
0.0
0.0
0.0
0.0
0.0
0.0
0.0
0.0
0.0
0.0
0.0
0.0
0.0
0.0
0.0
0.0
0.0
0.0
0.0
0.0
0.0
0.0
0.0
0.0
0.0
0.0
0.0
0.0
0.0
0.0
0.0
0.0
0.0
0.0
0.0
0.0
0.0
0.0
0.0
0.0
0.0
0.0
0.0
0.0
0.0
0.0
0.0
0.0
0.0
0.0
0.0
0.0
0.0
0.0
0.0
0.0
0.0
0.0
0.0
0.0
0.0
0.0
0.0
0.0
0.0
0.0
0.0
0.0
0.0
0.0
0.0
0.0
0.0
0.0
0.0
0.0
0.0
0.0
0.0
0.0
0.0
0.0
0.0
0.0
0.0
0.0
0.0
0.0
0.0
0.0
0.0
0.0
0.0
0.0
0.0
0.0
0.0
0.0
0.0
0.0
0.0
0.0
0.0
0.0
0.0028661116418725262
0.0028661116418725262
0.004617321953267105
0.004617321953267105
0.004547751389590703
0.004547751389590703
0.004547751389590703
0.004547751389590703
0.0
0.0
0.0
0.0
0.0
0.0
0.0
0.0
0.0
0.0
0.0
0.0
0.0
0.0
0.0
0.0
0.0
0.0
0.0
0.0
0.0
0.0
0.0
0.0
0.0
0.0
0.0
0.0
0.0
0.0
0.0
0.0
0.0
0.0
0.0
0.0
0.0
0.0
0.0
0.0
0.0
0.0
0.0
0.0
0.0
0.0
0.0
0.0
0.0
0.0
0.0
0.0
0.0
0.0
0.0
0.0
0.0
0.0
0.0
0.0
0.0
0.0
0.0
0.0
0.0
0.0
0.0
0.0
0.0
0.0
0.0
0.0
0.0
0.0
0.0
0.0
0.0
0.0
0.0
0.0
0.0
0.0
0.0
0.0
0.0
0.0
0.0
0.0
0.0
0.0
0.0
0.0
0.0
0.0
0.0
0.0
0.0
0.0
0.0
0.0
0.0
0.0
0.0
0.0
0.0
0.0
0.0
0.0
0.0
0.0
0.0
0.0
0.0
0.0
0.0
0.0
0.0
0.0
0.0
0.0
0.0
0.0
0.0
0.0
0.0
0.0
0.0
0.0
0.0
0.0
0.0
0.0
0.0
0.0
0.0
0.0
0.0
0.0
0.0
0.0
0.0
0.0
0.0
0.0
0.0
0.0
0.0
0.0
0.0
0.0
0.0
0.0
0.0
0.0
0.0
0.0
0.0
0.0
0.0
0.0
0.0
0.0
0.0
0.0
0.0
0.0
0.0
0.0
0.0
0.0
0.0
0.0
0.0
0.0
0.0
0.0
0.0
0.0
0.0
0.0
0.0
0.0
0.0
0.0
0.0
0.0
0.0
0.0
0.0
0.0
0.0
0.0
0.0
0.0
0.0
0.0
0.0
0.0
0.0
0.0
0.0
0.0
0.0
0.0
0.002746672300866258
0.002953586497890295
0.0
0.0037751677852348995
0.0
0.01195219123505976
0.022942901500776262
0.02052077944473185
0.017586206896551725
0.02173163159710245
0.02214777591662014
0.01786046511627907
0.01786046511627907
0.01786046511627907
0.01678478179783663
0.013984710050344957
0.014495754814661421
0.014495754814661421
0.014495754814661421
0.013457556935817806
0.012515644555694618
0.012515644555694618
0.012515644555694618
0.012515644555694618
0.011874134177716208
0.011874134177716208
0.011874134177716208
0.011874134177716208
0.011732499022291749
0.011732499022291749
0.011732499022291749
0.011732499022291749
0.010087424344317418
0.010087424344317418
0.010087424344317418
0.010087424344317418
0.010830324909747292
0.010830324909747292
0.011939218523878437
0.011939218523878437
0.006684221186955641
0.006684221186955641
0.002522598276224511
0.002522598276224511
0.002522598276224511
0.002522598276224511
0.00022888532845044633
0.00022888532845044633
0.0
0.0
0.0
0.0
0.0
0.0
0.0
0.0
0.0
0.0
0.0
0.0
0.0
0.0
0.0
0.0
0.0
0.0
0.0
0.0
0.0
0.0
0.0
0.0
0.0
0.0
0.0
0.0
0.0
0.0
0.0
0.0
0.0
0.0
0.0
0.0
0.0
0.0
0.0
0.0
0.0
0.0063025210084033615
0.010246978455070941
0.007352941176470588
0.0
0.0
0.0
0.0
0.011107946454001708
0.009393680614859094
0.0137221269296741
0.0
0.0
0.0
0.008041817450743867
0.007272727272727273
0.015045135406218655
0.015045135406218655
0.003304692663582287
0.003304692663582287
0.008061915511125443
0.0032175032175032173
0.00885282183696053
0.009262689885142646
0.010177377144518756
0.010177377144518756
0.01026694045174538
0.01026694045174538
0.01026694045174538
0.01026694045174538
0.006346328195829556
0.006346328195829556
0.006346328195829556
0.006346328195829556
0.0
0.0
0.0
0.0
0.0
0.0
0.0
0.0
0.0
0.0
0.0
0.0
0.0
0.0
0.0
0.0
0.0
0.0
0.0
0.0
0.0
0.0
0.0
0.0
0.0
0.0
0.0
0.0
0.0
0.0
0.0
0.0
0.0
0.0
0.0
0.0
0.0
0.0
0.0
0.0
0.0
0.0
0.0
0.0
0.0
0.0
0.0
0.0
0.0
0.0
0.0
0.0
0.0
0.0
0.0
