1,922,209,74,214
2,917,212,82,218
3,914,208,91,228
4,913,207,90,232
5,915,204,84,230
6,916,204,87,242
7,912,206,91,242
8,913,205,86,239
9,910,212,90,229
10,916,212,84,232
11,915,212,86,229
12,918,211,86,235
13,919,213,82,230
14,924,213,82,226
15,923,212,81,225
16,924,214,80,224
17,922,215,81,223
18,926,213,84,222
19,929,217,81,222
20,934,218,81,220
21,933,223,82,209
22,936,221,84,224
23,933,219,82,219
24,936,219,86,218
25,937,221,82,220
26,940,218,84,227
27,941,219,81,219
28,942,221,82,225
29,946,221,78,220
30,948,222,77,218
31,946,221,74,220
32,945,224,79,208
33,944,222,80,227
34,942,224,78,219
35,944,223,77,218
36,945,225,77,214
37,946,222,80,222
38,946,225,80,216
39,943,222,83,224
40,948,228,79,221
41,943,224,83,218
42,948,227,82,210
43,944,227,86,208
44,940,225,86,211
45,943,226,88,211
46,943,223,86,209
47,946,226,82,213
48,944,226,76,216
49,943,223,81,216
50,939,226,84,211
51,942,224,82,213
52,945,225,79,205
53,941,228,80,200
54,942,224,78,212
55,940,224,79,218
56,940,219,74,225
57,938,223,81,211
58,937,224,80,213
59,939,227,80,206
60,938,223,75,215
61,938,224,78,212
62,933,221,84,217
63,940,225,76,210
64,935,221,77,217
65,934,221,78,213
66,932,231,76,207
67,929,225,83,211
68,932,231,83,209
69,932,234,78,214
70,932,242,75,204
71,936,245,73,199
72,933,256,73,189
73,934,256,72,184
74,929,265,79,179
75,933,269,72,176
76,930,275,75,178
77,930,276,74,172
78,926,279,76,162
79,930,278,73,170
80,931,281,68,164
81,931,284,70,172
82,931,283,70,181
83,928,283,75,164
84,926,288,73,162
85,928,287,73,145
86,928,296,70,139
87,928,293,68,136
88,927,302,66,142
89,923,303,69,126
90,923,308,70,117
91,921,310,74,117
92,924,307,67,111
93,925,304,64,110
94,929,300,57,120
95,929,301,59,117
96,930,292,58,125
97,930,293,59,125
98,934,287,55,128
99,938,286,50,127
100,938,286,52,124
101,938,285,51,120
102,943,277,47,118
103,942,278,49,117
104,944,268,47,117
105,945,268,44,113
106,945,258,45,110
107,946,259,47,108
108,947,263,43,105
109,948,263,45,105
110,954,260,39,102
111,952,260,39,102
112,954,237,33,114
113,953,237,35,119
114,956,208,33,116
115,956,208,33,110
116,955,202,42,116
117,950,199,49,118
118,953,206,49,104
119,952,207,49,90
120,948,220,51,93
121,953,219,46,92
122,952,231,44,97
123,952,230,43,98
124,951,240,40,105
125,949,242,43,113
126,949,249,38,111
127,951,250,39,109
128,952,258,38,109
129,950,258,39,109
130,953,262,39,107
131,951,262,41,109
132,953,265,41,113
133,951,264,43,115
134,953,270,42,115
135,951,270,43,115
136,951,272,43,115
137,953,270,42,112
138,953,267,43,119
139,953,267,43,123
140,949,261,47,129
141,952,265,45,127
142,952,260,43,135
143,951,260,42,134
144,950,261,41,125
145,950,263,44,117
146,952,263,42,111
147,953,263,43,113
148,956,260,41,116
149,956,259,40,121
150,958,255,41,121
151,957,254,44,117
152,960,249,44,114
153,960,251,43,112
154,956,249,46,113
155,957,249,44,118
156,956,255,43,119
157,956,255,43,116
158,953,265,45,120
159,956,265,40,118
160,953,277,42,113
161,953,278,43,117
162,955,289,42,120
163,953,287,40,127
164,957,294,38,121
165,956,295,39,121
166,956,293,41,120
167,956,293,41,120
168,957,284,39,120
169,958,284,39,124
170,959,276,39,124
171,959,277,39,126
172,956,270,41,130
173,957,270,41,122
174,959,268,42,112
175,958,268,41,114
176,961,267,38,109
177,958,270,41,105
178,958,271,42,108
179,958,270,40,106
180,960,274,39,97
181,964,274,34,92
182,964,280,35,87
183,965,282,35,81
184,964,285,36,85
185,967,285,32,85
186,968,292,32,87
187,965,290,36,88
188,965,295,36,90
189,966,295,35,87
190,968,299,34,84
191,963,300,38,84
192,968,301,35,85
193,967,301,37,86
194,970,301,34,86
195,968,301,35,84
196,972,301,35,89
197,970,300,33,89
198,969,304,35,84
199,970,305,36,81
200,972,307,33,85
201,972,305,35,85
202,974,306,34,89
203,974,310,32,87
204,973,309,35,92
205,975,308,35,87
206,977,311,34,89
207,973,310,35,89
208,977,312,33,89
209,977,310,33,90
210,976,313,37,92
211,977,312,36,92
212,975,315,37,87
213,977,314,36,87
214,977,316,34,88
215,981,317,31,91
216,978,319,32,90
217,978,318,34,90
218,978,323,37,93
219,979,320,34,92
220,981,325,34,93
221,982,323,34,93
222,980,329,37,90
223,978,329,37,86
224,979,331,41,92
225,981,331,37,88
226,978,333,39,88
227,980,332,37,89
228,979,331,41,87
229,981,330,37,88
230,977,326,49,94
231,978,326,48,91
232,977,317,51,97
233,977,316,48,98
234,976,312,51,95
235,978,311,52,93
236,974,303,53,99
237,975,305,52,90
238,973,300,52,96
239,977,301,48,90
240,973,298,48,95
241,971,300,47,89
242,968,298,51,95
243,969,300,51,92
244,968,300,44,87
245,965,302,49,84
246,962,307,56,84
247,962,307,53,85
248,958,320,61,78
249,959,316,53,85
250,955,322,52,93
251,954,320,56,94
252,948,335,51,88
253,952,335,47,85
254,948,342,44,82
255,955,339,35,86
256,945,343,39,91
257,945,344,42,85
258,934,352,49,79
259,937,354,49,78
260,928,356,50,75
261,931,359,49,68
262,922,347,51,74
263,921,344,54,77
264,915,341,59,84
265,914,337,57,87
266,917,329,48,94
267,914,329,50,97
268,912,325,52,101
269,910,329,56,96
270,914,331,50,95
271,917,334,46,91
272,918,333,47,89
273,921,333,40,94
274,922,328,39,98
275,922,326,38,100
276,923,320,39,104
277,923,319,40,104
278,921,314,41,101
279,924,313,38,105
280,922,308,41,101
281,922,305,42,104
282,919,300,41,104
283,919,302,44,106
284,921,297,42,106
285,921,299,41,104
286,920,301,40,102
287,921,303,38,100
288,919,304,39,99
289,918,304,40,99
290,918,308,40,95
291,917,309,42,95
292,916,311,38,98
293,916,309,39,95
294,915,313,40,100
295,914,311,39,102
296,915,314,39,102
297,914,314,41,102
298,912,312,40,105
299,914,312,41,103
300,913,312,41,107
301,910,311,43,109
302,909,308,44,107
303,911,309,43,111
304,911,308,44,106
305,911,310,43,103
306,911,311,42,104
307,912,310,43,108
308,914,311,39,106
309,914,310,39,109
310,914,315,40,105
311,913,314,39,103
312,916,316,40,104
313,913,313,40,106
314,917,313,39,106
315,914,314,40,104
316,917,314,38,108
317,917,313,40,107
318,916,319,41,104
319,915,319,41,102
320,915,321,41,103
321,916,324,42,98
322,907,331,46,90
323,909,331,42,90
324,899,337,43,86
325,900,337,40,88
326,889,342,38,79
327,892,344,38,76
328,878,345,40,77
329,876,344,41,74
330,870,343,40,76
331,868,343,42,76
332,862,336,42,79
333,862,334,41,82
334,857,328,41,89
335,855,325,44,92
336,852,320,39,95
337,854,318,38,97
338,851,315,38,97
339,851,318,38,95
340,846,317,42,98
341,847,318,41,99
342,838,324,40,91
343,839,324,40,88
344,827,334,42,81
345,825,335,46,78
346,815,340,42,75
347,815,340,41,76
348,803,342,37,73
349,801,342,40,72
350,786,342,38,72
351,787,340,36,77
352,769,339,37,80
353,769,338,36,78
354,750,334,38,82
355,752,334,36,85
356,733,331,37,85
357,732,331,38,84
358,715,326,36,85
359,716,327,35,81
360,696,322,35,83
361,696,323,34,79
362,679,326,33,75
363,681,326,31,75
364,660,322,32,81
365,659,325,32,75
366,642,330,32,74
367,642,330,33,72
368,620,330,34,66
369,621,332,35,65
370,601,332,34,66
371,602,332,34,68
372,582,335,33,64
373,583,333,32,66
374,563,336,34,65
375,562,336,36,68
376,542,336,35,71
377,542,335,35,73
378,524,339,35,73
379,525,336,34,71
380,500,340,40,66
381,499,340,42,65
382,480,341,39,68
383,481,341,40,68
384,465,343,35,72
385,464,341,33,78
386,441,340,38,76
387,443,342,36,76
388,423,345,37,75
389,423,345,36,72
390,402,348,35,73
391,403,346,35,74
392,379,351,38,71
393,379,349,39,74
394,358,350,39,77
395,358,346,38,86
396,335,353,41,82
397,334,347,42,90
398,310,350,46,91
399,310,339,46,101
400,273,345,54,102
401,266,346,66,101
402,246,348,48,103
403,247,345,48,105
404,227,347,47,107
405,226,347,48,108
406,201,348,47,99
407,204,348,42,106
408,178,351,48,96
409,178,350,45,96
410,157,349,45,90
411,156,348,43,94
412,136,348,43,98
413,138,347,40,99
414,112,346,44,102
415,110,345,45,105
416,88,347,48,101
417,89,346,45,101
418,64,348,49,92
419,67,346,43,93
420,47,347,45,96
421,47,349,45,89
422,26,348,43,90
423,25,348,45,90
424,5,343,46,92
425,6,345,45,92
426,nan,nan,nan,nan
427,nan,nan,nan,nan
428,nan,nan,nan,nan
429,nan,nan,nan,nan
430,nan,nan,nan,nan
431,nan,nan,nan,nan
432,nan,nan,nan,nan
433,nan,nan,nan,nan
434,nan,nan,nan,nan
435,nan,nan,nan,nan
436,68,319,33,83
437,68,319,33,83
438,68,319,33,83
439,68,319,33,83
440,68,319,33,83
441,68,319,33,83
442,nan,nan,nan,nan
443,1,312,32,87
444,1,312,32,87
445,55,362,40,84
446,34,363,44,79
447,35,363,41,76
448,35,363,41,76
449,35,363,41,76
450,5,315,57,74
451,15,317,57,80
452,15,317,57,80
453,15,317,57,80
454,15,317,57,80
455,15,317,57,80
456,15,317,57,80
457,15,317,57,80
458,15,317,57,80
459,15,317,57,80
460,15,317,57,80
461,15,317,57,80
462,15,317,57,80
463,15,317,57,80
464,15,317,57,80
465,15,317,57,80
466,15,317,57,80
467,15,317,57,80
468,15,317,57,80
469,15,317,57,80
470,36,393,54,97
471,36,393,54,97
472,37,392,46,94
473,46,391,34,98
474,41,393,32,96
475,41,389,26,103
476,41,389,26,103
477,41,389,26,103
478,41,389,26,103
479,41,389,26,103
480,41,389,26,103
481,41,389,26,103
482,41,389,26,103
483,41,389,26,103
484,41,389,26,103
485,41,389,26,103
486,41,389,26,103
487,41,389,26,103
488,41,389,26,103
489,41,389,26,103
490,6,393,30,101
491,6,393,30,101
492,32,452,38,104
493,32,452,38,104
494,15,455,43,107
495,20,454,27,117
496,14,452,37,111
497,16,458,28,108
498,14,455,31,105
499,9,454,35,108
500,9,462,48,93
501,9,462,48,93
502,2,457,52,93
503,5,465,46,88
504,nan,nan,nan,nan
505,4,463,43,85
506,nan,nan,nan,nan
507,1,469,38,79
508,1,484,36,73
509,nan,nan,nan,nan
510,3,495,31,56
511,5,495,28,49
512,5,493,28,44
513,4,495,29,41
514,2,493,28,40
515,2,493,27,39
516,3,490,26,39
517,2,489,29,40
518,2,489,24,37
519,2,485,24,36
520,4,488,29,36
521,1,486,27,38
522,2,490,23,33
523,1,489,22,33
524,1274,478,25,37
525,1276,481,24,37
526,1276,481,24,37
527,1276,481,24,37
528,1276,481,24,37
529,1276,481,24,37
530,1276,481,24,37
531,1276,481,24,37
532,1276,481,24,37
533,1276,481,24,37
534,1276,481,24,37
535,1276,481,24,37
536,1276,481,24,37
537,1276,481,24,37
538,1276,481,24,37
539,1276,481,24,37
540,1276,481,24,37
541,1276,481,24,37
542,1276,481,24,37
543,1276,481,24,37
544,1276,481,24,37
545,1276,481,24,37
546,1276,481,24,37
547,1276,481,24,37
548,64,474,20,33
549,70,475,20,30
550,61,474,19,28
551,60,474,18,26
552,53,474,20,26
553,52,473,18,25
554,45,472,20,25
555,45,470,19,26
556,39,469,19,25
557,38,468,20,26
558,30,467,19,26
559,31,468,21,26
560,23,466,20,24
561,22,466,19,23
562,16,462,18,23
563,15,463,18,23
564,8,461,18,24
565,8,460,18,24
566,1,459,18,22
567,1,461,18,21
568,nan,nan,nan,nan
569,nan,nan,nan,nan
570,nan,nan,nan,nan
571,nan,nan,nan,nan
572,nan,nan,nan,nan
573,nan,nan,nan,nan
574,nan,nan,nan,nan
575,nan,nan,nan,nan
576,nan,nan,nan,nan
577,nan,nan,nan,nan
578,nan,nan,nan,nan
579,nan,nan,nan,nan
580,nan,nan,nan,nan
581,nan,nan,nan,nan
582,nan,nan,nan,nan
583,nan,nan,nan,nan
584,nan,nan,nan,nan
585,nan,nan,nan,nan
586,15,457,19,23
587,15,457,19,23
588,7,456,22,23
589,6,458,25,19
590,nan,nan,nan,nan
591,nan,nan,nan,nan
592,1276,457,24,27
593,1278,455,24,30
594,1278,455,24,30
595,1278,455,24,30
596,1278,455,24,30
597,1278,455,24,30
598,1278,455,24,30
599,1278,455,24,30
600,1278,453,22,28
601,1278,453,22,28
602,1,453,24,27
603,1,453,23,29
604,nan,nan,nan,nan
605,nan,nan,nan,nan
606,nan,nan,nan,nan
607,nan,nan,nan,nan
608,nan,nan,nan,nan
609,nan,nan,nan,nan
610,nan,nan,nan,nan
611,nan,nan,nan,nan
612,3,453,30,31
613,6,453,29,30
614,1276,454,31,33
615,1276,454,31,33
616,nan,nan,nan,nan
617,2,453,24,32
618,2,453,24,32
619,2,453,24,32
620,2,453,24,32
621,2,453,24,32
622,1,453,27,27
623,1,453,27,27
624,1,453,27,27
625,1,453,27,27
626,1,453,27,27
627,1,453,27,27
628,1,453,27,27
629,1,453,27,27
630,1,453,27,27
631,58,481,27,27
632,45,463,31,27
633,48,473,34,25
634,42,462,36,31
635,39,461,39,34
636,73,417,31,25
637,76,355,29,31
638,33,333,28,25
639,33,333,28,25
640,34,334,28,21
641,38,308,24,26
642,37,315,20,26
643,37,315,18,27
644,36,320,17,28
645,35,321,19,28
646,34,324,15,32
647,33,325,17,28
648,30,318,18,30
649,30,318,18,32
650,29,315,17,31
651,31,316,16,28
652,28,323,17,33
653,27,318,18,29
654,26,319,18,26
655,26,318,18,25
656,23,327,18,24
657,24,316,19,27
658,22,318,20,27
659,22,319,18,25
660,21,320,16,23
661,22,320,17,24
662,21,323,15,24
663,20,322,16,24
664,20,325,15,25
665,21,324,15,24
666,18,329,16,25
667,19,330,15,24
668,18,328,15,24
669,18,328,15,24
670,16,328,15,24
671,14,326,15,24
672,12,326,15,24
673,11,326,15,24
674,7,326,15,24
675,7,327,15,24
676,5,330,15,23
677,5,329,15,24
678,2,334,14,26
679,1,331,14,26
680,nan,nan,nan,nan
681,nan,nan,nan,nan
682,nan,nan,nan,nan
683,nan,nan,nan,nan
684,nan,nan,nan,nan
685,nan,nan,nan,nan
686,nan,nan,nan,nan
687,nan,nan,nan,nan
688,nan,nan,nan,nan
689,nan,nan,nan,nan
690,nan,nan,nan,nan
691,nan,nan,nan,nan
692,3,314,17,25
693,nan,nan,nan,nan
694,1278,312,16,24
695,1278,311,14,23
696,1278,311,14,23
697,1278,311,14,23
698,1278,311,14,23
699,1278,311,14,23
700,1278,311,14,23
701,1278,311,14,23
702,1278,311,14,23
703,1278,311,14,23
704,1278,311,14,23
705,1278,311,14,23
706,36,282,16,24
707,36,282,16,24
708,36,282,16,24
709,36,282,16,24
710,36,282,16,24
711,36,282,16,24
712,36,282,16,24
713,36,282,16,24
714,13,286,17,21
715,9,289,19,17
716,4,291,19,15
717,2,292,21,16
718,nan,nan,nan,nan
719,nan,nan,nan,nan
720,1,287,22,12
721,1278,286,24,14
722,1,282,23,15
723,1,282,20,13
724,1,282,17,13
725,nan,nan,nan,nan
726,1,281,17,13
727,1,280,18,14
728,1278,277,17,13
729,nan,nan,nan,nan
730,nan,nan,nan,nan
731,nan,nan,nan,nan
732,nan,nan,nan,nan
733,nan,nan,nan,nan
734,nan,nan,nan,nan
735,nan,nan,nan,nan
736,nan,nan,nan,nan
737,nan,nan,nan,nan
738,nan,nan,nan,nan
739,nan,nan,nan,nan
740,nan,nan,nan,nan
741,nan,nan,nan,nan
742,1,291,14,15
743,nan,nan,nan,nan
744,1278,292,12,16
745,1,292,9,14
746,1,292,9,14
747,1,292,9,14
748,1,292,9,14
749,1,292,9,14
750,1,292,9,14
751,1,292,9,14
752,1,292,9,14
753,1,292,9,14
754,1,292,9,14
755,1,292,9,14
756,1,292,9,14
757,1,292,9,14
758,1,292,9,14
759,1,292,9,14
760,1,292,9,14
761,1,292,9,14
762,1,292,9,14
763,1,292,9,14
764,1,292,9,14
765,1,292,9,14
766,1,292,9,14
767,1,292,9,14
768,1,292,9,14
769,1,292,9,14
770,1,292,9,14
771,1,292,9,14
772,1,292,9,14
773,1,292,9,14
774,1,292,9,14
775,1,292,9,14
776,1,292,9,14
777,1,292,9,14
778,1,292,9,14
779,1,292,9,14
780,1,292,9,14
781,1,292,9,14
782,1,292,9,14
783,1,292,9,14
784,1,292,9,14
785,1,292,9,14
786,1,292,9,14
787,1,292,9,14
788,1,292,9,14
789,1,292,9,14
790,1,292,9,14
791,1,292,9,14
792,1,292,9,14
793,1,292,9,14
794,1,292,9,14
795,1,292,9,14
796,1,292,9,14
797,1,292,9,14
798,1,292,9,14
799,1,292,9,14
800,1,292,9,14
801,1,292,9,14
802,1,292,9,14
803,1,292,9,14
804,1,292,9,14
805,1,292,9,14
806,1,292,9,14
807,1,292,9,14
808,1,292,9,14
809,1,292,9,14
810,1,292,9,14
811,1,292,9,14
812,1,292,9,14
813,1,292,9,14
814,1,292,9,14
815,1,292,9,14
816,1,292,9,14
817,1,292,9,14
818,1,292,9,14
819,1,292,9,14
820,1,292,9,14
821,1,292,9,14
822,1,292,9,14
823,1,292,9,14
824,1,292,9,14
825,1,292,9,14
826,1,292,9,14
827,1,292,9,14
828,1,292,9,14
829,1,292,9,14
830,1,292,9,14
831,1,292,9,14
832,1,292,9,14
833,1,292,9,14
834,1,292,9,14
835,1,292,9,14
836,1,292,9,14
837,1,292,9,14
838,1,292,9,14
839,1,292,9,14
840,1,292,9,14
841,1,292,9,14
842,1,292,9,14
843,1,292,9,14
844,1,292,9,14
845,1,292,9,14
846,28,316,8,15
847,28,316,8,15
848,28,316,8,15
849,28,316,8,15
850,28,316,8,15
851,28,316,8,15
852,28,316,8,15
853,28,316,8,15
854,28,316,8,15
855,28,316,8,15
856,28,316,8,15
857,28,316,8,15
858,28,316,8,15
859,28,316,8,15
860,28,316,8,15
861,28,316,8,15
862,28,316,8,15
863,28,316,8,15
864,28,316,8,15
865,28,316,8,15
866,55,326,7,15
867,57,326,8,14
868,49,329,9,16
869,49,329,9,16
870,45,330,9,16
871,43,329,10,17
872,37,330,10,16
873,37,331,11,15
874,32,331,9,15
875,32,331,9,14
876,25,330,8,14
877,26,331,8,14
878,19,330,9,14
879,19,329,10,15
880,15,331,9,16
881,15,331,9,15
882,11,334,9,17
883,12,333,9,18
884,9,333,9,18
885,10,333,9,18
886,8,332,8,17
887,7,333,9,16
888,6,331,8,15
889,5,332,9,16
890,3,332,9,16
891,4,332,8,17
892,2,329,10,15
893,3,330,11,15
894,2,328,11,15
895,1,328,12,15
896,2,327,12,16
897,1,327,11,15
898,1,327,10,15
899,1,326,11,17
900,nan,nan,nan,nan
901,1,327,9,15
902,nan,nan,nan,nan
903,nan,nan,nan,nan
904,1,332,9,14
905,nan,nan,nan,nan
906,nan,nan,nan,nan
907,nan,nan,nan,nan
908,2,332,7,13
909,1,332,8,14
910,1,332,8,13
911,2,333,8,14
912,1,332,8,14
913,2,333,7,13
914,1,332,6,15
915,1,332,6,13
916,1,333,6,15
917,2,334,7,15
918,1,334,6,16
919,1,333,6,16
920,1,333,7,16
921,1,333,7,16
922,1,333,7,15
923,2,333,7,15
924,nan,nan,nan,nan
925,1,331,7,14
926,2,331,6,15
927,1,331,6,16
928,2,331,6,15
929,1,330,7,16
930,1,330,6,15
931,1,331,6,14
932,nan,nan,nan,nan
933,nan,nan,nan,nan
934,nan,nan,nan,nan
935,1,330,7,18
936,1,331,7,17
937,1,330,8,15
938,1,330,8,17
939,1,329,8,18
940,nan,nan,nan,nan
941,nan,nan,nan,nan
942,nan,nan,nan,nan
943,nan,nan,nan,nan
944,1,327,9,19
945,1,329,9,18
946,nan,nan,nan,nan
947,1,327,9,19
948,1,327,10,16
949,1,327,10,15
950,2,326,9,15
951,2,327,10,14
952,nan,nan,nan,nan
953,1,326,10,12
954,1,325,11,13
955,2,324,11,13
956,1,324,10,14
957,1,323,12,14
958,2,324,10,13
959,2,322,11,12
960,1,322,10,13
961,1,322,10,14
962,2,321,10,16
963,2,320,10,16
964,3,318,9,17
965,4,319,9,17
966,5,318,9,18
967,4,319,9,17
968,5,322,8,16
969,5,324,8,15
970,6,327,8,15
971,6,328,8,16
972,7,329,7,15
973,6,330,8,15
974,7,334,8,14
975,7,334,8,13
976,9,340,8,13
977,8,339,8,12
978,7,348,8,11
979,7,347,8,12
980,8,357,8,12
981,8,357,7,12
982,9,364,8,14
983,8,364,8,16
984,5,358,8,17
985,7,358,8,17
986,6,336,9,16
987,6,336,9,16
988,6,323,8,18
989,5,324,8,19
990,6,316,8,18
991,6,317,9,18
992,5,314,8,18
993,6,313,7,18
994,7,312,7,17
995,6,312,7,16
996,7,312,7,15
997,7,313,7,16
998,7,312,7,18
999,7,312,8,17
1000,7,314,8,17
1001,6,314,7,16
1002,8,319,7,16
1003,8,319,7,16
1004,8,329,7,15
1005,8,331,7,14
1006,8,336,8,13
1007,7,335,8,14
1008,8,338,7,13
1009,8,339,8,13
1010,8,339,7,14
1011,7,338,7,14
1012,8,339,8,14
1013,8,338,7,14
1014,9,337,7,13
1015,9,337,7,13
1016,10,332,6,14
1017,9,331,6,14
1018,10,330,6,14
1019,9,329,6,14
1020,11,327,6,15
1021,11,325,5,16
1022,11,325,5,17
1023,10,323,6,16
1024,11,321,6,15
1025,11,321,6,16
1026,13,319,5,16
1027,14,320,5,16
1028,15,320,6,16
1029,14,320,6,16
1030,17,321,6,15
1031,17,323,6,14
1032,18,324,5,14
1033,17,322,5,14
1034,18,324,5,14
1035,19,324,5,14
1036,21,325,5,13
1037,21,325,5,13
1038,22,325,5,12
1039,22,325,5,12
1040,22,324,5,11
1041,23,325,6,9
1042,24,326,6,10
1043,23,325,5,10
1044,24,324,5,10
1045,24,323,6,10
1046,25,321,5,10
1047,26,320,5,10
1048,25,317,5,11
1049,25,317,5,11
1050,27,311,5,11
1051,27,312,6,11
1052,27,308,5,10
1053,28,309,5,10
1054,28,305,5,11
1055,28,305,5,11
1056,29,305,6,10
1057,30,304,8,11
1058,31,304,8,12
1059,31,304,8,13
1060,32,304,9,15
1061,31,305,8,17
1062,32,306,6,17
1063,33,305,5,18
1064,32,309,6,18
1065,32,310,6,16
1066,34,309,5,16
1067,33,310,6,17
1068,35,311,6,16
1069,34,312,5,15
1070,33,312,5,15
1071,33,311,5,15
1072,34,314,5,14
1073,34,313,4,14
1074,34,316,4,13
1075,34,316,4,13
1076,34,318,4,13
1077,34,319,4,12
1078,33,319,4,11
1079,33,320,4,11
1080,33,320,4,11
1081,33,320,4,11
1082,33,320,4,11
1083,33,320,4,11
1084,33,320,4,11
1085,33,320,4,11
1086,33,320,4,11
1087,33,320,4,11
1088,33,320,4,11
1089,33,320,4,11
1090,33,320,4,11
1091,33,320,4,11
1092,33,320,4,11
1093,33,320,4,11
1094,38,307,5,10
1095,38,307,5,10
1096,38,307,5,10
1097,38,307,5,10
1098,38,307,5,10
1099,38,307,5,10
1100,38,307,5,10
1101,38,307,5,10
1102,38,307,5,10
1103,38,307,5,10
1104,38,307,5,10
1105,38,307,5,10
1106,38,307,5,10
1107,38,307,5,10
1108,38,307,5,10
1109,38,307,5,10
1110,38,307,5,10
1111,38,307,5,10
1112,38,307,5,10
1113,38,307,5,10
1114,38,307,5,10
1115,38,307,5,10
1116,34,323,5,10
1117,34,324,6,9
1118,37,321,6,11
1119,36,320,7,12
1120,36,320,7,14
1121,35,321,7,15
1122,36,321,8,16
1123,35,321,8,19
1124,37,323,8,19
1125,36,323,9,19
1126,35,325,8,20
1127,36,324,9,19
1128,35,326,9,17
1129,35,326,8,16
1130,36,325,6,17
1131,36,325,6,17
1132,36,326,5,16
1133,37,326,5,16
1134,37,327,5,16
1135,36,327,6,15
1136,37,327,5,14
1137,37,327,6,13
1138,36,329,5,14
1139,37,328,5,14
1140,36,329,4,14
1141,37,329,4,14
1142,38,329,4,15
1143,38,330,5,13
1144,38,329,4,13
1145,37,329,4,12
1146,38,331,4,12
1147,38,330,4,13
1148,37,331,5,13
1149,38,331,4,14
1150,37,332,4,14
1151,37,333,4,13
1152,38,335,4,12
1153,37,335,4,13
1154,36,339,4,12
1155,36,338,4,11
1156,35,344,4,11
1157,36,344,5,11
1158,36,347,4,10
1159,35,345,4,10
1160,33,346,5,10
1161,33,346,4,9
1162,31,342,4,9
1163,33,342,4,9
1164,29,335,4,9
1165,31,335,4,9
1166,28,327,4,9
1167,29,326,4,7
1168,27,317,5,7
1169,27,319,4,6
1170,27,319,4,6
1171,27,319,4,6
1172,27,319,4,6
1173,27,319,4,6
1174,27,319,4,6
1175,27,319,4,6
1176,27,319,4,6
1177,27,319,4,6
1178,27,319,4,6
1179,27,319,4,6
1180,27,319,4,6
1181,27,319,4,6
1182,27,319,4,6
1183,27,319,4,6
1184,27,319,4,6
1185,27,319,4,6
1186,27,319,4,6
1187,27,319,4,6
1188,27,319,4,6
1189,27,319,4,6
1190,27,319,4,6
1191,27,319,4,6
1192,27,319,4,6
1193,27,319,4,6
1194,27,319,4,6
1195,27,319,4,6
1196,27,319,4,6
1197,27,319,4,6
1198,27,319,4,6
1199,27,319,4,6
1200,27,319,4,6
1201,27,319,4,6
1202,27,319,4,6
1203,27,319,4,6
1204,27,319,4,6
1205,27,319,4,6
1206,27,319,4,6
1207,27,319,4,6
1208,27,319,4,6
1209,27,319,4,6
1210,27,319,4,6
1211,27,319,4,6
1212,27,319,4,6
1213,27,319,4,6
1214,27,319,4,6
1215,27,319,4,6
1216,27,319,4,6
1217,27,319,4,6
1218,23,307,5,6
1219,23,307,5,6
1220,23,307,5,6
1221,23,307,5,6
1222,23,307,5,6
1223,23,307,5,6
1224,23,307,5,6
1225,23,307,5,6
1226,23,307,5,6
1227,23,307,5,6
1228,23,307,5,6
1229,23,307,5,6
1230,23,307,5,6
1231,23,307,5,6
1232,23,307,5,6
1233,23,307,5,6
1234,23,307,5,6
