1.0
0.9004893964110929
0.8001598721023181
0.8617956477878657
0.8372627947096032
0.8727114210985178
0.7899958660603555
0.8746234399655717
0.8603636363636363
0.8281584582441114
0.8492008339124392
0.8636042402826856
0.8937975424224692
0.8857142857142857
0.7718120805369127
0.8340807174887892
0.8183241973375098
0.8650975117686618
0.7853206412825652
0.8197507190795782
0.9287335451656832
0.8284789644012945
0.8524498104731153
0.9031473316101566
0.9111903064861012
0.7934143473147786
0.8243125904486251
0.8429491768074445
0.8500777165465593
0.8590133982947625
0.8913150549991791
0.9147363233119763
0.7455012853470437
0.779524089306698
0.8305295950155763
0.8040851553509781
0.8431372549019608
0.8504146919431279
0.8809635538870639
0.9090064995357474
0.9292356185973207
0.8418476598348119
0.8352229780801209
0.8307021500526237
0.8501628664495114
0.8447704685281591
0.9278489548213081
0.9528392685274302
0.9750079088895919
0.930763178599528
0.8593636495714078
0.8731480174968251
0.9174157303370787
0.9076035939385811
0.9071163189482709
0.9326923076923077
0.9062579174056246
0.9272143430559272
0.9427370633044392
0.9530870854677811
0.9394058369323387
0.8978955572876072
0.96
0.8516905737704918
0.89843243943516
0.8496435515230071
0.9354120267260579
0.9301310043668122
0.9155694312474548
0.9692464655298062
0.9822361546499477
0.9605364575304455
0.998399068548974
0.9378845590389686
0.9445021516545482
0.922842329978652
0.9328599096191091
0.9126677981792933
0.9969389399065571
0.914006415151978
0.9357934800595731
1.0
0.9826901699221852
0.942636158556236
0.9358245329000813
1.0
0.9882593159775396
0.8781110402042118
0.8909119447496469
0.8721573448063922
0.9600775820268305
0.9148107771375176
0.9556052379431491
1.0
0.8683639519745407
0.971830985915493
0.9629117077221145
0.946983546617916
0.9997137131405669
0.9934020618556701
0.9436045747337978
0.9730601936298583
0.9937491318238644
0.9603960396039604
0.8726287262872628
1.0
0.9568156732891833
0.9611890999174236
1.0
0.9459459459459459
1.0
0.9460326721120187
0.9858793324775353
0.9043049081436797
0.94875
0.955978497748075
0.9683271832718328
0.9011210117849957
0.937415375357304
0.9645750595710881
0.9493298463550179
0.8489776951672863
0.93239901071723
1.0
0.9529085872576177
1.0
0.9575778912163352
0.9308696451553594
1.0
0.9882352941176471
0.9802306425041186
0.9626614758449832
1.0
0.9189457981103928
0.8904344839429847
0.9692307692307692
0.9775280898876404
0.9674027339642481
0.8794635373009221
0.8651614926309188
0.8590133982947625
1.0
0.967595396729255
0.882625036137612
0.9771745835903763
0.9203798392987582
0.9733333333333334
0.9751543209876543
0.9741434010152284
0.9670682730923694
0.9252336448598131
0.9343351845802026
0.9635561366236313
0.8619979402677652
0.9800268868830421
0.9682539682539683
0.9838008692216516
0.8938490022629089
0.9774973711882229
0.9648933878957571
0.9147609147609148
0.9612289685442575
0.948368867197534
0.9766415779911757
0.9102060843964671
0.9907537125245167
0.9127210496292071
0.9128630705394191
0.938479396401625
0.9072907290729073
0.9692307692307692
1.0
0.9580164283541223
0.9348034515819751
0.9226917057902974
0.9853875476493011
1.0
1.0
0.8783530879600748
0.9535603715170279
0.9452054794520548
0.8548437993057747
0.9931432695777698
0.8523731587561375
0.8997653369091518
0.9280575539568345
0.9379604497867391
0.9233176838810642
0.9991738950846758
0.9677840661732695
1.0
0.969488939740656
0.9199048374306106
0.9895963379109447
0.8487460815047022
1.0
0.7765335929892891
0.5004374453193351
0.3143491124260355
0.14572538860103626
0.0
0.0
0.0
0.0
0.0
0.0
0.0
0.0
0.0
0.0
0.0
0.0
0.0
0.0
0.0
0.0
0.0
0.0
0.0
0.0
0.0
0.0
0.0
0.0
0.0
0.0
0.0
0.0
0.0
0.0
0.0
0.0
0.0
0.0
0.0
0.0
0.0
0.0
0.0
0.0
0.0
0.0
0.0
0.0
0.0
0.0
0.0
0.0
0.0
0.0
0.0
0.0
0.0
0.0
0.0
0.0
0.0
0.0
0.0
0.0
0.0
0.0
0.0
0.0
0.0
0.0
0.0
0.0
0.0
0.0
0.0
0.0
0.0
0.0
0.0
0.0
0.0
0.0
0.0
0.0
0.0
0.0
0.0
0.0
0.0
0.0
0.0
0.0
0.0
0.0
0.0
0.0
0.0
0.0
0.0
0.0
0.09652509652509653
0.18437047756874095
0.2850678733031674
0.5384920634920635
0.6557984438680993
0.974579922447221
0.8861404146962532
0.7738456353218739
0.8378940076203671
0.9924981245311327
0.9427062169849655
0.992430613961312
0.9250317662007624
0.9286912751677853
0.9431578947368421
0.9503239740820735
0.9814814814814815
0.8530438154323381
0.8413848631239935
0.945273631840796
0.9137931034482759
0.9875111507582516
0.9821428571428571
0.8947368421052632
0.918785890073831
1.0
0.9573945104465383
0.9287429943955164
0.9487836107554417
0.9877354358300482
1.0
0.9442409442409443
1.0
0.9207839934667211
1.0
0.9708554125662378
0.9470361276745002
1.0
0.9355444305381727
0.9710144927536232
0.9119533527696793
0.9284876905041032
0.9073359073359073
0.8690878378378378
0.8445412469371086
0.9256567915036333
0.9
0.9574688796680498
0.9133935106123445
0.8181818181818182
0.8979591836734694
0.8920139601724492
0.9649122807017544
0.9701754385964912
0.9712959054453356
0.8723747980613893
0.9503299120234604
0.96875
0.9840933191940615
0.9556126820908312
0.8943310657596372
0.901060070671378
0.9832914387106314
0.9742369084290115
0.9403973509933775
0.8997592193638322
0.9528301886792453
0.9032846715328468
0.9319693736663738
0.9026548672566371
0.9386319067943246
1.0
0.9698351455629604
0.9046788090304286
0.9899308504185369
0.8846466287571081
0.8682641223029383
0.8558790247916881
0.9446064139941691
0.7838899803536346
0.8073248407643312
0.8997088320931738
0.7914406268836649
0.824
0.8188253300172182
0.8065143412736996
0.7983566301473366
0.8842975206611571
0.8370962842968512
0.7980759175990798
0.9013993541442411
0.90890756302521
0.8783253379851723
0.8606421714664019
