1.0
0.8465690053970701
0.7923466516601013
0.8128298822574097
0.7821576763485477
0.8636231462634487
0.8855098389982111
0.8911290322580645
0.8784965034965035
0.8783208571847938
0.891230152841668
0.8983025386810876
0.8482927532055899
0.8712259514113186
0.8173237090505275
0.7831529534489503
0.7796610169491526
0.8997738196211479
0.862708719851577
0.809575625680087
0.773109243697479
0.8071717594530486
0.7740182089957874
0.8301886792452831
0.8585077982295911
0.8810414484512943
0.7974240515189697
0.8074608904933814
0.7758186397984886
0.8239490059189558
0.7783169067475361
0.7984426474992513
0.8049921996879875
0.818081413695172
0.8290757083139805
0.8526234567901234
0.815592203898051
0.8567471918756732
0.9132479325441868
0.8643747043053146
0.9407191448007775
0.7837471783295711
0.8146128680479825
0.8707482993197279
0.8394732716726759
0.8471760797342193
0.8096498970285378
0.8798681845416417
0.8517683528251374
0.9084626017508831
0.8951048951048951
0.8683853459972863
0.8613037447988904
0.8890763390974272
0.8781478472786353
0.886724960254372
0.8873182003534049
0.843209229155742
0.8413265306122449
0.8662989230365117
0.8954282711508145
0.8995983935742972
0.8746510700518411
0.8020859200397318
0.8627245312704864
0.8462970349687542
0.9015329374395802
0.8935815504306752
0.9247219846022241
0.9017746595130004
0.8039473684210526
0.8445412469371086
0.8705065926439972
0.9146877748460862
0.8864123446206601
0.9174977334542158
0.8951271186440678
0.8928301886792452
0.9141908975979772
0.9226736566186108
0.939863401632517
0.9052471482889733
0.869513287548522
0.932491500728509
0.9493333333333334
0.9190981432360743
0.8819915939217589
0.9254350950023951
0.9440436107102774
0.8947450980392156
0.954661558109834
0.9058894050651881
0.8674837779379957
0.9050328227571116
0.9431026818787969
0.929889826870797
0.9112519809825673
0.8229299363057325
0.8449254322291144
0.8502117828263381
0.9098217874849256
0.8836677673355346
0.8984996738421396
0.8977867203219316
0.8784617403858774
0.8935018050541517
0.9094524724910513
0.8422939068100358
0.9074074074074074
0.9384112276876959
0.9079967905857181
0.98
0.9100603339413498
0.8919543550483894
0.9362934362934363
0.9022589052997394
0.9237157797600738
0.9001178550383029
0.8730627306273063
0.9685534591194969
0.9538102384525596
0.8530782832342068
0.8986122448979592
0.8671328671328671
0.8605737158105403
0.8762886597938144
0.8641815235008103
0.9059933601258081
0.952047602380119
0.92336217552534
0.9292893669546817
0.9384615384615385
0.9678638941398866
0.9424002751031637
0.891170431211499
0.8802219321148825
0.9311334289813487
0.8891149542217701
0.863020572002007
0.8215820467929333
0.8979591836734694
1.0
0.9683050068902159
0.8551556001720924
0.8579856115107913
0.9256767329056486
0.9081632653061225
0.9408610387620653
1.0
0.93189448441247
0.8624305003971406
0.9300104202848212
0.9727463312368972
0.9331687533062952
0.9032141567352835
0.8903202061096798
0.9344262295081968
0.9524011899702507
0.9253226147662366
0.9419924337957125
0.8927304964539007
0.8536067892503536
0.8988870471228985
0.8589990375360924
0.8157960509872532
0.9038785834738617
0.8182323513062812
0.8664208735110607
0.9527819548872181
0.8734177215189873
0.8304373876572798
0.9506610770719123
0.8471720818291215
0.8761667703795893
0.9013221541438245
0.8987929433611885
0.90776226047418
0.9479921000658328
0.8417856058305496
0.8671328671328671
0.7973651191969887
0.8920612813370473
0.9555796316359697
0.91651865008881
0.8880415944540728
0.8326330532212886
0.8396436525612472
0.9083269671504965
0.9056024558710668
0.9129363449691992
0.9913934426229508
0.9433962264150944
0.9650974025974026
0.9002347417840375
0.9318280503690838
0.980722891566265
1.0
1.0
1.0
0.9202755905511811
0.0
0.8937148696985181
0.9459459459459459
0.9001544004117344
0.7895002523977789
0.8680738786279684
0.9615384615384616
0.9893676552881925
1.0
1.0
1.0
1.0
0.96
1.0
0.9679012345679012
0.9309754706217912
0.9813411078717201
1.0
0.9317647058823529
0.8112472160356348
0.8501577287066246
0.8849922640536358
0.9282956425813569
1.0
0.9650053022269353
0.7928880345987506
0.9045383411580594
0.918918918918919
1.0
0.9090909090909091
0.9960474308300395
0.989522700814901
1.0
0.933064050778996
1.0
1.0
0.9807692307692307
0.9809578765147143
0.9689119170984456
0.9428571428571428
0.9651293588301463
0.9279379157427938
0.896053362979433
0.9811320754716981
0.9328358208955224
0.8777660695468915
0.9498289623717218
0.8426263678999479
0.8923884514435696
0.8439897698209718
0.8375262054507338
0.807070707070707
0.8657243816254417
0.8913857677902621
0.8292682926829268
0.8711111111111111
0.9423076923076923
1.0
0.9008498583569405
0.8516988062442608
0.9081818181818182
0.8047058823529412
0.7159372419488026
0.8377425044091711
0.7972403219624378
0.8343583435834359
0.875
0.8733153638814016
0.9478435305917753
0.9798865394533265
0.854232684472612
0.9167482859941234
1.0
0.9235154394299288
0.8683729433272395
0.9299424184261037
0.8305647840531561
0.9354389224338133
0.9487179487179487
0.9594533029612756
0.8705547652916074
0.8385093167701864
0.9380610412926391
0.9053876478318003
0.9132697311361665
0.8860759493670886
0.9099692577953448
0.9598556608028868
1.0
1.0
1.0
0.934748427672956
0.84375
0.9307479224376731
0.9083759339362957
0.9457806767223808
0.9516129032258065
0.9534009770762871
0.989083820662768
0.8336327703916637
0.9010115606936416
0.8995734780922838
0.8261359369132557
0.9290096406660824
0.824773413897281
0.92601246105919
0.8769230769230769
0.9575808483830324
0.956182212581345
0.9161073825503355
0.9302540415704388
1.0
0.8558718861209964
0.8043478260869565
0.886443661971831
0.8910012674271229
0.8869778869778869
0.9151914368052697
0.8448207955888145
0.892459826946848
0.9222444889779559
0.9036093418259024
0.9423484527342094
0.848823294774631
0.9341317365269461
0.8989082086534573
0.9012925969447708
1.0
0.8530805687203792
1.0
0.8815541305167861
0.8088235294117647
0.8486842105263158
0.8483443708609272
0.7601264004596381
0.8220753089968381
0.8760772659732541
0.8752244165170556
0.8756889161053276
0.875036753895913
0.9067972692193529
0.9143525285004385
0.898485251129418
0.8995983935742972
0.8847914547304171
0.8936327739387957
0.8534019172317044
0.8442640461439863
0.9421841541755889
0.8662704309063893
0.8256146369353916
0.8985781990521327
0.9140369967355821
0.8899783945487785
0.8377515170871926
0.8739679077737965
0.8955686396033468
0.9016148325358851
0.8885440180586908
0.8721479681382476
0.8948110185778347
0.847167156925438
0.8901975683890577
0.8289703315881326
0.8616907118159056
0.8479166666666667
0.8448409619860356
0.9261940908560085
0.8559236384053902
0.8741700916851091
0.8977125593439793
0.856616485945889
0.8721872187218722
0.8657069187795445
0.8816773214866183
0.8153310104529616
0.7989347536617842
0.7345833751128046
0.849824262434764
0.7887221934816347
0.814759186943026
0.8103029663253457
0.8777320926206449
0.8926056338028169
0.8047044258743423
0.8113054087027247
0.832
0.8411684640351795
0.8229700073152889
0.8223132036847492
