1.0
0.6497335701598579
0.6178977272727273
0.5605786618444847
0.5997686524002314
0.796923076923077
0.7468852459016393
0.6709968935329003
0.6083009079118028
0.5823410469557403
0.5925577013659915
0.5355255431591309
0.6392523364485981
0.5988689547581904
0.4668162872715614
0.5481927710843374
0.5617585484996511
0.5849227974568574
0.5410671462829736
0.5481868209397488
0.5435481616105131
0.5079479768786127
0.47435897435897434
0.5405230170736979
0.5551590217277212
0.5772055223734456
0.5412361450309976
0.5612144076169945
0.5043492806958849
0.46319428077618036
0.45105820105820105
0.5673040152963671
0.4806026365348399
0.3996324280171534
0.3515864265588632
0.39631336405529954
0.32248062015503876
0.31083624630276957
0.16570008285004142
0.13745898857336802
0.14442700156985872
0.10588235294117647
0.12288564406534624
0.1366677285759796
0.10833685992382565
0.10153556878721404
0.12962962962962962
0.14875154949530725
0.15112600037223153
0.1771067129157315
0.20144698168663802
0.21143267160966275
0.24855054197126292
0.27016932270916333
0.3050847457627119
0.43578797580932055
0.4110236220472441
0.5316990701606086
0.5575554625366262
0.577623590633131
0.6060606060606061
0.6450809464508095
0.7170201758923952
0.7952910398953564
0.7669724770642202
0.7542087542087542
0.7512576858580212
0.6807712908409213
0.6646884272997032
0.75
0.8474697077690663
0.8708133971291866
0.7247075017205781
0.7434640522875817
