1.0
0.9882309331850616
1.0
0.9570495723351421
0.9180155744159594
0.9036908380373426
0.9725108026110141
0.955042092065198
0.940099537859936
0.8889686098654709
0.8934572756524848
1.0
0.9557130203720107
0.9483112520992723
0.9297475301866082
0.9526655283627395
0.9173285198555957
0.9025039957378796
0.9187587168758717
0.9280306326690453
0.9535902709469731
0.8512562814070351
0.841948310139165
0.8167791706846673
0.8205601723607264
0.8001800855406318
0.8355402334874246
0.8471406491499227
0.8471406491499227
0.8775510204081632
0.9167136074676109
0.8756769125162077
0.8627789885022921
0.931672482350077
0.9096743522700261
0.9594684940665218
0.9594684940665218
0.9520689941122813
0.9604105571847508
0.9604105571847508
0.9539390088945362
0.9503649635036496
0.9543574820033696
0.9681945743685687
0.9683763979946008
0.9265658747300216
0.9265658747300216
0.94036274208423
0.9372170238454572
0.947118286059143
0.8764094303704788
0.9433466075587948
0.9404424711015846
0.9465289381740848
0.9534477521263669
0.9284341268667751
0.9434561626429478
0.9289243027888446
0.9928877394326355
0.9924116670618923
0.974922625188477
0.9784184248671284
0.9331101012516941
0.9848269321953532
0.9369173399627098
0.9926470588235294
0.9493509596241141
0.9857177244644146
0.9712230215827338
0.9850921930168693
0.9813960759790511
0.9470794570687815
0.9780322505258238
0.971683935774737
0.9542488736989281
0.989089750736641
0.9673318437475923
0.9574468085106383
0.9436619718309859
1.0
0.9578947368421052
0.9248404632474593
0.9676951583017804
0.9676951583017804
0.9634263715110684
0.9165267816267358
0.9058140411733655
0.8888560011839574
0.9165267816267358
0.9003822801888914
0.9003822801888914
0.9165267816267358
0.9402003757044458
0.9402003757044458
0.9552848785960414
0.8956282902265965
0.8445475638051044
0.8666666666666667
0.8668089647812166
0.8579815487838971
0.8502847843775427
0.8408198575896719
0.8700447890901798
0.8200491462415727
0.7806372549019608
0.7806372549019608
0.7813411078717201
0.7766654749135979
0.7361127285431466
0.7743689779511733
0.7993887027567155
0.7986009909647334
0.7476635514018691
0.7686118980169971
0.7892926745385762
0.7687602403058438
0.7701061385271911
0.7861094374760366
0.7596949188956923
0.7596949188956923
0.7607259867907847
0.7749849789705587
0.7746048199015289
0.7746048199015289
0.7903757415952538
0.7512327177801411
0.7500713809841059
0.718891375779799
0.7371703737674845
0.7371703737674845
0.747347073527331
0.747347073527331
0.756936210576239
0.7377438428232227
0.742706071192522
0.7428681758941932
0.742616447078415
0.7146656534954408
0.7476662358178946
0.7476662358178946
0.7626168224299066
0.7728239893116928
0.772764063132335
0.7676959146006884
0.7995933926302414
0.7781179422835633
0.7781179422835633
0.7781179422835633
0.7781179422835633
0.7520991603358657
0.7229973655966436
0.7229973655966436
0.7236702895065884
0.7236702895065884
0.7675996181096427
0.7675996181096427
0.7675996181096427
0.7834054466785442
0.7427793445492561
0.7146656534954408
0.7428845232390991
0.7428845232390991
0.7091671890823167
0.7091671890823167
0.7474488538328814
0.7474488538328814
0.7474488538328814
0.752604039317326
0.752604039317326
0.752604039317326
0.752604039317326
0.752604039317326
0.752621359223301
0.7781179422835633
0.7781179422835633
0.767714780886358
0.7626168224299066
0.7728239893116928
0.7728239893116928
0.7523445640847517
0.742616447078415
0.742616447078415
0.742616447078415
0.7695471187120718
0.7748320961470484
0.8110297554136159
0.7856228559725564
0.7878347519202823
0.7752897787144363
0.7880074290262669
0.7501054185114906
0.8051835384698802
0.8170563961485557
0.8170563961485557
0.7975024755198592
0.8274193548387097
0.8705694031557283
0.8857702726067662
0.8650455226460758
0.8366171217882244
0.8768443239987955
0.8831606841724886
0.8853288364249579
0.8598783645450714
0.9114241001564946
0.9202453987730062
0.9202453987730062
0.9290678019157328
0.870095738689694
0.8610850384831988
0.8849668293904118
0.8572143661619321
0.8152364273204904
0.888859677949392
0.9298425735797399
0.9165697077544316
0.9197919518204216
0.8998973657201506
0.9093335158067607
0.9065279868619133
0.9035856028465855
0.9487302347867753
0.9495481927710844
0.9187709573667282
0.9035856028465855
0.9035856028465855
0.9035856028465855
0.9562538508934073
0.9383123877917414
0.9124920286260895
0.9483625395001436
0.9584141348847232
0.9178632969557725
0.9459862303925048
1.0
0.958041958041958
0.946923132547545
0.9714876643521938
0.9443746768117013
0.9230999625608386
0.9022308728851625
0.9230999625608386
0.9377051743004533
0.888671875
0.9264705882352942
0.928599730565021
0.9124087591240876
0.95003234152652
0.9348318240620958
0.9348318240620958
0.8970984620263199
0.8574859887910328
0.9398496240601504
0.9544846050870147
0.934415369327592
0.9348475791990436
0.9206036745406824
0.8828169472228999
0.8828169472228999
0.8549261083743842
0.8912606730286289
0.9115568910907171
0.897196261682243
0.8988030467899891
0.9454265949269792
0.9252028397565923
0.8992877256915687
0.8992877256915687
0.8647770648907659
0.8703795789822643
0.8746803069053708
0.864208552807785
0.8870651204281891
0.8623676612127045
0.8670322138450994
0.8810542529522506
0.8621720358684822
0.8096249115357396
0.7782125528251682
0.7162790697674418
0.6968737088555296
0.694830611418545
0.6861016949152542
0.6951026856240127
0.7041495538875513
0.6931548863794786
0.7003128826010067
0.6545653064009826
0.6744480382505976
0.6744480382505976
0.6786160900375157
0.6677959211328681
0.6643579443136168
0.6702775897088693
0.6561286366423656
0.6372982910056513
0.6421647819063004
0.587564175698802
0.5487804878048781
0.5420101736537449
0.5567567567567567
0.5567567567567567
0.5578152906608285
0.5412973522271778
0.5233496193614362
0.5515974156837177
0.5278822934800921
0.537568654096597
0.5153938862715022
0.5124718924854886
0.5124718924854886
0.4917866558507402
0.44227612620828016
0.4328596969982121
0.4147250698974837
0.41073299621885107
0.4214860907759883
0.4051525305713913
0.38222533853367807
0.38222533853367807
0.39081885856079407
0.3623787358071954
0.3580397261999748
0.3580397261999748
0.33780622922565556
0.3266796301440533
0.3193173002327386
0.3113492822966507
0.30743949805796233
0.30743949805796233
0.2782962837264551
0.23175266133550654
0.0
0.0
0.0
0.0
0.0
0.0
0.0
0.24407350259503435
0.250176200276282
0.2513952236607269
0.2570951585976628
0.2570951585976628
0.2570951585976628
0.2570951585976628
0.2570951585976628
0.25805744354308263
0.0
0.2724690376093626
0.28379603896673783
0.0
0.28169991326973115
0.2818574514038877
0.2818574514038877
0.2836719337848006
0.0
0.2836719337848006
0.0
0.0
0.2799198798197296
0.2836719337848006
0.2836719337848006
0.293838598057819
0.3018508132361189
0.3167991704113377
0.3167991704113377
0.32442827752765435
0.34164027584573947
0.3736658107230146
0.40469608767764803
0.40522501906941266
0.40522501906941266
0.4202160644929665
0.4218444704962876
0.4218444704962876
0.42855233704186296
0.423822807784089
0.44657704845976337
0.4634862109183942
0.47451294368828395
0.4979415800823368
0.5031598438191844
0.49003425081500435
0.5385451959677082
0.5461056401074306
0.5461056401074306
0.5493897700781643
0.5613964146111335
0.5727005733998415
0.618476800661362
0.5958767457326535
0.6303306981405189
0.6470756062767475
0.6399390422601254
0.6961264332197087
0.7344489632642176
0.734509725285743
0.7903225806451613
0.7586921960323495
0.8195991091314031
0.8194863492530723
0.8454587226221474
0.8502222903571977
0.8387343905615567
0.7930289714753854
0.8586150363025997
0.9064039408866995
0.9301131348792425
0.8861794951698349
0.9146341463414634
0.8911937075879087
0.9632218603542776
0.9596405359865201
0.9564345314505777
0.9368909148066645
0.9576324477283445
0.9604882247085518
0.9533935566392198
0.9850746268656716
0.96437578814628
0.9647004180213655
0.9820638248311204
0.9678063772570111
0.992937068486628
1.0
0.9599616398945097
0.9451199740596627
0.9891679370937977
0.9465830621477895
0.9888897899602628
0.9861914680243771
0.9965497873706171
1.0
0.9958713094959881
0.9958713094959881
0.9463483809974002
1.0
0.9891679370937977
0.9809029165001998
0.9998377939983779
0.9570396251885969
0.9891679370937977
0.9855072463768116
0.9855072463768116
0.9855072463768116
0.9855072463768116
1.0
0.9859490354846392
0.9957785742731979
