1.0
0.9211514392991239
0.9280146721687299
0.875
0.8904373610081542
0.9187700780174392
0.8974358974358975
0.9503916449086162
0.9265033407572383
0.9536993586735492
1.0
1.0
1.0
1.0
0.8933057484852963
0.9298561151079137
0.9591836734693877
0.9522091974752029
0.9212621218700247
0.9846105527638191
0.9557770165057614
0.9411394397230092
0.9665032679738562
0.9736108834617276
0.999687206756334
0.9040380776907723
0.9722871452420702
0.9041231992051664
0.9402843601895735
0.9891304347826086
0.9207937584803256
0.9610731194108364
1.0
0.9734496491560781
0.9250479344605195
0.9512616660905634
0.9426271621853057
0.8660135882445884
0.9374167776298269
0.9786838098460497
0.9820764288129862
0.9700387733521325
0.9662921348314607
0.9327643267723393
0.9464686582628217
0.872161480235492
0.9521555367709214
0.9250317662007624
0.989247311827957
0.9693741677762983
0.9825581395348837
0.9450391436331682
0.9028719872997547
0.952608047690015
0.9214357791552544
0.899372784292337
0.9446772841575859
0.9008556294988456
0.9116541353383458
0.9313805261730405
0.9060511709760389
0.9298464092984641
0.8640417066813005
0.8946809921740284
0.8840188806473365
0.8691792981018708
0.9354120267260579
0.9410446716146198
0.8961020946039673
0.9055010893246187
0.9107532751091703
0.9344213649851631
1.0
0.9243430551544903
0.9397730578993309
1.0
0.937645416472778
0.9411764705882353
0.9848484848484849
0.9386472631056723
0.9378473976755938
1.0
0.9552238805970149
0.9411764705882353
1.0
1.0
0.9800918836140888
0.9152298850574713
0.9594356261022927
0.9256198347107438
0.989247311827957
0.9141710404445816
0.9848218565266017
0.9132200330876824
0.9896246566981995
0.9919964428634949
0.9917823746103712
0.9323187825390469
1.0
0.9650495565988524
0.9765100671140939
0.9902370990237099
0.8742001535705145
1.0
0.9575388776200136
0.938759383642829
0.9905076351630211
0.8426162493612672
1.0
0.9142543558787214
0.9303918881885448
0.935204877357153
0.895982686324902
0.9582411504424779
0.9954162353984918
0.9587643887512749
0.942814371257485
0.9855072463768116
0.909706546275395
0.9718813111697996
0.9437386569872959
0.9367047308319739
0.9393939393939394
0.9161547401627096
0.9529085872576177
0.9426271621853057
0.9078114004222378
0.9954980303882949
0.9592776203966006
0.9698719105177701
0.9272727272727272
0.9133367929423976
0.974169741697417
0.9189457981103928
0.9077289751447055
0.9187887130075706
0.9573734808634138
0.9422744555824404
0.88108834397044
0.8748361730013107
0.8840770624073769
0.9381443298969072
0.9480224276405516
0.8714346530438485
0.9433133147795518
0.9315508021390374
0.9896969696969697
0.9408610387620653
0.9163977255263562
0.9305669008331972
0.9632089933571794
0.943939393939394
0.9683842794759825
0.9883720930232558
1.0
1.0
0.9451243584682195
0.9987021414665801
0.9201396017244919
0.9258160237388724
0.9686648501362398
1.0
0.9506636614074631
0.8947368421052632
0.8833376255472573
0.8877777777777778
0.8857479387514723
0.9531388152077808
0.9653465346534653
0.8982889733840305
0.9658256148195464
1.0
0.9993556701030928
0.9220694171578258
0.9635666347075743
0.9910507126284388
0.9217675941080197
0.9702639492148346
0.9074903969270166
1.0
0.9269819193324061
0.9921259842519685
1.0
1.0
0.9939370973853733
0.9495101733232856
0.8799235181644359
0.9765845781186919
1.0
1.0
1.0
0.9516380655226209
1.0
0.9733933688088416
0.8539325842696629
0.9464627151051626
0.9143932267168391
0.9376522162688748
0.9414043583535109
0.9296606000983768
0.0
0.9032943676939427
0.765625
0.9081196581196581
0.8906605922551253
1.0
1.0
1.0
0.9679715302491103
1.0
1.0
0.9411764705882353
1.0
0.9314736203759855
0.858573954036535
0.94175888177053
0.9177071509648127
1.0
1.0
0.9116809116809117
0.9818181818181818
0.9894179894179894
0.9233160621761658
1.0
0.9292035398230089
0.9368686868686869
1.0
0.9722222222222222
0.9736103312745649
0.9550561797752809
1.0
1.0
1.0
0.9920634920634921
1.0
0.9803921568627451
0.8888888888888888
0.9306698002350177
1.0
1.0
1.0
0.935659760087241
0.8666666666666667
1.0
1.0
0.8968386023294509
0.8968386023294509
0.9725400457665904
0.9289617486338798
0.9782608695652174
0.8630354309888948
1.0
1.0
0.9449035812672176
0.9118773946360154
1.0
1.0
0.9416893732970028
0.8997518610421836
0.8397141398672793
0.8839590443686007
0.9129172714078374
0.9281849483521889
1.0
0.9353507565337001
0.9937888198757764
0.8894230769230769
0.9701799485861182
0.9439719859929965
0.903761602344895
0.9012233801540552
0.9010934393638171
0.9639024390243902
0.9940029985007496
0.8839779005524862
0.9422632794457275
0.9017560512577124
0.9322779243623571
0.9782608695652174
0.9245529873528129
0.8035714285714286
0.8825136612021858
0.8440766550522648
0.9392265193370166
0.922943722943723
0.8705594120049
0.8815403934700712
0.8948051948051948
0.9319323892188214
0.9645131938125568
0.973489787049109
0.8913043478260869
1.0
0.9580838323353293
1.0
0.983172065628944
0.8865705614567526
0.8887147335423198
0.9482758620689655
0.9771293375394322
0.9200614911606456
0.8834355828220859
0.8631578947368421
1.0
0.8933852140077821
0.8608087091757387
0.9073535521395929
0.9461843846493163
0.9224100563502384
0.9056603773584906
0.920562868815252
0.9240053643272239
0.9990147783251232
0.9285714285714286
1.0
0.9399477806788512
0.8933391380060949
0.8913324708926261
0.9271070615034168
0.9889349930843707
0.9182156133828996
0.9915254237288136
0.9632224168126094
0.9452954048140044
1.0
0.975
1.0
1.0
1.0
0.9453458582408198
0.9550200803212852
0.9768832204065365
0.9054303657185075
0.890301489284417
0.7905036894449792
0.8264883794969755
0.8996805111821087
1.0
0.8722171393717597
0.8459770114942529
0.8965317919075144
1.0
1.0
0.9808288694671553
0.9739854318418314
0.9495733126454616
0.9868421052631579
0.9572727272727273
1.0
1.0
0.9372280919825979
0.9648600357355569
1.0
0.9619358346927678
0.9786838098460497
0.9424413904607922
0.917401764234162
0.9996780424983902
1.0
0.9559032716927454
0.9583333333333334
0.915273556231003
0.9372083722170377
0.9419002917670938
0.9670010559662091
0.9601466992665036
0.9070683661645423
0.932793136320305
0.9943181818181818
0.9465337017902199
0.9144348615524285
0.9541284403669725
0.9315571887919155
0.968609865470852
0.9504682387453458
0.958029197080292
0.9603409494495087
0.907900480139677
0.9023136246786633
0.9568044588945657
0.9812543392733164
0.9934892693513383
0.9813084112149533
0.9246456965088143
1.0
0.9904761904761905
1.0
0.96484375
1.0
0.96262341325811
