1.0
0.8970588235294118
0.9304864344196501
0.9807785495073493
0.949671772428884
0.9177740863787376
0.9263208919049928
0.9067545304777594
0.9639727361246349
0.8250226654578422
0.9682666241428799
0.9311252128153537
0.9356054893681195
0.9685803586116137
0.9534956304619226
0.9953473447777956
0.9705882352941176
0.9560887279311906
0.9831177027453455
0.9427725703009373
0.9454713493530499
0.9486040609137056
1.0
0.9743942258119952
0.9008579599618685
0.9118486259198078
0.9420899385312197
0.9628781684382666
0.9642620780939775
0.9474148579495324
0.9616624865639556
0.940625
0.961587244065954
0.9256988277727682
0.9012875536480687
0.9616572778484463
0.9355877616747182
0.9553773749346348
0.9664618086040386
0.9522832221652129
0.9170015726017823
0.9921259842519685
0.9841269841269841
0.9652944434188665
1.0
0.9500363372093024
1.0
0.9887172365908696
0.9329446064139941
0.956820412168793
0.8937644341801386
0.9101105063499918
0.860917096872153
0.9797498511018463
0.8990744821507272
0.8502780550406388
0.9106992417860151
0.9014461703267274
0.8808545603944125
0.9215059738816338
0.9353524378650007
0.9565592635212888
0.9134737735048777
0.8993778739518529
0.9001734952622448
0.9263837384974591
0.914033393128191
0.9095323990564729
0.9162303664921466
0.9538961957290341
0.913588850174216
0.9499245852187028
1.0
0.9654566744730679
0.8997940974605353
0.956611876203169
0.9236499068901304
0.9890885750962772
0.9505973522763965
0.8431918728494183
0.899736147757256
0.9929396662387676
0.9383202099737533
0.9421000981354269
0.9265993265993266
0.9296965677333775
0.917035022101326
0.9246088193456614
0.8515228426395939
0.8976301789456714
0.9329733163913596
0.9148107771375176
0.9292866082603254
0.9644716692189893
0.9399443386553391
0.9612357913144856
0.9345391903531438
0.9471821399401035
0.9665098256296706
0.9362637362637363
0.9931972789115646
0.9385780395456458
0.9427936684254373
0.9042553191489362
0.9218258849255159
0.913878222709819
0.966707768187423
0.9500620775279349
0.9763313609467456
0.8774193548387097
0.9759104435312456
0.895866454689984
0.8977513788714467
0.9452824608104111
0.9130182661641055
0.8587401145350423
0.9229191090269636
1.0
0.9216263995285798
0.9678996252240508
0.892577224527432
0.9231167040165489
0.9393939393939394
0.9696969696969697
0.9741592920353982
0.9053427246177632
0.9325238508239375
0.9545454545454546
0.9634167687729739
0.9846851956891662
0.9803149606299213
0.9157254561251086
0.922130427140095
0.96875
0.9267875470407116
0.9937194696441033
0.9626540971718637
0.8870709585630446
0.965705378020265
0.9406750767132629
0.9276248725790011
1.0
0.9581788521429631
0.9002242152466368
0.972809667673716
0.9886698742821667
0.9724264705882353
0.9724330184296113
0.9923714759535655
0.9588905398712234
0.9959141981613892
1.0
0.9734894129798588
0.9772727272727273
1.0
0.9604454685099847
0.9506424637976749
0.9537285684775872
0.9595938227205416
0.9505347593582888
0.9561861520998864
0.9820594740722536
0.9860512300278975
0.9646107178968655
0.9364737550471063
0.9413067552602437
0.9036544850498339
1.0
0.960582171012735
0.9534419687396076
0.9192797267929215
0.8873677660236465
0.9324324324324325
1.0
0.9393939393939394
0.9465546218487395
0.976775956284153
0.9479921000658328
1.0
1.0
1.0
0.9895052473763118
0.9847413472273912
1.0
0.9415656008820287
0.9333333333333333
0.8863636363636364
0.9701805963880722
0.9823243482103402
1.0
0.9565404475043029
0.8701195219123506
0.9428685577307231
0.9140008309098463
0.8473282442748091
0.9285714285714286
0.73310972688069
0.5605095541401274
0.44987405541561715
0.44899016053858104
0.0
0.0
0.0
0.0
0.0
0.0
0.0
0.0
0.0
0.0
0.0
0.0
0.0
0.0
0.0
0.0
0.0
0.0
0.0
0.0
0.0
0.0
0.0
0.0
0.0
0.0
0.0
0.0
0.0
0.0
0.0
0.0
0.0
0.0
0.0
0.0
0.0
0.0
0.0
0.0
0.0
0.0
0.0
0.0
0.0
0.0
0.0
0.0
0.0
0.0
0.0
0.0
0.0
0.0
0.0
0.0
0.0
0.0
0.0
0.0
0.0
0.0
0.0
0.0
0.0
0.0
0.0
0.0
0.0
0.0
0.0
0.0
0.0
0.0
0.0
0.0
0.0
0.0
0.0
0.0
0.0
0.0
0.0
0.0
0.0
0.0
0.0
0.0
0.0
0.0
0.0
0.0
0.0
0.0
0.0
0.0
0.0
0.0
0.3848101265822785
0.4506122448979592
0.6307339449541285
0.973292469352014
0.8970826580226904
0.9736722650930549
0.8394869801787797
0.8636537725009575
0.8709415584415584
0.8569582076691081
0.8210354667753771
0.8645579886455799
0.8821428571428571
0.8489722966934763
0.8741784037558685
0.8957795004306632
0.878003696857671
0.8703157894736843
0.8957597173144877
0.8809826344769166
0.913968547641073
0.891444342226311
0.8305154639175257
0.8963061860258122
0.8802447552447552
0.9632224168126094
0.9658194566170026
0.9142607174103237
0.9399577167019028
0.9908371511870054
0.999113867966327
1.0
0.9641255605381166
0.9597449182941411
0.9102327299593647
0.9276626681206834
0.8420038535645472
0.7239517153748412
0.85965483555845
0.9073524563138806
0.9840333217632766
0.9474553866490416
0.8386897404202719
0.9753047827446076
0.8622754491017964
0.8660205245153934
0.9104679469840411
1.0
0.9259354838709677
0.9176415535797847
0.8540442837776774
0.9356321839080459
0.9558823529411765
0.9666666666666667
0.9827483640690066
0.9448250324014071
1.0
0.9850746268656716
0.9437991117184831
0.9894978667541845
0.9430051813471503
0.9076501944964702
0.9418701442841287
0.9062204830657131
0.9086493050870328
0.9225626740947075
0.9595959595959596
0.9194029850746268
0.8838247386350288
0.9654924514737598
0.8903688524590164
0.9021262234222073
0.9009009009009009
0.9100150167494513
0.9665871121718377
0.9640877319836105
0.9715456956836267
0.9538169298349757
0.9805305427111219
0.9591346153846154
0.9702775730778679
1.0
0.9475560667050029
1.0
0.8752319109461967
0.9386909693454847
0.9601495851349772
0.9503894547633314
0.919206579583938
0.9813084112149533
0.9337239106554376
0.9715471974600073
