1.0
1.0
0.9935876907775019
0.945145669012905
0.9371851379554494
0.911129957372732
0.9086096798998503
0.906956365433874
0.9044530960742295
0.8877482577902073
0.880458416379779
0.8413330578046627
0.8486223564496179
0.8486223564496179
0.8138484943907186
0.7826463023239933
0.7787017401431721
0.7828342015529665
0.8120170605604643
0.8229821912299206
0.860458939764156
0.860458939764156
0.860458939764156
0.8438648875264159
0.8346766430218994
0.8073082642872318
0.8073082642872318
0.818386369728293
0.8072988975857954
0.8062372265536295
0.7954666014559546
0.803230410257572
0.7763211489432317
0.7882882711998148
0.7882882711998148
0.7920082550256642
0.7898829146299875
0.7832291986752706
0.7832291986752706
0.7832291986752706
0.7811345491472504
0.7844081942336874
0.7844081942336874
0.7698385822327577
0.7726186411744623
0.7726186411744623
0.757086878511196
0.757086878511196
0.7245465372973547
0.7245465372973547
0.6995611622940934
0.6995611622940934
0.6959341576272472
0.6959341576272472
0.6959341576272472
0.6864873475332242
0.6864873475332242
0.6643671186119275
0.6643671186119275
0.6643671186119275
0.6638071291229108
0.6638071291229108
0.6638071291229108
0.6739282138414394
0.6600639413832728
0.6600639413832728
0.6600639413832728
0.6618856733274424
0.6618856733274424
0.634247619481007
0.634247619481007
0.634247619481007
0.6321737085997284
0.6321737085997284
0.6321737085997284
0.6499846414634979
0.5986144868406584
0.5986144868406584
0.5986144868406584
0.5986144868406584
0.5891756212604934
0.5630594595824219
0.5630594595824219
0.5486412301719693
0.5486412301719693
0.5486412301719693
0.5425360912289215
0.5425360912289215
0.5425360912289215
0.5566689034723565
0.5566689034723565
0.5566689034723565
0.5541086152971282
0.5541086152971282
0.5277982061760313
0.5198104624715694
0.5198104624715694
0.5089610625909753
0.48414656796412747
0.4670628723904244
0.4670628723904244
0.45775881019701187
0.4699336322598007
0.46514906874673095
0.4656044147633811
0.4656044147633811
0.4656044147633811
0.4256657659672034
0.4256657659672034
0.4256657659672034
0.4203082543496303
0.4203082543496303
0.41322126134046794
0.4104432646286422
0.4104432646286422
0.4104432646286422
0.4065330251241047
0.4065330251241047
0.4065330251241047
0.4013353846620234
0.4013353846620234
0.4013353846620234
0.4013353846620234
0.39024334790945125
0.39024334790945125
0.36542061032259043
0.36542061032259043
0.36542061032259043
0.36542061032259043
0.3801166266922806
0.3801166266922806
0.3801166266922806
0.3581550072744908
0.3581550072744908
0.3581550072744908
0.339097029372876
0.339097029372876
0.339097029372876
0.3243876012456338
0.3243876012456338
0.3243876012456338
0.3243876012456338
0.3243876012456338
0.3243876012456338
0.3174870157175166
0.3174870157175166
0.3174870157175166
0.3174870157175166
0.3088619678614451
0.3088619678614451
0.3088619678614451
0.30317929913746405
0.30317929913746405
0.30317929913746405
0.30317929913746405
0.2991204345553308
0.2991204345553308
0.2991204345553308
0.2725495988909847
0.2725495988909847
0.27043405802590714
0.27043405802590714
0.27043405802590714
0.26983561851374893
0.26983561851374893
0.26983561851374893
0.27160821149912884
0.27160821149912884
0.27160821149912884
0.2708420921063097
0.2583313449455182
0.2583313449455182
0.2583313449455182
0.2508710801393728
0.2508710801393728
0.2508710801393728
0.2508710801393728
0.24941486581680186
0.24941486581680186
0.2407877295966673
0.22708596054729363
0.22466229649742675
0.22466229649742675
0.21487753525500236
0.21487753525500236
0.20362152009936083
0.20362152009936083
0.20362152009936083
0.20362152009936083
0.1975054336713443
0.1975054336713443
0.1975054336713443
0.1975054336713443
0.20201897809113423
0.20201897809113423
0.20201897809113423
0.20201897809113423
0.20201897809113423
0.20201897809113423
0.18929684334876887
0.18929684334876887
0.18929684334876887
0.0
0.0
0.0
0.0
0.0
0.0
0.0
0.0
0.0
0.0
0.0
0.0
0.0
0.0
0.0
0.0
0.0
0.0
0.0
0.0
0.0
0.0
0.0
0.0
0.0
0.0
0.0
0.0
0.0
0.0
0.0
0.0
0.0
0.0
0.0
0.0
0.0
0.0
0.0
0.0
0.0
0.0
0.0
0.0
0.0
0.0
0.0
0.0
0.0
0.0
0.0
0.0
0.0
0.0
0.0
0.0
0.0
0.0
0.0
0.0
0.0
0.0
0.0
0.0
0.0
0.0
0.0
0.0
0.0
0.0
0.0
0.0
0.0
0.0
0.0
0.0
0.0
0.0
0.0
0.0
0.0
0.0
0.0
0.0
0.0
0.0
0.0
0.0
0.0
0.0
0.0
0.0
0.0
0.0
0.0
0.0
0.0
0.0
0.0
0.0
0.0
0.0
0.0
0.0
0.0
0.0
0.0
0.0
0.0
0.0
0.0
0.0
0.0
0.0
0.0
0.0
0.0
0.0
0.0
0.0
0.0
0.0
0.0
0.0
0.0
0.0
0.0
0.0
0.0
0.0
0.0
0.0
0.0
0.0
0.0
0.0
0.0
0.0
0.0
0.0
0.0
0.0
0.0
0.0
0.0
0.0
0.0
0.0
0.0
0.0
0.0
0.0
0.0
0.0
0.0
0.0
0.0
0.0
0.0
0.0
0.0
0.0
0.0
0.0
0.0
0.0
0.0
0.0
0.0
0.0
0.0
0.0
0.0
0.0
0.0
0.0
0.0
0.0
0.0
0.0
0.0
0.0
0.0
0.0
0.0
0.0
0.0
0.0
0.0
0.0
0.0
0.0
0.0
0.0
0.0
0.0
0.0
0.0
0.0
0.0
0.0
0.0
0.0
0.0
0.0
0.0
0.0
0.0
0.0
0.0
0.0
0.0
0.0
0.0
0.0
0.0
0.0
0.0
0.0
0.0
0.0
0.0
0.0
0.0
0.0
0.0
0.0
0.0
0.0
0.0
0.0
0.0
0.0
0.0
0.0
0.0
0.0
0.0
0.0
0.0
0.0
0.0
0.0
0.0
0.0
0.0
0.0
0.0
0.0
0.0
0.0
0.0
0.0
0.0
0.0
0.0
0.0
0.0
0.0
0.0
0.0
0.03829272898961284
0.03829272898961284
0.041542331779619406
0.041542331779619406
0.0429101870143802
0.0429101870143802
0.0429101870143802
0.04608829339971518
0.04608829339971518
0.046060981506104194
0.046060981506104194
0.043786521819603456
0.043786521819603456
0.043786521819603456
0.04336346363777154
0.045350840082195094
0.045350840082195094
0.047073666397213804
0.04786691546986787
0.04786691546986787
0.04910645145449532
0.04910645145449532
0.05028538618738408
0.05028538618738408
0.04677867762601233
0.04677867762601233
0.04553970748217092
0.04553970748217092
0.05071658998360569
0.05071658998360569
0.048124504211838476
0.048124504211838476
0.04883106875332888
0.04883106875332888
0.04496487119437939
0.048494326337579136
0.04437561380977563
0.04437561380977563
0.04726271375310218
0.043986718994934636
0.04504831191593198
0.04504831191593198
0.04205934011973786
0.04621963012208389
0.047368301767056746
0.04700927342436777
0.04453426002870741
0.045679641906057
0.043786521819603456
0.043786521819603456
0.042637737873099095
0.04106939833123699
0.04106939833123699
0.04106939833123699
0.04092933306641385
0.04157931912354059
0.04157931912354059
0.03771033597099205
0.03493703779243245
0.03493703779243245
0.03493703779243245
0.03739320274670071
0.038889371522676026
0.03867755983879314
0.03867755983879314
0.03867755983879314
0.03854899264978055
0.03664478504898813
0.03682608268683099
0.0369998262564304
0.0369998262564304
0.03473281866114729
0.03409816252148131
0.03409816252148131
0.03409816252148131
0.0330097820750085
0.036991992748149266
0.033735194585448394
0.033735194585448394
0.033735194585448394
0.03158165076631391
0.03518996234368095
0.03518996234368095
0.0369998262564304
0.0364064193744547
0.0364064193744547
0.039187469074949105
0.036561414110892886
0.03763073308732158
0.03763073308732158
0.03703032225898563
0.036104260068514624
0.036104260068514624
0.0346080486469133
0.0346080486469133
0.03242046900906821
0.03127218890214977
0.03127218890214977
0.03127218890214977
0.03119653438983582
0.03263221902866272
0.03263221902866272
0.031125009914227765
0.03352029157932506
0.03352029157932506
0.031846628570565284
0.031846628570565284
0.03217887222872682
0.03217887222872682
0.03253389734486536
0.03253389734486536
0.031982233770942545
0.031374044936606074
0.035019999017989675
0.03353892290202329
