1.0
0.9212118783312627
0.922888568551174
0.895662104731058
0.916937275679371
0.9022288491702329
0.8424633011099176
0.8413288663591236
0.8108471612783914
0.7669353651956377
0.7343184512050573
0.7222487412038249
0.7224599011322923
0.7224599011322923
0.711651079451097
0.7278179092272046
0.737865283686842
0.7682363080780381
0.7686554761509058
0.7906295754026355
0.7901540023155857
0.7948661278100531
0.813967608263384
0.8139898922134263
0.8169310147143131
0.8139898922134263
0.832304182951458
0.8479991697184456
0.8546616442170988
0.8600218102508179
0.8626684557493729
0.8639208266627856
0.86124443668732
0.8350280201051477
0.7877079379256448
0.7571511636152198
0.7898891290704971
0.7775438205067422
0.7820784656106653
0.7691261660638038
0.7779751094968487
0.8455026874265414
0.8155917305482238
0.8472664868840402
0.8399661303979679
0.8249040809208231
0.8103539096666708
0.8057457344636155
0.8103539096666708
0.8146902978256898
0.8169279146219448
0.8161117443072968
0.8582790235281123
0.8956381260096931
0.8859569525607056
0.9024957057694251
0.8861387357227255
0.8835723251302727
0.8617983523562867
0.860538579018131
0.8202622169249106
0.8076341799408846
0.7878310007227808
0.7739182964585064
0.7874076278331598
0.750268270120259
0.7462302675687207
0.743812580385369
0.7507948794284013
0.7314554756604938
0.7326377748027837
0.6920293285364134
0.6861089482359365
0.6935955897366093
0.6329280934878899
0.6434527315564718
0.6195637676391347
0.6470183206373001
0.660033097127339
0.6336211362458988
0.6190460601695748
0.5830404044393539
0.5193661971830986
0.45928102816697364
0.4513589491054482
0.4209486523113989
0.40736868172688
0.4200353320170425
0.37529353768934304
0.35206456836352595
0.3546223994756991
0.3733469744987471
0.3980887519334301
0.40527517814401165
0.381636570175095
0.36833776600953383
0.3867229429263655
0.4038038352719271
0.44143387518347293
0.46417469247639936
0.4942015047802229
0.4918889623068756
0.46062467170390725
0.4676374852690971
0.48461330611264564
0.5088542489115477
0.5253650394705615
0.529294844473832
0.5373543962988673
0.6719323978764002
0.6626856555668814
0.655525530935367
0.6395438599173017
0.6122993301744779
0.49952158119595974
0.41779353501397815
0.29381138659837336
0.32347623966942146
0.3637169085375358
0.23324723568505673
0.6366647015986406
0.7040676905855433
0.622752855035244
0.6089740816061616
0.569650979406185
0.6077049285511325
0.6518025824067222
0.6050384120422727
0.5699339207048458
0.6542280709660944
0.6954431852320594
0.708636572194967
0.7462385814078453
0.7237462494642092
0.7837598778360968
0.8609799472619121
0.8895470383275261
0.8268125347672909
0.8494126380626587
0.8266298178946849
0.866962834094463
0.8107463926498076
0.8105667851109687
0.7600644599992091
0.834986683135832
0.8283886621815374
0.7611437857916731
0.8719675007628929
0.8254448832774499
0.8984109067179316
0.9000874935229309
0.8370664801514868
0.812043703741
0.8106130132956818
0.8616715734615579
0.8162982874023607
0.8336107196226602
0.777872615761614
0.769903383891109
0.7391896658679284
0.7890658200634952
0.7695526876331287
0.7678564754251542
0.7419156932937035
0.70275922863744
0.7052536125899491
0.73820429581536
0.7363758389261745
0.6686727005639008
0.6541266729564368
0.6458880634666574
0.7039935976330643
0.7149409920708095
0.6879448059720983
0.6574015143202019
0.6721149358874642
0.699953553181607
0.6909095980586316
0.6717888677496463
0.7016301806357595
0.6778061304525157
0.629422847732881
0.6376861098274026
0.6398784050999026
0.6360726350105471
0.6643622503548996
0.667420919816372
0.6636400359890564
0.6884291648447748
0.6848541862652869
0.715575042284234
0.7193919812440358
0.7298724795004231
0.7429186598011436
0.7710316922338906
0.7951111445685957
0.8029977912668474
0.8022912143959406
0.7512506780784762
0.7365097735966938
0.730823102063014
0.7419788184573088
0.7531120331950207
0.7459197509164868
0.7219038685074536
0.7247146762212167
0.6965131029361715
0.7014773306164035
0.7014773306164035
0.7099091647136314
0.726172999001703
0.7418743314658505
0.7450857460964313
0.6887508329929706
0.6871569532782038
0.6871569532782038
0.7233418716672305
0.7006957649327936
0.7191317736051143
0.74957973775636
0.7481620339181629
0.7540124939932724
0.7277399893535222
0.7559861813900666
0.7416125150421179
0.7614888030888031
0.7766549335755649
0.7804184900155928
0.8185104385987164
0.8055681990593233
0.8011985409067223
0.8074588421194623
0.8149903658299149
0.8115204726347748
0.6560123295473582
0.553339415049483
0.4270022081244962
0.37587207598053585
0.32988677321877163
0.31170223857255624
0.19270381727820662
0.20234499911174275
0.21271934357108901
0.1993337465137899
0.1933278232774814
0.01581380361635415
0.03830655677846748
0.0
0.0
0.0
0.0
0.0
0.08525454966836256
0.13772415023641715
0.18734491315136476
0.2310252542455355
0.2860651011115309
0.30373258054397995
0.3327023385383515
0.4420039554149996
0.3605013719131953
0.5344214013989447
0.5300688811257821
0.4479687690618519
0.308424553902321
0.3438280603312505
0.29454865782123857
0.2754864074733694
0.2747866707364007
0.29138672163555907
0.29138672163555907
0.307934446269626
0.253767095088741
0.23193142921272655
0.2513499972165006
0.22566371681415928
0.2365086409612697
0.2523182575202012
0.2617605894254407
0.23540540358578343
0.20767306088407006
0.2292892411888231
0.22807768190353941
0.21006726043710897
0.18646744025857045
0.18475623092706195
0.1837340253635607
0.17166457173639793
0.18890356671070013
0.16348515429321792
0.13004024154383775
0.1093770539360781
0.10229262016746463
0.09585439342843378
0.09004593236536268
0.10746976198279082
0.1002592817344293
0.10574324685173515
0.10235512570928669
0.09797880717848113
0.0924256298703884
0.08817869868375806
0.08329207560357632
0.06786552804461661
0.06489484350049052
0.05510275844541077
0.052036669366457136
0.05461595168561626
0.05804598885659913
0.05496191534773981
0.05403472485704788
0.05453353464717101
0.050888918593770885
0.04932701526027689
0.04561122694691912
0.047439205358217135
0.04683912187959868
0.04502015004616078
0.04633465578809531
0.04633699869800059
0.04550342130987292
0.05190042301879873
0.04512911062850809
0.041552227656621796
0.04247099199215558
0.04350115828618877
0.04270733712521602
0.041092674037602285
0.042997291084321744
0.0449868596320697
0.0424675641148714
0.03991755410511852
0.03819798012009117
0.038090103605081804
0.03608002435782235
0.03491139332629817
0.035844988302249345
0.03555913113435237
0.0317562713504479
0.02832802037947019
0.031211471229036128
0.030482485400223743
0.030482485400223743
