1.0
0.9106800614982835
0.8394797216586716
0.8469732775858935
0.8303270387036396
0.7477033385615057
0.7468465484364789
0.7489415142823177
0.7588954781319496
0.7577092511013216
0.701855995787811
0.6652677517312674
0.6903290720427652
0.6388798436991208
0.6400566910338654
0.5874058972928032
0.6400510132491012
0.6577911297335758
0.6746472346367847
0.6914578246428276
0.7150140142570237
0.6949463130025495
0.7026720537385205
0.7051975104707975
0.6926814076611647
0.7290355379103322
0.7025606486800576
0.7304022835497471
0.7536954665947792
0.7229312725008797
0.6343802516642023
0.711000518265538
0.6813231578912787
0.7330609825794298
0.6769880365939479
0.726642743527004
0.710142305417348
0.7562234696524783
0.8153223417908975
0.7944713067820334
0.7800112060512677
0.747502184401474
0.7316444841447075
0.7743455497382199
0.7411125004301791
0.7212263716651204
0.6824434528388983
0.7294701756058567
0.7460470661708348
0.7534255397942261
0.626632918273396
0.6452718895299003
0.6535195817246734
0.7085540847376469
0.7307875729434921
0.7047077590085484
0.742144300889526
0.6843054696386167
0.7620035787613265
0.7616218520259967
0.7367064378230077
0.6496524628568408
0.6995687835088482
0.7364427788025741
0.6717817942606076
0.7122989817226755
0.6796178700982551
0.6580795510391731
0.6650393069951429
0.6322057669907528
0.6351579101634058
0.6282712691117156
0.662207145297244
0.6931730460290504
0.7311888663359903
0.782928147473695
0.7752911843096795
0.8321325227640766
0.7189627612337931
0.8284939098308607
0.871985231922822
0.7686478509113936
0.7225103381172464
0.7030480280609023
0.6771449427266601
0.6606979802038059
0.6210796356284105
0.6316281943770137
0.6312103034580099
0.6151483119404595
0.6102401890924258
0.5822406040309721
0.619114925872255
0.6275123872724934
0.6460458750327609
0.6169510132095166
0.6033647600311792
0.6205768164170826
0.5982688780189545
0.5331591152954207
0.5924764890282131
0.5710692180754736
0.5787274408897953
0.6044620969994104
0.5803640493885185
0.5783022610075367
0.5599457235316799
0.5530580188981186
0.6335847289834553
0.558264370386938
0.6012608610439668
0.5426531820472549
0.6059750014012667
0.6045884618605041
0.6504341872950672
0.7003446469793276
0.6500242365487154
0.6589113958259117
0.5931912142504722
0.5986389174645881
0.6161465544786452
0.5925297886626683
0.5734438849042848
0.5763002092869693
0.5685638766519824
0.5697642819164648
0.5788747103945836
0.6725914989068401
0.6509185643130003
0.6929571924303517
0.7553891829095134
0.647997199579937
0.7377951219512195
0.7578058662267401
0.7036047368460228
0.6207535515750463
0.7075707154742097
0.700631156541041
0.6376200759550227
0.6742735648476258
0.6822136528778124
0.5918547907709747
0.6184342244729714
0.6980418371838978
0.6016741752225007
0.7225263593492711
0.7055243993554717
0.6604892202161827
0.6830016083634901
0.6186254819124132
0.7370587695975062
0.7468238426439521
0.6915070344542784
0.6779052636278405
0.6981198430948194
0.6936027544574677
0.5874847135374605
0.5790977599455162
0.6020397092329391
0.6008416693107997
0.5819046584136484
0.5593030283751114
0.5241253927079926
0.5224886929421154
0.6094633553762843
0.5885628366544398
0.6206293706293706
0.6225818116073043
0.786981056025796
0.7947717648627922
0.7439060301671956
0.6468830910177256
0.6456156292594275
0.7283517669274345
0.6994554660382766
0.6631028890624061
0.6395933142740055
0.7094105480868665
0.7356075330071711
0.6859127883142383
0.690705737355587
0.6422748384163175
0.6270677645417359
0.6002305975438188
0.6954730455192389
0.6933034217787061
0.6314615185889758
0.5557289459814185
0.6594961858274669
0.5851075763354497
0.662913208698194
0.5933340916846775
0.6732928875693817
0.6683397977032474
0.6234339372839385
0.5445609225925966
0.6158111775555999
0.5729504499667089
0.6180866099770616
0.6058824955160211
0.5715804637124434
0.549232645259099
0.6869149279572733
0.6066121028549333
0.5301731421297495
0.633392394711735
0.5456063065151866
0.6036787152715426
0.5858109170992607
0.5436942490390891
0.538917089678511
0.6348906139731828
0.5542221786833855
0.6771596995720996
0.5556753739390787
0.5722055588882223
0.6751445086705202
0.6279657019174737
0.6072792836842588
0.5763760751696142
0.5742331288343558
0.5828631080013542
0.6171973529453443
0.6717374769097033
0.6171596451695713
0.5625975173632686
0.5901010190127487
0.6280016549441456
0.5955152162306461
0.617742785406528
0.6474328253298828
0.5755183186594718
0.5356484113886307
0.6397331109257715
0.5576604633497911
0.6396629941672067
0.5966627936999742
0.6962458587300716
0.6540792131377887
0.7565217391304347
0.7119167615021947
0.8397356999416985
0.8410373760488177
0.6996192893401015
0.7759457840038018
0.8216270305946475
0.6961952122123279
0.7002502406159768
0.6769151176970548
0.5782671291145868
0.5862017831655824
0.6464631282292156
0.5966658865465282
0.6266920108288693
0.6263924592973437
0.6093370460335328
0.586753128209029
0.6266375545851528
0.617054202824737
0.6611167344915202
0.6416131989000916
0.6859678429734809
0.6932970255550901
0.6638985838648854
0.7803833462051534
0.7389473684210527
0.7487748729286805
0.6606385105863011
0.6251307735114079
0.7210368107229094
0.6219997054925637
0.634324942791762
0.6971163058057099
0.6377502383222117
0.6098270995059986
0.6672224379325309
0.6191424877604221
0.5915872577940958
0.6417965769104982
0.6175147109726549
0.593058818314791
0.6831718438301511
0.7172191984166254
0.7311103769029405
0.7013871748037716
0.741608780953391
0.7750714756982626
0.6671212121212121
0.63397341211226
0.64270205066345
0.6860976406442373
0.7000195809672998
0.6934423403678988
0.6976924068583216
0.6797175199916917
0.6878091964797167
0.6452296285087388
0.6046274849186754
0.6625926831255602
0.6629633586155326
0.6537559325732366
0.7109437723208106
0.660259385665529
0.6207915913943176
0.6493259920258212
0.7182506307821699
0.7996504260432598
0.6305798435342844
0.6499957496245502
0.7081323747990415
0.5994494150034412
0.5344718879355246
0.5436069085553622
0.5354073478413831
0.5759329140461216
0.63125
0.6214281488493167
0.6189863332720476
0.664891229540082
0.695288730446541
0.5548308677477691
0.598698981060388
0.6201776009028541
0.5902094664969332
0.5795792295588321
0.6298151001540832
0.5566769514691888
0.61435169608173
0.5879038889058075
0.573407706066026
0.6901198090847105
0.6105130668079891
0.5727341964965728
0.6291407867494824
0.6348112334122004
0.57244276549321
0.5456440183409754
0.5513974716898271
0.6119073869900772
0.6554883504527397
0.6513606689650113
0.7183673469387755
0.7020528796229731
0.7118468104741031
0.6752172114191146
0.6743201972255952
0.7163653079987742
0.7393737304051206
0.7482141485521161
0.7491636131910148
0.6384519633359738
0.6548994356274384
0.6659141333540929
0.723198558027119
0.6845626954903591
0.6481148353463784
0.6609130138541903
0.6627340749831743
0.7190608185227458
0.648445453833503
0.6579925650557621
0.6375537394941709
0.6608766233766233
0.6540865668121241
0.6886883273164862
0.7258084971464807
0.7204273721699314
0.7110304130730821
0.7049504950495049
0.7068266306184522
0.74842878640347
0.737783595113438
0.7108890276910265
0.6779984114376489
0.6994165891603957
0.6918165014283314
0.6753602370157562
0.6724356268467708
0.6595320623916812
0.6507077963236848
0.6839317500976859
0.6968805434171246
0.684366542080165
0.6058094725065263
0.6201036269430051
0.576271186440678
0.5612035999845494
0.5470404509788984
0.5599499070857236
0.5192596115155284
0.5410855063674954
0.5553673949857503
0.5409473561702293
0.5604989274648446
0.59307290211883
0.5854171535405469
0.5398178078166324
0.5716471838469713
0.5462114904246461
0.5605372150066348
0.5988449949782391
0.5387801204819277
0.6095669600069704
0.5984166810866932
0.6152876212009217
0.5992377726021596
0.5671263720799324
0.5865108736329993
0.6389656626223825
0.7025857628515504
0.6902767468985261
0.7485170677112479
0.6699724517906336
0.7516229019240891
0.7655403814457264
0.7516229019240891
0.756838905775076
0.7667440614395428
0.7470488048393727
0.7747801283574994
0.8235805150480918
0.86962604935131
0.8159753667813802
0.8189845474613686
0.8589264254239551
0.7820968043356382
0.8217391304347826
0.8306618407445708
0.836288854426539
0.8997134670487106
0.8530848063828324
0.8996155798941031
0.8435810134187863
0.8333443250016488
0.8007604562737642
0.8329463278710276
0.9073613346992536
0.842560901952889
0.8158441918491821
0.8170901013466612
0.7874853190656401
0.8142412720359489
0.7431831003572996
0.8288011184900385
0.8341659044536692
0.8595664467483506
0.8474526501247981
0.8319255547602005
0.8577121771217712
0.8321042457220591
0.8367642795013047
0.8273985030619188
0.7690253671562083
0.7510809141445337
0.7698339154608311
0.8376578645235362
0.781190019193858
0.7854099708498393
0.8106327562432971
0.0
0.8253469927296762
0.8651097943534333
0.8694516971279374
0.0
0.0
0.0
0.0
0.0
0.0
0.0
0.0
0.0
0.0
0.6659860205764548
0.0
0.6587655106586064
0.0
0.5256821202407943
0.5821917808219178
0.0
0.0
0.44344904815229563
0.3524879383596169
0.0
0.0
0.0
0.0
0.0
0.0
0.30537707135610415
0.30537707135610415
0.26126126126126126
0.26126126126126126
0.16729432213209733
0.16729432213209733
0.10221741481882099
0.10221741481882099
0.02164617851416355
0.012233179378354763
0.010683760683760684
0.010683760683760684
0.0
0.0
0.0
0.0
0.0
0.0
0.0
0.0
0.0
0.0
0.0
0.0
0.0
0.0
0.0
0.0
0.0
0.0
0.0
0.0
0.0
0.0
0.0
0.0
0.0
0.0
0.0
0.0
0.0
0.0
0.0
0.0
0.0
0.0
0.0
0.0
0.0
0.0
0.0
0.0
0.0
0.0
0.0
0.0
0.0
0.0
0.0
0.0
0.0
0.0
0.0
0.0
0.0
0.0
0.0
0.0
0.0
0.0
0.0
0.0
0.0
0.0
0.0
0.0
0.0
0.0
0.0
0.0
0.0
0.0
0.0
0.0
0.0
0.0
0.0
0.0
0.0
