1.0
0.8873545710535018
0.8150123026513594
0.7851023531372638
0.773425441909203
0.7718509928975213
0.7768920592645018
0.764577381952613
0.7532974007100679
0.7280739593645552
0.7200937993014161
0.7176256656708664
0.7132725301358505
0.7281665288475938
0.7523964518833148
0.6232335010966038
0.651686641796968
0.655446879844717
0.6916165564560869
0.7053116220996775
0.7024913964272328
0.7098020068480717
0.7078303099913856
0.7155795061529799
0.7346000521836202
0.637003687916088
0.6381192275398825
0.7268236572409723
0.7026743998711132
0.7137111590649448
0.7276337208906326
0.6783865599492829
0.6756122827935341
0.6314503556983143
0.7948497263056425
0.7372784335399313
0.6798318257102816
0.7002553483681309
0.6927713095946291
0.6825856333722916
0.7172111927466
0.7302025652616115
0.7788588446953129
0.6977323560785933
0.6475725963632664
0.7196743497418755
0.7279220470337696
0.7037531480693044
0.7207992062411237
0.7133388224059433
0.695829324882576
0.6413672310386922
0.6697087776866284
0.6909656446596039
0.674735536531802
0.7482265985415943
0.7762096514814291
0.7121516333365908
0.7946520350683229
0.7388971608619912
0.6716493660288638
0.7185555907507127
0.6485573164269913
0.6397207077953132
0.6350667280257708
0.6951983798875987
0.7500236259804782
0.7341636085694273
0.6696132596685083
0.6233796013207777
0.6630820452998931
0.6426241391808626
0.6961358009729749
0.681375435290951
0.6482499443707299
0.6641453839126248
0.6824742891973561
0.7295648637657585
0.6822766757422534
0.6833663503979425
0.6433699621566565
0.6028177932562926
0.61281231302482
0.5978330995500539
0.6282571133358223
0.6082924901850342
0.6524241537410984
0.6417399537517525
0.6536560276595137
0.6556580604252811
0.6273176948987953
0.6844134112064586
0.561546339406353
0.6297108798706086
0.5768180754530563
0.5867005527887594
0.5939303088584682
0.5956031086979666
0.5874068249132406
0.6158013092798961
0.6230510625450936
0.580801838930112
0.6420489207411848
0.5484957870728168
0.5440077408653181
0.6128047367743596
0.5888234061367504
0.552068536713639
0.5905890642170961
0.5875183730260439
0.6162807057035933
0.6083918001941886
0.5541692289708939
0.5459480711941811
0.5741297329961993
0.6368832360153122
0.6419377808627386
0.5799514544737027
0.6157943678464417
0.5649597968683876
0.6204086009973725
0.7579789572404091
0.7882949952900422
0.7457518824357222
0.7183924085961485
0.7244616749964968
0.7491377971104551
0.7320326006421338
0.7767432454295421
0.7967245568253397
0.7844304596120557
0.7880101800358187
0.7586433822349202
0.77544625278908
0.7789735645065594
0.7452075875681643
0.7231438496250365
0.7032631157137132
0.6953210010881393
0.7189903603936453
0.7381360826875167
0.7472249371683887
0.754567004767486
0.7234675341134722
0.6938380150510394
0.7399040128469497
0.73116853658111
0.7252934546554142
0.7447484100691035
0.7441542084223208
0.671320999351718
0.6044058858552351
0.7040650263465784
0.6531033770525664
0.7218321247848088
0.7281893690969427
0.7712967345007099
0.7065049421232178
0.6917241239042448
0.7438409023449095
0.702641394202456
0.6929306332206531
0.6927939043660843
0.7287859043572531
0.7102190241747144
0.716039470069939
0.7224346324617662
0.7241093787866548
0.8051252026661863
0.7937043532310698
0.7542713067710579
0.7534749099720661
0.7232702401781453
0.6675810155651952
0.7698386871833016
0.7100032118768067
0.785665311719477
0.7300173419517578
0.7669624764167423
0.649293523157635
0.6648225550738938
0.7712157454110551
0.7416552069008626
0.6596758817921831
0.6822160238530345
0.6492797720384926
0.6619805002954501
0.5700504600771742
0.5624424734331855
0.5605889623300554
0.5504664612267297
0.5469339820484859
0.5583147799280699
0.6074887668497254
0.636066668256277
0.6480734658179874
0.5653974146357535
0.5837582335820732
0.6436594249038535
0.5349976992798211
0.5783124013289663
0.562019425333873
0.6031599191761813
0.4962813292635742
0.5002742240578445
0.5201934270618788
0.43758874905172246
0.45959142221006993
0.5325693160813308
0.5401502562782315
0.5595790851891813
0.5140320989868197
0.5109044114326997
0.4640494802851989
0.5201342281879194
0.5775611250063805
0.594072401753603
0.5909986684420773
0.5618707195285001
0.5395519454998035
0.5923351003736855
0.5780277276479064
0.6069114470842333
0.578996344300432
0.5791473024853506
0.5883688696216344
0.569681946136717
0.5361458736507118
0.580117160578911
0.5801960444136016
0.5450153711023277
0.5269199862243141
0.639470782800441
0.6038063895184576
0.52954259141173
0.5567541458702302
0.6163070392642377
0.6136942983446807
0.6682825852338069
0.7139027262023367
0.7803395136046232
0.6462028194633924
0.7212731758373205
0.6768807114166945
0.6809493356071911
0.7491547286336897
0.6941528667247717
0.7422504963734349
0.5952949528849877
0.6133821366264154
0.5794653401567477
0.5810789487525642
0.6492235168887452
0.5800706478518984
0.6200639054681377
0.5821067241316338
0.5748745984331849
0.59906431858811
0.5955783832067888
0.6328056029662763
0.6077132839890923
0.5386306702470849
0.606412605349945
0.6421058898237816
0.6257065618087982
0.5944094779711218
0.6357916241062308
0.6582410877712891
0.6355288716228148
0.6294698037514909
0.5897534916650576
0.5916648578250489
0.6056368800524361
0.6353544520186565
0.7581004993094657
0.6791351854004417
0.7856448008413304
0.7216469182515185
0.7751169269302528
0.781166288893468
0.7133717210492643
0.6863114377583831
0.6698863111193271
0.6648278128594568
0.5805466200735924
0.6865752882379138
0.8127288087862574
0.7508720008455766
0.7431739721728214
0.7303548557221426
0.7549045252419566
0.76432772534537
0.804893034686924
0.7656469267471232
0.8116430397397165
0.6714886631784138
0.6256836798991808
0.6214389425724728
0.6351561920308674
0.5858850752024681
0.6275199765413093
0.627852728278383
0.6403053986432459
0.6346829308138426
0.6314926189174412
0.6488393076859978
0.6561600657804577
0.622017947034362
0.5777109565871077
0.583560273439671
0.5505654543975267
0.5772876098569706
0.5432432432432432
0.5306346936530635
0.5625397835773392
0.6720332689737115
0.6443381180223285
0.5936163403066718
0.6688741721854304
0.6756756756756757
0.6132061628760088
0.6059185379837554
0.5720302062155097
0.6258734884851431
0.580498177399757
0.6110976496244245
0.6121592639791129
0.6123876745126084
0.5538816668691532
0.5758497475120338
0.5753583882216196
0.5695280898876405
0.5789584778216688
0.6427403477158208
0.619041313559322
0.6390431439555745
0.649728555917481
0.6967370441458733
0.7170267469971987
0.6836309088248207
0.7321448385545734
0.715736787869866
0.7498281524478729
0.7047030449201085
0.7351029463277936
0.7224452692977805
0.7381293293603188
0.7750555087665569
0.7126965571854142
0.6935763888888888
0.6964195072429815
0.596384905394454
0.7418268278185061
0.6829397718227647
0.7792469462284347
0.745153743315508
0.6956160398919593
0.7448173128646501
0.7370768295155078
0.7195057940000807
0.6577267953792714
0.6829104634095198
0.6231917336394949
0.7634011090573013
0.7769416823434561
0.7612059410330304
0.7834047707789787
0.7559648787936629
0.7513305193613508
0.7694757917728431
0.7527781526971701
0.7221095334685599
0.7124911314218939
0.6943966421825813
0.7000041430169449
0.713339005059777
0.6567434636293037
0.6257613834817055
0.609678232378392
0.646547225604453
0.6843268046055148
0.6475083326558816
0.6830536912751678
0.6212980466288595
0.6480489998715039
0.6373425171105976
0.651628743040028
0.6260611022536303
0.5464449320552797
0.5587508962001115
0.5735504368546466
0.6199227928835179
0.6712838151901087
0.6448563137695404
0.6830265848670757
0.7178234748204952
0.7165614519629118
0.7447853408670856
0.7117121663218449
0.7042492634942827
0.7446348618187433
0.7234155115860755
0.7190030497423493
0.7377023250909475
0.7343928482741495
0.7787286693818631
0.7139160585830358
0.7048434856175972
0.7202371414837366
0.7358948879319863
0.7091769655535104
0.7027532467532468
0.7362929841371234
0.7389252803375153
0.77601585728444
0.7324796677625887
0.8112407211028632
0.7454157023322058
0.7539668064927959
0.804452314697698
0.8909176344230382
0.9190751445086706
0.9368029739776952
0.9473465428848552
0.8595969160016231
0.8435512425414727
0.7790979631425801
0.800548149993771
0.7902013251783894
0.786942452890045
0.8856122813280971
0.8625419932810751
0.8433572104338424
0.8333443250016488
0.8710878257272853
0.9048648648648648
0.8681972201092594
0.8697609975753378
0.8613946185140247
0.7920265780730897
0.8713450292397661
0.8238482384823849
0.8544864864864865
0.8388877096157928
0.8288011184900385
0.8644549763033176
0.8684800478254372
0.8632548466166531
0.8962751600215932
0.8684800478254372
0.8789895628497958
0.7887567567567567
0.7785444974034289
0.0
0.7694579202699853
0.0
0.0
0.0
0.0
0.0
0.0
0.0
0.0
0.7571321882001494
0.8057542521061835
0.7956382491993289
0.837666846693928
0.8507565865273831
0.9103302767183316
0.8011438287348327
0.9216676166435958
0.8884239888423989
0.7149971542401822
0.7806583163413924
0.8385033578509754
0.82319255547602
0.8230179432455932
0.8725967700589592
0.801632781223016
0.7137418288916026
0.7481018311746316
0.6974175250037319
0.7249491722335173
0.6660291003483845
0.6977742789665784
0.6860318930721895
0.7283325237665672
0.7937270203346589
0.7812188577999234
0.8520458265139116
0.7566801015076877
0.7653631284916201
0.7420577091227047
0.8
0.7188000915960614
0.816888339004021
0.7772504473663736
0.7902485356973247
0.7103392687037444
0.7964433153382026
0.8104206421637766
0.8294706025859966
0.8586760539194642
0.8338916086919179
0.8610855565777369
0.8487116991643454
0.7346889760627652
0.7081324832840927
0.7477289171155238
0.7959217644610903
0.7561920808761584
0.8902439024390244
0.8549840933191941
0.8465428546516697
0.9232020238525479
0.9072903895124022
0.9108052551613192
0.8704853519895059
0.8909512761020881
0.8824098504837291
0.9489805872597795
0.9232078281216762
0.8994807892004154
0.8446066049209467
0.9259039715471251
0.9156814851001466
0.8452483491243181
0.9110776942355889
0.897684695936209
0.8490727532097004
0.8921435499515034
0.8218087752462442
0.8180647717143706
0.7884615384615384
0.85
0.7581563956499223
0.8657900229597162
0.7254707631318137
0.8572949946751863
0.839940682155215
0.8288251505562927
0.903578947368421
0.7952987267384917
0.8605599056097822
0.8811609498680739
0.7647391755494765
0.8313503305004721
0.7939560439560439
0.7634779277985253
0.7729580064605446
0.7927337701012508
0.7828258102418486
0.7860209685471792
0.9010021257212268
0.8360089412720991
0.8417179151124106
0.8254880586661382
0.8078210153934411
0.8047088501156191
0.7894736842105263
0.757135703555333
0.759875364358227
0.8568987612131568
0.844449112488184
0.7768866557155281
0.8910108659861705
0.8118505195843325
0.7234726688102894
0.8244182532487156
0.8081820916474481
0.78900883218842
0.8339124391938847
0.8109536899978854
0.7894626803261552
0.8038379530916845
0.7974683544303798
0.7692610837438424
0.8078715691351631
