1,1012,369,16,69
2,1011,369,18,66
3,1009,370,20,65
4,1009,370,20,66
5,1008,370,20,68
6,1007,370,20,69
7,1007,370,21,69
8,1006,369,21,73
9,1006,368,22,75
10,1006,368,20,77
11,1006,368,21,78
12,1006,368,20,78
13,1003,368,23,83
14,1005,370,22,80
15,1004,371,23,77
16,1004,371,22,74
17,1004,372,22,73
18,1004,372,22,70
19,1003,372,24,73
20,1003,372,24,72
21,1001,371,25,79
22,1000,369,26,89
23,1000,368,26,89
24,1000,368,26,88
25,999,368,26,90
26,998,369,26,90
27,998,370,26,91
28,997,370,27,89
29,997,371,25,88
30,995,372,26,87
31,994,372,25,87
32,993,371,25,90
33,993,370,24,94
34,990,369,25,97
35,988,369,26,99
36,986,369,26,101
37,984,367,28,105
38,984,366,27,105
39,978,366,31,101
40,973,366,36,110
41,965,364,42,109
42,966,362,40,99
43,965,365,40,94
44,966,371,40,101
45,964,367,40,109
46,965,366,38,114
47,965,366,37,116
48,965,367,37,114
49,965,367,35,113
50,965,367,35,112
51,963,367,35,121
52,962,366,35,124
53,960,364,36,130
54,958,364,38,131
55,957,365,38,127
56,956,365,37,132
57,952,363,40,134
58,948,365,43,133
59,946,367,43,132
60,943,366,43,133
61,941,370,42,128
62,938,365,41,133
63,935,358,40,142
64,932,358,41,142
65,931,355,40,145
66,928,358,42,142
67,927,359,41,142
68,926,358,40,141
69,925,360,40,139
70,923,360,41,138
71,922,360,39,139
72,920,358,39,140
73,917,365,40,135
74,915,368,39,131
75,913,367,40,131
76,911,378,39,121
77,909,373,38,125
78,907,376,39,122
79,902,386,41,112
80,896,390,47,106
81,894,390,45,108
82,891,386,46,112
83,889,386,46,111
84,889,376,43,122
85,885,373,46,126
86,882,390,47,107
87,880,390,46,106
88,876,397,48,99
89,872,399,50,95
90,870,396,49,100
91,867,399,49,97
92,865,398,49,98
93,863,396,46,101
94,858,397,49,100
95,856,394,48,102
96,851,395,49,102
97,849,392,47,102
98,845,399,48,95
99,842,396,50,96
100,842,394,48,98
101,839,394,48,98
102,837,393,49,99
103,835,394,52,96
104,834,395,52,94
105,833,395,53,94
106,833,393,53,97
107,834,395,52,95
108,833,395,55,95
109,833,396,54,93
110,833,395,59,95
111,834,393,59,96
112,834,393,63,97
113,835,392,66,98
114,837,393,65,98
115,842,397,66,93
116,845,393,64,100
117,850,397,62,95
118,855,395,59,99
119,860,395,59,99
120,866,398,58,97
121,870,400,59,95
122,876,396,59,99
123,881,391,58,104
124,884,399,58,97
125,888,401,55,95
126,893,407,53,90
127,897,410,53,88
128,901,412,54,88
129,907,413,53,86
130,912,415,54,84
131,919,417,59,81
132,925,421,65,80
133,934,422,59,78
134,943,425,56,75
135,950,425,56,76
136,958,427,56,73
137,966,426,57,74
138,977,428,56,68
139,988,432,55,59
140,996,432,55,57
141,1007,435,53,56
142,1016,438,51,55
143,1025,439,52,56
144,1034,440,50,57
145,1044,438,49,61
146,1054,439,51,56
147,1064,447,53,65
148,1072,440,47,64
149,1080,439,56,64
150,1088,438,53,63
151,1098,442,57,52
152,1098,450,64,57
153,1113,444,61,65
154,1110,444,71,73
155,1122,442,67,80
156,1132,442,71,87
157,1142,444,75,103
158,1147,438,71,117
159,1165,432,69,120
160,1158,424,77,125
161,1191,412,71,134
162,1199,417,68,124
163,1213,407,58,128
164,1222,403,51,136
165,1233,408,43,132
166,1240,408,39,133
167,1238,413,41,129
168,1238,413,41,129
169,1238,413,41,129
170,1238,413,41,129
171,1238,413,41,129
172,1238,413,41,129
173,1238,413,41,129
174,1238,413,41,129
175,1238,413,41,129
176,1238,413,41,129
177,1238,413,41,129
178,1238,413,41,129
179,1238,413,41,129
180,1238,413,41,129
181,1238,413,41,129
182,1238,413,41,129
183,1238,413,41,129
184,1238,413,41,129
185,1238,413,41,129
186,1238,413,41,129
187,1238,413,41,129
188,1238,413,41,129
189,1238,413,41,129
190,1238,413,41,129
191,1238,413,41,129
192,1238,413,41,129
193,1238,413,41,129
194,1238,413,41,129
195,1238,413,41,129
196,1238,413,41,129
197,1238,413,41,129
198,1238,413,41,129
199,1238,413,41,129
200,1238,413,41,129
201,1238,413,41,129
202,1238,413,41,129
203,1238,413,41,129
204,1238,413,41,129
205,1238,413,41,129
206,1238,413,41,129
207,1238,413,41,129
208,1238,413,41,129
209,1238,413,41,129
210,1238,413,41,129
211,1238,413,41,129
212,1238,413,41,129
213,1238,413,41,129
214,1238,413,41,129
215,1238,413,41,129
216,1238,413,41,129
217,1238,413,41,129
218,1238,413,41,129
219,1238,413,41,129
220,1238,413,41,129
221,1238,413,41,129
222,1238,413,41,129
223,1238,413,41,129
224,1238,413,41,129
225,1238,413,41,129
226,1238,413,41,129
227,1238,413,41,129
228,1238,413,41,129
229,1238,413,41,129
230,1238,413,41,129
231,1238,413,41,129
232,1238,413,41,129
233,1238,413,41,129
234,1238,413,41,129
235,1238,413,41,129
236,1238,413,41,129
237,1238,413,41,129
238,1238,413,41,129
239,1238,413,41,129
240,1238,413,41,129
241,1238,413,41,129
242,1238,413,41,129
243,1238,413,41,129
244,1238,413,41,129
245,1238,413,41,129
246,1238,413,41,129
247,1238,413,41,129
248,1238,413,41,129
249,1238,413,41,129
250,1238,413,41,129
251,1238,413,41,129
252,1238,413,41,129
253,1238,413,41,129
254,1238,413,41,129
255,1238,413,41,129
256,1238,413,41,129
257,1238,413,41,129
258,1238,413,41,129
259,1238,413,41,129
260,1238,413,41,129
261,1238,413,41,129
262,1238,413,41,129
263,1238,413,41,129
264,1238,413,41,129
265,1238,413,41,129
266,1238,413,41,129
267,1238,413,41,129
268,1238,413,41,129
269,1238,413,41,129
270,1238,413,41,129
271,1238,413,41,129
272,1238,413,41,129
273,1238,413,41,129
274,1238,413,41,129
275,1238,413,41,129
276,1238,413,41,129
277,1238,413,41,129
278,1238,413,41,129
279,1238,413,41,129
280,1238,413,41,129
281,1238,413,41,129
282,1238,413,41,129
283,1238,413,41,129
284,1238,413,41,129
285,1238,413,41,129
286,1238,413,41,129
287,1238,413,41,129
288,1238,413,41,129
289,1238,413,41,129
290,1238,413,41,129
291,1238,413,41,129
292,1238,413,41,129
293,1238,413,41,129
294,1238,413,41,129
295,1238,413,41,129
296,1238,413,41,129
297,1238,413,41,129
298,1238,413,41,129
299,1238,413,41,129
300,1238,413,41,129
301,1238,413,41,129
302,1238,413,41,129
303,1238,413,41,129
304,1238,413,41,129
305,1238,413,41,129
306,1238,413,41,129
307,1238,413,41,129
308,1238,413,41,129
309,1238,413,41,129
310,1238,413,41,129
311,1238,413,41,129
312,1238,413,41,129
313,1238,413,41,129
314,1238,413,41,129
315,1238,413,41,129
316,1238,413,41,129
317,1238,413,41,129
318,1238,413,41,129
319,1238,413,41,129
320,1238,413,41,129
321,1238,413,41,129
322,1238,413,41,129
323,1238,413,41,129
324,1238,413,41,129
325,1238,413,41,129
326,1238,413,41,129
327,1238,413,41,129
328,1238,413,41,129
329,1238,413,41,129
330,1238,413,41,129
331,1238,413,41,129
332,1238,413,41,129
333,1238,413,41,129
334,1238,413,41,129
335,1238,413,41,129
336,1238,413,41,129
337,1238,413,41,129
338,1238,413,41,129
339,1238,413,41,129
340,1238,413,41,129
341,1238,413,41,129
342,1238,413,41,129
343,1238,413,41,129
344,1238,413,41,129
345,1238,413,41,129
346,1238,413,41,129
347,1238,413,41,129
348,1238,413,41,129
349,1238,413,41,129
350,1238,413,41,129
351,1238,413,41,129
352,1238,413,41,129
353,1238,413,41,129
354,1238,413,41,129
355,1238,413,41,129
356,1238,413,41,129
357,1238,413,41,129
358,1238,413,41,129
359,1238,413,41,129
360,1238,413,41,129
361,1238,413,41,129
362,1238,413,41,129
363,1238,413,41,129
364,1238,413,41,129
365,1238,413,41,129
366,1238,413,41,129
367,1238,413,41,129
368,1238,413,41,129
369,1238,413,41,129
370,1238,413,41,129
371,1238,413,41,129
372,1238,413,41,129
373,1238,413,41,129
374,1238,413,41,129
375,1238,413,41,129
376,1238,413,41,129
377,1238,413,41,129
378,1238,413,41,129
