1.0
0.9878577623590633
0.875195007800312
0.8863813229571984
0.9085979860573199
0.8265682656826568
0.7865168539325843
0.8199445983379502
0.7584881486226778
0.9716262975778547
0.9099157485418017
0.9583617747440273
0.8955223880597015
0.9523809523809523
0.901213171577123
0.9088286208886325
0.8972286374133949
0.8623481781376519
0.8274760383386581
0.8176
0.850632911392405
0.8080579447713898
0.8080579447713898
0.9183111519045434
0.825711820534944
0.8229854689564069
0.847450110864745
0.8141295206055509
0.8901149425287357
0.8654447921323201
0.7996365288505225
0.8518518518518519
0.8875536480686695
0.7238095238095238
0.6879432624113475
0.6889675136699903
0.701466275659824
0.8117883456128601
0.6848347924315166
0.6393244873341375
0.4696669310071372
0.47575953458306397
0.48117620850969034
0.6744991343062082
0.6614678899082569
0.7322534540257265
0.6751622986294782
0.6873929008567932
0.7780842527582749
0.7644991212653779
0.8004396678065462
0.842230695900858
0.8596026490066225
0.7925465838509317
0.7933319085274632
0.8154171066525872
0.7702054137070455
0.7641882183908046
0.7800326146040949
0.8617710583153347
0.9834964498176934
0.848851269649335
0.7850959090137498
0.808091286307054
0.8268889677190493
0.8541127780651836
0.8439986163957108
0.8564542046063203
0.9032795997776543
0.8871701546860783
0.932825880114177
0.9259539100868909
0.8322147651006712
0.9142181029382764
0.968503937007874
0.8976976976976977
0.8757396449704142
0.9590808304777263
0.8103896103896104
0.7954669084315503
0.7941562090279078
0.7874885004599816
0.7790762381747357
0.9504835589941973
0.8717231737154841
0.752871562826314
0.8135860979462876
0.7543533389687236
0.7277268942547876
0.7580355686082558
0.7405947100377854
0.7506318449873631
0.6852340145023071
0.6717557251908397
0.7182710521784054
0.6300518134715026
0.7529286474973376
0.6519493502165945
0.7134756504336224
0.762120683641437
0.7968182604184679
0.7625020906506105
0.7590182836435513
0.7307692307692307
0.7196969696969697
0.7272292231615888
0.7246024018175917
0.7178841309823678
0.7280942391479748
0.7076514816452897
0.714075382803298
0.6815968841285297
0.6603521878335112
0.7029946670313141
0.6839126919967664
0.7452574525745257
0.7505429274648907
0.8109919571045576
0.8242506811989101
0.7864717684150186
0.7369155617585486
0.7802340702210663
0.8419243986254296
0.7150330396475771
0.7995240928019036
0.7547227768391952
0.7055196711685261
0.7331136738056013
0.6668335837088967
0.7012965145647415
0.6397070530170355
0.5787208784686155
0.6484435496360539
0.6365360303413401
0.6403508771929824
0.6138763197586727
0.5817540766857646
0.581369948509908
0.49401895292838277
0.568317909635275
0.5878533231474408
0.5345080763582967
0.5076457738195261
0.5344173441734418
0.5176156286525296
0.5065800717826012
0.4686192468619247
0.5075234554788458
0.5726872246696035
0.5781197724991636
0.43748089269336593
0.48802053622361663
0.520764119601329
0.5736434108527132
0.6564906119140889
0.6681250804272294
0.5434735236434953
0.5295810681164055
0.6041874376869392
0.5707897144018701
0.5666061318235232
0.5795519162970545
0.7477633862999066
0.7151531507218999
0.6594181604466647
0.6479550922213312
0.6656862745098039
0.6118980169971672
0.2686472819216182
0.1714370458253003
0.12099145777902255
0.0
0.0
0.0
0.0
0.0
0.0
0.0
0.0
0.0
0.0
0.0
0.0
0.0
0.0
0.0
0.0
0.0
0.0
0.0
0.0
0.0
0.0
0.0
0.0
0.0
0.0
0.0
0.0
0.0
0.0
0.0
0.0
0.0
0.0
0.0
0.0
0.0
0.0
0.0
0.0
0.0
0.0
0.0
0.0
0.0
0.0
0.0
0.0
0.0
0.0
0.0
0.0
0.0
0.0
0.0
0.0
0.0
0.0
0.0
0.0
0.0
0.0
0.0
0.0
0.0
0.0
0.0
0.0
0.0
0.0
0.0
0.0
0.0
0.0
0.0
0.0
0.0
0.0
0.0
0.0
0.0
0.0
0.0
0.0
0.0
0.0
0.0
0.0
0.0
0.0
0.0
0.0
0.0
0.0
0.0
0.0
0.0
0.0
0.0
0.0
0.0
0.0
0.0
0.0
0.0
0.0
0.0
0.0
0.0
0.0
0.0
0.0
0.0
0.0
0.0
0.0
0.0
0.0
0.0
0.0
0.0
0.0
0.0
0.0
0.0
0.0
0.0
0.0
0.0
0.0
0.0
0.0
0.0
0.0
0.0
0.0
0.0
0.0
0.0
0.0
0.0
0.0
0.0
0.0
0.0
0.0
0.0
0.0
0.0
0.0
0.0
0.0
0.0
0.0
0.0
0.0
0.0
0.0
0.0
0.0
0.0
0.0
0.0
0.0
0.0
0.0
