1.0
0.9375091744081196
0.9113620078625791
0.8409136850616535
0.9269250469523647
0.9497949814600459
0.903257328990228
0.9441749794088039
0.9531282032167285
0.9170504500732677
0.9216853130207093
0.8406698330313862
0.9101306920249848
0.8609904998204433
0.8559546070023857
0.9238151194672933
0.9297077380290196
0.9687127873024158
0.9239006350992846
0.9936972688164871
0.9309719440457979
0.9907034551329853
0.9392371725532616
0.9422866520787746
0.9186852015435399
0.944986745672852
0.9315515288788222
0.941544885177453
0.9064629847238543
0.9497736960056247
0.872243012433003
0.9450354609929078
0.950351687807175
0.8657434303857326
0.8942911228454717
0.8303480905711389
0.8946958637469586
0.883133228684966
0.7877693543461809
0.8935185185185185
0.7417416296517487
0.8601066820244903
0.8568770995329167
0.859352985802536
0.8244774904275483
0.9196671509708096
0.9137924164951192
0.8863510337725437
0.9414872003250712
0.8341460910630871
0.9049329723304497
0.8641841779975278
0.909887488982216
0.8721481166631246
0.8794614902943018
0.9397439247452313
0.8957881520374387
0.8603912731742293
0.7948021019388574
0.8384254920337395
0.8386550742479033
0.8308482126005058
0.9134399916618896
0.8398555530989756
0.8069209594966575
0.7604005882424434
0.7300143495843364
0.7584555803309471
0.7464618610269149
0.7170666068625252
0.6742948547054118
0.7120475077389601
0.6438080956637925
0.6908866995073891
0.6769318036266491
0.657606313020605
0.6154878705723394
0.6299436266559122
0.6481862157646585
0.6853511148155865
0.7276739269053931
0.7628127015984517
0.859400662943829
0.9321661507848773
0.9236108923925848
0.9279823260743996
0.9468705207835643
0.9644679397413471
0.9280405447370927
0.9150475008354418
0.9092413087780777
0.8893359570031425
0.945536915557515
0.92885565036588
0.883498117263519
0.891239875821641
0.9103584735780097
0.89083627534432
0.8484499662604692
0.9029273259055931
0.8494148927440135
0.855430896563854
0.8363202734665892
0.8531970214677576
0.8514483125166091
0.84846779279432
0.8551362364568263
0.8461982366304593
0.8127461077118798
0.8110713118182808
0.8212555968639975
0.8645757310145268
0.8293460819287334
0.7989808278685101
0.8522630359095789
0.8839217800714416
0.6357163379550679
0.7348958552493162
0.7320559338487913
0.0710611361139332
0.5826719280151862
0.7297203906105776
0.8246988327819736
0.7812305477220198
0.8931964381912095
0.8351416153705028
0.8527707621452979
0.8570224573414242
0.898207711807192
0.910814120281286
0.8324482413607327
0.8532211238102239
0.880716335581976
0.9288261832195429
0.8367741223228086
0.9246377701375246
0.8894117647058823
0.8381384366844787
0.8887388147898024
0.9494199838944871
0.9260476581758422
0.8969192229937594
0.9339483756992836
0.8729506980241613
0.9121615308429727
0.9447745125403724
0.8425359712230216
0.9193437733035048
0.9236583522297808
0.955421928625374
0.9180097639269712
0.933816619680494
0.8314742123445633
0.808720900616372
0.898327504077774
0.8409681162623639
0.8409483217029213
0.8310500048928466
0.83659996177089
0.8405603598792186
0.8690816362175569
0.9124532973713881
0.8883524958937371
0.8655927167661569
0.808526826877817
0.7782209627215833
0.8339006363055378
0.8501526562181966
0.8138551646561422
0.7549857549857549
0.7973501155220792
0.8087698542552924
0.8417652722134228
0.7882989860317651
0.7763049957213255
0.8222295635576111
0.8705253763025859
0.8913171884229178
0.8030518713978196
0.8102777869311629
0.8438548584293385
0.7723691870557007
0.8447486138269091
0.8176122020567056
0.8051493699948069
0.7822425099652822
0.8020503759707441
0.7805105272964412
0.7739684793850239
0.7507639301901109
0.7527165177136244
0.796959117391569
0.8477078699229762
0.8466598223665361
0.8396229861542396
0.8585243914756086
0.8588463086862336
0.8489516366760955
0.7862950406528457
0.79369330979485
0.8034204196928241
0.8239763462055372
0.8266211120749173
0.8027691046869319
0.8029925187032418
0.7996766142922422
0.8052945390814193
0.8358589998828903
0.8177817522886123
0.8243562819301613
0.7829834281141768
0.7995963302752294
0.8183245034307328
0.7676886094236621
0.7349008189672132
0.6838680018610009
0.8148384959224362
0.7789622630196779
0.7787171565778607
0.8117942441075856
0.8156987502851784
0.8161259306419968
0.7729852440408627
0.7754731622627612
0.7868135871049995
0.835929724789276
0.7812832328961361
0.7817207479762751
0.8146270246808847
0.8628590528031869
0.8375339252349194
0.8564442767761177
0.8850458756130248
0.8409958204615664
0.7134188169489737
0.36550266225030803
0.2837593529691622
0.20860026078575883
0.16943732819716886
0.1418467596813057
0.10937068644749319
0.08786885245901639
0.10302027306578403
0.10998076512075229
0.1193542900437586
0.0
0.0
0.0
0.0
0.0
0.0
0.0
0.0
0.0
0.0
0.0
0.0
0.0
0.0
0.0
0.0
0.05690080188228252
0.11068014840858144
0.1344637866901251
0.10210917388251814
0.21413301246480765
0.0
0.09797024003329786
0.07244148300017085
0.2130589200923575
0.17776283957806535
0.22881515241393427
0.14115086439202354
0.05958266569888203
0.05207751705729344
0.04985625857916138
0.0352284268583166
0.03701513067400275
0.007952600915933887
0.0008532615811072536
0.012308274052891546
0.017324103578361352
0.003159046203503402
0.0
0.0
0.0
0.0
0.0
0.0
0.0
0.0
0.0
0.002926829268292683
0.0
0.0018404807160346405
0.0
0.0
0.0
0.0
0.0
0.0
0.0
0.0
0.0
0.0
0.0
0.0
0.0
0.0
0.0
0.0
0.0
0.0
0.0
0.0
0.0
0.0
0.0
0.0
0.0
0.0
0.0
0.0
0.0
0.0
0.0
0.0
0.0
0.0
0.0
0.0
0.0
0.0
0.0
0.0
0.0
0.0
0.0
0.0
0.0
0.0
0.0
0.0
0.0
0.0
0.0
0.0
0.0
0.0
0.0
0.0
0.0
0.0
0.0
0.0
0.0
0.0
0.0
0.0
