1,1602,373,255,180
2,1597,376,263,186
3,1596,375,271,188
4,1600,367,266,195
5,1595,376,270,180
6,1582,378,297,192
7,1594,372,282,184
8,1600,368,273,193
9,1592,367,288,189
10,1584,374,304,188
11,1582,367,313,198
12,1581,376,307,191
13,1580,368,296,183
14,1576,377,313,184
15,1575,370,324,185
16,1565,368,332,188
17,1576,373,311,189
18,1561,362,327,202
19,1570,366,318,194
20,1567,365,320,193
21,1568,366,316,193
22,1561,361,322,193
23,1556,367,329,197
24,1569,362,307,200
25,1549,365,332,212
26,1553,359,316,189
27,1548,371,319,197
28,1553,353,310,207
29,1550,368,310,198
30,1538,356,326,206
31,1543,358,320,201
32,1525,368,334,203
33,1530,356,321,201
34,1515,364,339,210
35,1518,359,327,198
36,1525,370,319,213
37,1510,362,330,205
38,1493,361,348,215
39,1509,359,324,205
40,1495,357,334,207
41,1496,362,328,207
42,1483,355,347,215
43,1492,354,333,217
44,1490,355,330,210
45,1479,363,340,201
46,1463,357,364,219
47,1465,358,359,208
48,1482,347,336,219
49,1485,358,325,214
50,1473,348,338,221
51,1475,353,338,213
52,1480,355,324,221
53,1469,349,333,223
54,1461,356,342,226
55,1464,356,328,217
56,1466,357,320,213
57,1459,355,328,216
58,1454,362,326,220
59,1457,363,321,204
60,1451,362,324,202
61,1447,365,328,218
62,1437,354,333,223
63,1450,359,308,217
64,1450,362,307,213
65,1442,359,312,215
66,1435,365,313,215
67,1430,372,313,213
68,1422,347,322,226
69,1422,364,317,220
70,1430,371,304,205
71,1422,373,317,212
72,1405,368,336,209
73,1413,368,322,227
74,1396,359,333,236
75,1404,361,317,251
76,1394,356,319,251
77,1390,360,318,246
78,1388,348,311,263
79,1415,350,272,266
80,1399,341,275,268
81,1404,331,270,266
82,1372,321,293,285
83,1390,304,256,312
84,1387,288,260,324
85,1357,276,304,342
86,1356,246,292,388
87,1310,182,352,466
88,1278,159,399,506
89,1266,142,425,551
90,1261,134,428,582
91,1260,135,417,566
92,1232,115,466,598
93,1240,126,435,587
94,1264,111,429,607
95,1246,119,440,585
96,1247,125,470,588
97,1225,110,483,587
98,1245,110,484,584
99,1253,112,479,586
100,1250,110,474,594
101,1236,117,513,586
102,1224,116,511,574
103,1234,107,508,597
104,1233,128,515,568
105,1226,110,522,577
106,1216,117,536,574
107,1211,115,514,553
108,1222,125,495,560
109,1202,136,507,554
110,1204,125,495,562
111,1209,126,479,584
112,1182,125,479,576
113,1167,110,503,617
114,1149,105,511,665
115,1102,71,596,703
116,1062,41,634,653
117,1006,39,655,579
118,945,88,682,463
119,943,81,732,389
120,1177,146,627,367
121,1270,172,534,313
122,1278,181,476,312
123,1264,148,496,323
124,1217,125,512,308
125,1245,136,503,308
126,1247,160,430,320
127,1236,160,398,335
128,1155,140,428,344
129,1112,126,425,341
130,1111,146,398,335
131,1091,261,375,291
132,1108,276,339,305
133,1088,273,337,309
134,1063,248,346,314
135,1056,269,332,303
136,1042,314,325,283
137,1031,342,349,271
138,1031,346,330,264
139,1006,348,336,270
140,983,349,349,269
141,960,347,330,266
142,955,341,354,248
143,936,342,355,256
144,915,364,366,264
145,925,369,361,277
146,883,375,372,276
147,874,368,346,263
148,869,367,361,265
149,877,392,376,263
150,902,397,372,275
151,906,387,375,262
152,864,402,357,266
153,853,396,377,262
154,850,400,397,271
155,893,404,390,273
156,871,389,408,271
157,827,379,409,268
158,828,373,419,267
159,813,375,459,277
160,835,376,458,278
161,834,359,449,280
162,841,362,451,268
163,844,350,442,280
164,821,348,479,274
165,858,332,455,298
166,826,328,474,292
167,804,310,446,285
168,807,299,439,281
169,792,312,449,281
170,801,317,459,284
171,791,303,459,286
172,777,273,455,288
173,738,263,504,291
174,741,266,501,289
175,765,261,479,301
176,752,260,484,296
177,704,254,482,309
178,693,257,505,299
179,702,263,500,292
180,692,241,519,308
181,708,241,504,294
182,711,256,507,278
183,700,247,509,296
184,699,236,519,300
185,702,253,508,282
186,709,221,534,310
187,726,218,548,288
188,718,224,552,293
189,720,222,550,299
190,730,227,533,292
191,756,229,505,287
192,740,228,530,284
193,744,215,518,294
194,748,220,516,298
195,769,213,482,305
196,782,221,472,294
197,766,225,485,290
198,780,234,490,270
199,763,237,497,277
200,769,231,503,280
201,749,217,516,316
202,757,233,506,287
203,764,232,508,288
204,770,249,488,279
205,796,242,483,283
206,816,237,489,277
207,790,240,513,282
208,799,244,496,279
209,814,245,496,285
210,790,251,510,273
211,812,241,500,290
212,803,244,492,285
213,807,233,496,281
214,799,229,492,302
215,817,226,486,297
216,814,224,484,312
217,824,217,474,312
218,822,221,472,307
219,820,221,481,309
220,809,223,501,285
221,809,229,496,286
222,821,220,488,288
223,831,228,474,293
224,829,235,483,280
225,832,232,479,285
226,816,230,503,279
227,818,237,500,276
228,818,239,496,278
229,813,234,495,284
230,825,242,471,269
231,818,241,477,270
232,833,237,459,272
233,818,245,482,270
234,831,247,459,268
235,831,242,471,273
236,926,184,502,322
237,884,116,531,418
238,791,89,599,457
239,734,73,657,469
240,669,86,738,471
241,677,57,763,488
242,679,61,764,497
243,689,98,740,437
244,709,128,693,411
245,730,165,702,379
246,709,185,697,345
247,697,213,691,311
248,662,193,709,336
249,676,177,725,380
250,731,201,674,356
251,739,214,654,338
252,751,216,639,339
253,739,221,618,337
254,746,206,599,327
255,781,234,610,341
256,816,269,575,337
257,820,287,574,344
258,810,321,575,311
259,801,368,577,297
260,797,383,595,310
261,814,436,590,308
262,756,463,536,373
263,688,463,515,411
264,591,490,586,403
265,527,459,614,450
266,549,293,555,560
267,601,273,511,570
268,655,229,443,608
269,655,221,488,598
270,578,237,485,592
271,583,308,621,515
272,477,393,556,426
273,568,398,484,422
274,631,402,421,420
275,636,437,441,407
276,650,441,435,406
277,653,438,433,399
278,675,458,430,384
279,701,453,376,388
280,713,440,395,407
281,706,440,372,421
282,708,454,391,396
283,723,421,416,406
284,742,412,396,411
285,745,407,396,402
286,768,414,407,398
287,772,407,397,412
288,778,410,389,405
289,798,413,362,400
290,800,412,362,395
291,792,420,392,389
292,791,435,406,379
293,799,434,385,389
294,803,434,402,395
295,811,441,370,397
296,803,453,412,392
297,812,457,379,399
298,836,454,374,405
299,832,472,387,383
300,825,476,378,387
301,816,488,412,369
302,823,505,384,368
303,833,480,380,404
304,865,492,348,380
305,831,499,371,394
306,878,525,311,345
307,885,513,351,383
308,885,518,345,393
309,894,526,325,382
310,876,539,293,368
311,1340,279,258,337
312,1344,281,257,325
313,1350,278,267,332
314,1351,279,272,339
315,969,595,245,319
316,1006,608,216,291
317,1372,289,211,333
318,994,618,252,282
319,1382,284,243,316
320,988,634,258,264
321,1380,290,230,328
322,1381,292,265,333
323,978,651,296,288
324,943,652,319,290
325,996,654,293,267
326,1033,619,284,280
327,1080,617,255,259
328,1098,616,247,255
329,1131,613,231,217
330,1183,606,205,199
331,1213,610,196,190
332,1233,619,194,181
333,1242,622,201,192
334,1249,625,209,190
335,1257,628,208,179
336,1257,633,215,179
337,1264,639,215,168
338,1285,638,202,173
339,1280,637,215,182
340,1288,635,214,175
341,1310,632,194,173
342,1311,632,193,179
343,1306,631,212,175
344,1309,628,213,180
345,1306,630,222,179
346,1325,622,207,185
347,1344,621,193,184
348,1345,619,201,175
349,1352,613,202,178
350,1358,613,202,174
351,1362,610,211,174
352,1361,610,226,178
353,1363,605,231,190
354,1378,604,213,190
355,1378,603,209,196
356,1392,600,195,203
357,1383,603,205,193
358,1398,600,185,209
359,1387,598,197,205
