1.0
0.7794015309672929
0.7978904389248044
0.8111473465757486
0.82091650267079
0.9391304347826087
0.9396080950851269
0.8527131782945736
0.8878163318549439
0.7697809566383549
0.844319775596073
0.7952127659574468
0.9315628192032687
0.8556882710005874
0.7717321313586607
0.8264900662251655
0.9148446490218642
0.8727944883212906
0.7488463152006712
0.8364461045891142
0.8461245718635038
0.8453115899825276
0.7643312101910829
0.7657353392692662
0.8803212851405623
0.8746728700203548
0.9000288101411696
0.8996786861835059
0.9238521836506159
0.8768449452467862
0.7804689313626867
0.811698981268485
0.8049636705037145
0.7968474888907521
0.8227152452676573
0.7949818421921426
0.8261578161075649
0.7524945521275376
0.862533692722372
0.8876404494382022
0.9449922775335631
0.8604483007953724
0.8982935153583618
0.9216383307573416
0.8041977354322011
0.8279866453766874
0.878686327077748
0.9401709401709402
0.9174620999438517
0.8901370906321401
0.8966571545046882
0.8147689768976898
0.90300513071097
0.9304863582443653
0.8629314657328664
0.8053097345132744
0.76
0.7701368990767271
0.8085106382978723
0.7845209682918514
0.7947927372387804
0.7800586510263929
0.7558282208588957
0.7058550185873605
0.8380952380952381
0.9386281588447654
0.8558091286307054
0.8946830265848671
0.7865416436845009
0.8282208588957055
1.0
0.8711446196024675
0.8049398353388221
0.7332002661343978
