1.0
0.780649436713055
0.5749128919860628
0.635297402960067
0.4785246299441883
0.46908426819723453
0.3573587537781911
0.42033519553072624
0.4440706476030278
0.4153672740935563
0.4734365810625368
0.46263104497801827
0.5187887632251004
0.477859778597786
0.4488734835355286
0.46551724137931033
0.6182465221611129
0.638085742771685
0.5781448538754765
0.5894314208004144
0.5932160486014428
0.5659804252446844
0.5421127045041406
0.5710809166497668
0.5570154406828426
0.5698151015575189
0.5905267817618415
0.6245410298010418
0.47567326290730544
0.3524194082213543
0.442146942366916
0.459531107613288
0.342046071511673
0.2907276507276507
0.3662218332968716
0.3832930090411308
0.39813329444363427
0.28046494188226473
0.169310916410135
0.1501018791034639
0.166404833836858
0.12284069097888675
0.1301518438177874
0.1449968132568515
0.12477064220183487
0.1346093504863508
0.1883466320282056
0.20901348474095102
0.22686567164179106
0.27010435850214853
0.3318202451202905
0.39134615384615384
0.41225626740947074
0.44883662747060293
0.5279076161671707
0.5859452325965028
0.5655737704918032
0.7076923076923077
0.6493092454835282
0.6645525017618041
0.6320600718250081
0.6268566232191574
0.6761162296243799
0.5862324204293117
0.5058823529411764
0.5863590091618596
0.6923076923076923
0.7125279642058165
0.6514555468135327
0.6451127819548872
0.6152320507735026
0.5664364079642422
0.6414376321353066
0.5524229074889868
