1.0
0.7384615384615385
0.5485714285714286
0.42428571428571427
0.20625
0.1111963190184049
0.07465900933237617
0.2315988647114475
0.1614497528830313
0.20099564405724954
0.20109976433621368
0.37083993660855785
0.4782608695652174
0.447556899570269
0.4424803591470258
0.4850891652929717
0.5749686323713927
0.47284671532846717
0.25969552172463606
0.2572407349735285
0.2644526445264453
0.22481176048762996
0.2746773630973143
0.25087914915515913
0.34524660471765545
0.42326935322477943
0.4267804747932782
0.4562260202302058
0.5444091650218827
0.25033611185802634
0.2678878076702919
0.3099927060539752
0.5241353800628814
0.5737704918032787
0.5806721809234635
0.55627425614489
0.5924498356195442
0.5715471619798692
0.7324032974001268
0.6966588808774246
0.7308934337997847
0.8390557939914163
0.8105503423788993
0.7783225122565258
0.7835300088821215
0.8154630650496141
0.8765510658606427
0.922289058689644
0.8628099173553719
0.9101796407185628
0.9112426035502958
0.8831516148940547
0.9108824173417999
0.7870506621820476
0.9089376053962901
0.7494866529774127
0.706703146374829
0.7541617122473246
0.7864916773367477
0.7224489795918367
0.8210313447927199
0.8
0.7203934922436626
0.6936936936936937
0.6990637539010254
0.7615689731159101
0.769927536231884
0.8011204481792717
0.7619047619047619
0.7045454545454546
0.8221574344023324
0.7176196032672112
0.6925675675675675
0.7037037037037037
