1.0
0.8976377952755905
0.9099254159495124
0.8893756845564075
0.9385348720521827
0.8297271872060207
0.8685599396833376
0.8945783132530121
0.8952164009111617
0.8758236188545362
0.8085285285285285
0.8761583824768323
0.8136011670968466
0.8661543755017778
0.8949059201468563
0.9727777061024384
0.7947069008162255
0.8060983198506534
0.7657207150893862
0.7747272950116436
0.918733307897749
0.8881118881118881
0.971900826446281
0.7991076961209568
0.7571056224401141
0.8971601208459214
0.8869441816461684
0.8321983810869844
0.7657222716300343
0.7709681512498414
0.917098445595855
0.8162031438935913
0.8975295119873433
0.898683733848569
0.8926829268292683
0.8532731376975169
0.9052143684820394
0.8715462918080465
0.8688193743693239
0.8668456976614076
0.8917169500822819
0.8932451582427964
0.8627542670095861
0.8760207869339273
0.8551766138855055
0.8144626271561256
0.6692633749570398
0.6894348894348894
0.8645284825275251
0.8265446224256293
0.8474766775317523
0.740447683498178
0.740447683498178
0.6926683291770573
0.7059298104074223
0.7050567595459236
0.795206055508831
0.7960121098235724
0.8079820810425575
0.8056225742158817
0.7896319336443753
0.8242068893309601
0.8243481873896333
0.8970350404312668
0.9037404333297402
0.9042598059890342
0.8265682656826568
0.7765333333333333
0.765906362545018
0.7585161225108663
0.7186742118027486
0.7503008423586041
0.6423683427551324
0.6818607555416797
0.6857263424411858
0.716594486109644
0.7035165923724617
0.6653338664534186
0.8413197172034564
0.8977543720190779
0.7968458186345715
0.8598726114649682
0.8019520130134201
0.7386609071274298
0.7368640533778148
0.8184807629069385
0.7430349182763745
0.7520661157024794
0.781303766010323
0.7666883902802346
0.7504013599017849
0.7938755980861244
0.700394689630427
0.8069039913700108
0.8313420394554043
0.8110720562390158
0.8738432804142966
0.9342601970352638
0.8678140525195174
0.8830377444292861
0.7560853199498118
0.7637900728216288
0.7255734919286321
0.623405612244898
0.6529236557454147
0.729106628242075
0.8004866180048662
0.8723787680209698
0.7500591902770105
0.7651434643995749
0.7604351687388987
0.8428281567036054
0.8045364591261989
0.8357005474182572
0.8703591910654995
0.899906656135564
0.9293964770430263
0.8315217391304348
0.6972674653385381
0.7291666666666666
0.6942653545978962
0.7283573994983391
0.6968343367644203
0.6686487854251012
0.7127743983073261
0.6835588460556549
0.6488250652741514
0.6209300951367961
0.5590319792566983
0.6025423728813559
0.6266997003917953
0.6626134612091111
0.7747318235995232
0.7427734264946189
0.7620663429474054
0.8402654151157145
0.8309938236945537
0.7682367029238599
0.7464142843204215
0.7538908190947599
0.7484586340390957
0.7566276570336756
0.7720716582452917
0.7347528304524065
0.7241917707567965
0.839553093090343
0.819539323874584
0.7513348588863463
0.7597467510829723
0.7112420851419696
0.6362810537540977
0.6704629665743593
0.6174846625766871
0.6287170773152082
0.6550095912645714
0.6308261581157049
0.6253938699513033
0.6072545565661286
0.6344827586206897
0.6609240407204385
0.6480298747077095
0.6788202211286508
0.6466263784187901
0.6883026199945353
0.627446272061472
0.6524584258870144
0.6508352144469526
0.649885043919118
0.6926421404682275
0.6705337055810046
0.6792237738684354
0.7123532612920781
0.7227885392496807
0.6841713508380175
0.6691138556731406
0.6687266143633072
0.6150578348301895
0.649194701229391
0.6758531873792659
0.688052706048815
0.6884181756064229
0.6799179276737625
0.6130059498868683
0.5913457721317983
0.6366164174065027
0.6596123267963958
0.657857047377165
0.6822050617214362
0.689199450390512
0.6341134787165028
0.6654434250764526
0.6830320460147905
0.6359530112508273
0.7194815110447865
0.7290885126229342
0.771343835083625
0.7877723120168658
0.7445414847161572
0.6992817454939694
0.6880109191775393
0.7018070085595143
0.640364981107806
0.7094411850372404
0.6929256982637766
0.6914806527315396
0.6198739349245105
0.6200750951548195
0.7105489653107809
0.6973896044158233
0.7098952817978585
0.6190761019600626
0.5625021209207623
0.5957481488380757
0.6115526591075787
0.5879131300678079
0.6117696817322039
0.6014244262727513
0.5637069861589803
0.574392276932129
0.5850998991589189
0.6465768873557118
0.6862181806400052
0.6223297192104531
0.6628534618716542
0.6635279347143754
0.6159106450877593
0.650766820580475
0.6038082581475752
0.6471192965571547
0.6131545892108803
0.6196719844270915
0.6567068567114325
0.7531194088807305
0.6402575235127673
0.5831176890741543
0.588351153629713
0.6147306098283007
0.5807079646017699
0.651776443501422
0.653687622102018
0.7114675044752128
0.6809873121311318
0.7392887313051031
0.7350017961920728
0.7033823759775392
0.8205183065443556
0.7198673928486857
0.7087620154933957
0.7902327151982441
0.8395904436860068
0.7295565813400475
0.7798451186263704
0.7013685101580135
0.6509410701076683
0.66743655273264
0.7637746253390848
0.7417178470940611
0.7636108949416343
0.7465880370682393
0.7644986868530821
0.7429568808692659
0.8069746407155539
0.832271762208068
0.8306298407131375
0.8398697646884712
0.8462988284859012
0.8957069853452904
0.8330704840470703
0.8754830764003907
0.8230502952555487
0.8841940532081377
0.8517669657084234
0.929231921717349
0.8285009540652487
0.8128169663439373
0.8098508169547715
0.8869335679718434
0.8419089271932081
0.8588882595679262
0.8437137651151234
0.7990857142857143
0.7189941532571015
0.829602647165142
0.8250339380476367
0.8394250513347022
0.7991937032059896
0.8183165870532038
0.8264167143674871
0.7594313063063063
0.735054929376516
0.7606646731518982
0.7475280158206987
0.7361785434612372
0.8266405875778381
0.8758405189462859
0.7605287550880587
0.8198540145985401
0.8127255714476674
0.7628020394591
0.7523607801606214
0.8291446673706442
0.826784544859201
0.7042490534286916
0.8369373971281003
0.8337398132175361
0.911993097497843
0.8270580727504786
0.8275947639431727
0.7375510204081632
0.7031653932326075
0.8085669594513296
0.8784261420473491
0.9933161953727506
0.7413941765603237
0.9313892383983421
0.6582716391060679
0.7583188711989738
0.8518579960185799
0.7286858219500707
0.7689005485332697
0.786405316732565
0.836674219975597
0.8660405338606031
0.8894166236448116
0.9098971981455352
0.8961307676391476
0.7377690802348337
0.8451704545454546
0.8599261001007726
0.8356988758941751
0.7920078611202096
0.8212330397524399
0.925615505500262
0.7502392344497608
0.764676923076923
0.8504234527687297
0.7284904688304997
0.7461903572320759
0.718473244355744
0.7117887690591298
0.6760423148724332
0.8040752351097179
0.6905774242216431
0.7223317375387215
0.7279639538158266
0.740296623540549
0.6495681063122923
0.6863176418829741
0.6682798064232293
0.63916165909424
0.6548697227253727
0.7070249271608935
0.7065570636589562
0.6923208482982727
0.7463631696046551
0.8138346413579121
0.8562850280224179
0.6227296315516346
0.7388152444076223
0.7298429319371728
0.7492728330424665
0.7317574511819116
0.7604938271604939
0.7955619478117937
0.7813446396123561
0.7544910179640718
0.6523407521105142
0.7897080653142009
0.8285790455878432
0.7760227861211807
0.5874030123231401
0.6758533501896333
0.714956562573374
0.6708828737667594
0.6999485331960885
0.7833686440677966
0.7638356164383562
0.8114226910213532
0.9228234001647899
0.9556706966033391
0.8604651162790697
0.8901408450704226
0.8651994497936726
0.815748031496063
0.7556608741442865
0.773955773955774
0.8222222222222222
0.8633970628983098
0.8604651162790697
0.8604651162790697
0.8088737201365188
0.7702484672474992
0.7614738202973497
0.8853317811408614
0.9056266746055374
0.9591391141609482
0.6745547694559648
0.7506339814032121
0.6778924497555676
0.6921819667665486
0.651705565529623
0.6793066088840737
0.652299605781866
0.7182290243235857
0.7489597780859917
0.6648694665153235
0.8024917552216929
0.6018099547511312
0.543428716130666
0.7991120976692564
0.6648936170212766
0.7368935200260501
0.7375886524822695
0.7324315407456286
0.7372721558768071
0.755788823711022
0.8248407643312102
0.7148424813251055
0.7407407407407407
0.8752334703025775
0.7320432928829125
0.7488941816944539
0.8031746031746032
0.8384947079576637
0.8614579138139348
0.8377997179125529
0.7117934403349616
0.7538461538461538
0.700218818380744
0.72
0.7225734473782075
0.7376391982182628
0.6599272139102305
0.7144057118857623
0.6774193548387096
0.7238234221087194
0.706346078044935
0.763952046300124
0.706346078044935
0.7328624844204403
0.7383616023096355
0.7011128775834659
0.6870967741935484
0.691358024691358
0.675896343627973
0.5801590623691921
0.5453455852976429
0.665911664779162
0.7692307692307693
0.8556384379113646
0.7777777777777778
0.7341867469879518
0.6592936139850161
0.7083173629743197
0.7
0.7908745247148289
0.680161943319838
0.7164356435643564
0.6727066817667045
0.6565954310980103
0.6718872357086922
0.6505162827640985
0.7395451210564931
0.6666666666666666
0.660245183887916
0.7414050822122571
0.5662450066577897
0.6351970669110908
0.6007628734901462
0.7320791436912099
0.5815745393634841
0.6780207959842237
0.6496062992125984
0.7575194949870033
0.73196235622168
0.7380239520958084
0.7995217218015146
0.6279140175597941
0.8233124308373294
0.7712508638562543
0.8051948051948052
0.7558264610971674
0.7270408163265306
0.5887675507020281
0.674578603371173
0.8194444444444444
0.6238723108952117
0.5785646538096744
0.664976457805143
0.6473906911142454
0.639734172787688
0.5825105782792666
0.8397291196388262
0.6782055810667609
0.6137309292649098
0.6646153846153846
