1.0
0.8910036516543101
0.9241363479857684
0.9361754558896008
0.9224369953511132
0.8155339805825242
0.820476858345021
0.8325157673440785
0.8119375783118806
0.9152542372881356
0.8545142296368989
0.8756089271553189
0.871620136293691
0.9502143092647544
0.9547613662067406
0.8968021553238843
0.8080872100392952
0.7585197329898115
0.7335329341317365
0.744593804792519
0.9255021612001018
0.8564146134239592
0.9464998669150918
0.8450423517688092
0.9087872559095581
0.9200095226758719
0.8407643312101911
0.8313805399898115
0.7485029940119761
0.749085761472219
0.8694141607763268
0.8313595452392231
0.9034573513578179
0.9480365405148891
0.9261559696342305
0.8964980544747082
0.9346314325452016
0.8282874443048098
0.8754787175839808
0.9021143304620204
0.9087415946205571
0.9140206921155904
0.8985040276179517
0.8510286119650036
0.9666666666666667
0.9055299539170507
0.7018469656992085
0.6544715447154471
0.8099173553719008
0.834603316898252
0.8499084150414826
0.7812083290593907
0.7955230305639259
0.7004826159755737
0.6824752007557865
0.7380560131795717
0.8333507143602044
0.8571728187919463
0.8271089854482548
0.8672086720867209
0.8557909895083317
0.843069873997709
0.8641207815275311
0.843181594730115
0.8544143441824206
0.8316560820713239
0.8346641115724476
0.7986577181208053
0.7188974891447989
0.7056643223721726
0.7339805825242719
0.778175313059034
0.6418383518225039
0.6490780141843971
0.6850850457182185
0.6891071944524704
0.6506696428571429
0.6733955437059608
0.8339350180505415
0.7921066297386187
0.7896256286086795
0.8840579710144928
0.8490297673473535
0.7335691128794577
0.7335691128794577
0.7439473946398326
0.7697368421052632
0.8295801526717558
0.7537281636131231
0.8089887640449438
0.7396279151017556
0.8115806240044974
0.7162495593937258
0.8298636037329504
0.8442229270502946
0.839751000444642
0.890167453842851
0.8602590890096113
0.909911458781054
0.8870359507248806
0.8982875828241976
0.8119070984625449
0.766507492178495
0.7141175547359334
0.7277882797731569
0.8129549357978245
0.822128624655759
0.8572456238510111
0.8374326540173342
0.839546191247974
0.7861189801699717
0.8135556202679092
0.8912826803649467
0.8991476201252169
0.9200337345702676
0.9571242962321351
0.8761043764125744
0.8727517682721455
0.7037861915367484
0.7209908735332464
0.7442429182800081
0.7442292385248076
0.7162331165582791
0.6598326852833746
0.6781394789096817
0.6789762767324997
0.6537310060441733
0.6453041249126078
0.5715332168817265
0.6047183994448941
0.6347826086956522
0.6666846798162659
0.7604337824515282
0.7533369506239826
0.772492071440494
0.8274188656354261
0.830062376388255
0.7761852260198456
0.7673541370695145
0.7525342301225078
0.7238164869310912
0.6999248817993018
0.7329495900924472
0.6905762830618322
0.6975406935598019
0.8224932827227364
0.7817503749645304
0.7741602511719926
0.7525204032645223
0.7040880012482447
0.6545076763245988
0.7162091555805635
0.6109505760498367
0.6389112973939883
0.6186029137093761
0.593491377889149
0.5960309679164272
0.5868841544607191
0.6168859242789204
0.6220340038612443
0.6155552816467398
0.609117599086609
0.6226761150479366
0.6802697461723249
0.7014306569343066
0.635352429254798
0.6893511988716502
0.690538297367797
0.7006530209076441
0.7163570087864857
0.737546468401487
0.7037242073477604
0.7346308310163732
0.7320488992434753
0.7103124206248412
0.6897339326934759
0.6559247828895428
0.6360561553074179
0.6933188692489312
0.6492228603558375
0.643107259531681
0.6646609302605452
0.6705582393988191
0.6278784821074633
0.6357482986991663
0.6046083908803831
0.6044434384413142
0.6314432989690721
0.6538800324703363
0.6610409314853646
0.6971787714401081
0.6825164095132554
0.6598066828831135
0.6607274978483096
0.6294122723742125
0.6754888102002827
0.6957036190787058
0.7425611272275177
0.7071101685455966
0.7150655806002097
0.7387118098468083
0.6559805998587627
0.7432198826763398
0.7400222261857395
0.6911318119498225
0.6667966465197894
0.659573924593849
0.6626492325184764
0.6710224946612523
0.6537698626592786
0.582148673918726
0.5222331868066147
0.48316379413140587
0.4959445804848297
0.5055819003517108
0.6176523351073372
0.6319435097273848
0.6298185090745463
0.6556026492937745
0.6589408765543422
0.6975251960925314
0.7607044393180667
0.6547911675326965
0.6723142784119952
0.6678832502882774
0.645247000633597
0.5758847136081722
0.5514976773986865
0.5673404372184994
0.5838561980668137
0.6697466467958271
0.6300586641255472
0.6026728370881198
0.5405864853378666
0.5209418757905724
0.5410407371227922
0.5487169663300585
0.5766900401661107
0.7083314456575908
0.7167733293644888
0.668122561191912
0.6473873242521133
0.7571222142597009
0.7284763621239428
0.7365702479338843
0.8503122163977949
0.8357031072350557
0.8023945593006366
0.8832339183796077
0.9271660236226292
0.7557755775577558
0.8194677569758267
0.773393235277285
0.7605119563472957
0.7636400513825975
0.791094335338858
0.8644870556858417
0.8458436588119712
0.8107998755057578
0.8147940074906367
0.7943489100556159
0.8661956576075184
0.8664062636842935
0.8354616380365952
0.8377217294900222
0.8863868619681948
0.9341438504144243
0.8348742379587387
0.89420881893548
0.8920542673708598
0.8228368173777414
0.8603550540434414
0.8671350164654226
0.8879333512496641
0.9030558950994555
0.9280424247965622
0.8570954592852403
0.8690392530870394
0.8860759493670886
0.9246857532736767
0.8405750020303744
0.7411828822048634
0.8445986232316115
0.8791222225618143
0.8411462248549177
0.8244730460734937
0.9027647534357316
0.923367493267112
0.81875886285367
0.85826470690434
0.8238155745144309
0.8410362847930025
0.8440708227942271
0.8313748107562541
0.878093352623163
0.7033152544808017
0.7629163900495958
0.840616295264624
0.7881884308971251
0.8345113221987125
0.8871621621621621
0.8449608327637874
0.7454582567870994
0.8580706567381445
0.8404255319148937
0.9513367007515092
0.9159707724425887
0.7420573587497853
0.7371289095759778
0.7664640324214792
0.8242306149349533
0.7798648564875085
0.9128915084641217
0.8616305160807779
0.9374592361765345
0.6553549613139676
0.7883014623172103
0.9493484140644209
0.8369041030911535
0.8268670811363815
0.7902086413668474
0.8537982145864915
0.8868751826951183
0.9171974522292994
0.9495773247140726
0.8821316614420063
0.8651362984218077
0.8849699398797595
0.9034640026061461
0.8654217643271088
0.8141483090288552
0.8807203651165659
0.9763134685649489
0.8252895752895753
0.8412276462058965
0.8870967741935484
0.7863214837712519
0.7774445110977805
0.7304990757855823
0.7518916280205028
0.721520602117617
0.8459315589353612
0.7475328947368421
0.7654252362423568
0.7840428531153087
0.8290409227366092
0.7095358425322517
0.786396356691641
0.7772066382728742
0.8163115356355621
0.6759620747350809
0.6914498141263941
0.7792207792207793
0.8302178014062768
0.8347386172006745
0.844524236983842
0.8593990755007704
0.6874569262577532
0.7665647298674821
0.7589864466705951
0.8596457450904891
0.7874121191831269
0.8339181286549707
0.8399766673147968
0.8243085313595637
0.7627508361204013
0.7426484720353642
0.8115810902510744
0.8618012422360248
0.8161090458488228
0.6164205039096438
0.6970715314450312
0.6890648405735074
0.6617238183503243
0.6962177788484702
0.7727272727272727
0.7557464006062137
0.8088973929681894
0.9657495788882651
0.8611729769858946
0.8099196453311166
0.8172893373329697
0.8623091347441736
0.8226424738052645
0.7792302106027597
0.7318259178215415
0.8289981972701519
0.7598232969076959
0.7778877071481574
0.762054761327841
0.794392523364486
0.7001693958215698
0.6017879948914432
0.7959183673469388
0.8265361609570419
0.7933718302786844
0.6498237367802585
0.6835443037974683
0.651705565529623
0.6157014780712382
0.6331734410502399
0.639601885804086
0.6355140186915887
0.7338950801848328
0.6990291262135923
0.6376594148537135
0.679211996471626
0.5700687466948704
0.5272895467160037
0.6622706422018348
0.608649225840897
0.6786415941622228
0.6273895330617362
0.7376330619912336
0.673469387755102
0.8
0.81601857225769
0.628099173553719
0.6790123456790124
0.7711781888997079
0.7474747474747475
0.7488941816944539
0.7454909819639278
0.8517715112075199
0.7813351498637602
0.7703869523504957
0.6961005478569127
0.6725304465493911
0.7054337464251669
0.7142857142857143
0.7314629258517034
0.6140350877192983
0.6011049723756906
0.6752482530342038
0.6370235934664247
0.7126436781609196
0.6972212197762541
0.6502599653379549
0.6272
0.6561767659859391
0.7374301675977654
0.7128072445019404
0.7174177831912302
0.6426799007444168
0.6551724137931034
0.5610687022900763
0.5586361933308355
0.719002201027146
0.8046845485455232
0.7534488857446056
0.6761904761904762
0.6947060734004546
0.6106194690265486
0.6941340782122905
0.7115246957766643
0.7769705775517617
0.6204986149584487
0.6584107327141383
0.6106252024619372
0.6577718478985991
0.6015193370165746
0.5848857644991212
0.7410540013012362
0.6784810126582278
0.6850470321115796
0.6857514638906962
0.5808801213960546
0.6385829115808276
0.5973578403216542
0.7123687281213535
0.6329442282749675
0.6336327036234128
0.6830357142857143
0.6982543640897756
0.6479514415781487
0.7171507607192255
0.8062566654816922
0.7930327868852459
0.6970509383378016
0.7246825642613812
0.6984695538912407
0.7385362890980869
0.6662704309063893
0.6644612476370511
0.6685358255451713
0.7476991431291653
0.5347162201094785
0.5812220566318927
0.6633597883597884
0.6230910201588271
0.6100514683620951
0.5508474576271186
0.7681528662420383
0.7325581395348837
0.782608695652174
0.6776913099870299
