1,590,356,9,53
2,590,359,9,49
3,590,359,9,50
4,590,359,10,51
5,589,358,11,50
6,589,361,10,49
7,589,361,10,49
8,588,362,10,47
9,589,362,10,47
10,589,362,11,47
11,589,361,10,47
12,588,362,10,47
13,588,359,10,51
14,589,360,9,49
15,588,360,10,49
16,588,360,10,49
17,589,359,9,50
18,589,361,10,50
19,589,359,10,53
20,588,361,10,50
21,588,360,10,51
22,588,361,9,51
23,587,361,11,52
24,587,363,11,49
25,587,363,11,49
26,587,362,11,50
27,587,363,10,49
28,586,363,11,49
29,587,363,12,49
30,586,364,12,49
31,586,363,12,49
32,585,363,13,49
33,584,363,14,50
34,584,362,14,50
35,584,363,13,50
36,584,363,13,52
37,583,363,14,52
38,582,360,15,54
39,582,361,15,54
40,582,360,15,55
41,582,362,14,54
42,581,363,15,54
43,581,360,15,57
44,582,363,14,55
45,580,363,14,55
46,580,360,15,58
47,579,361,15,57
48,579,360,14,58
49,579,362,14,55
50,579,361,13,57
51,579,361,13,56
52,579,362,12,56
53,579,361,12,59
54,579,359,13,60
55,579,359,12,60
56,578,360,12,61
57,578,361,11,60
58,577,361,12,61
59,578,362,11,60
60,578,360,11,62
61,577,360,11,63
62,577,362,11,61
63,577,360,11,62
64,576,360,12,64
65,575,360,12,64
66,574,361,12,63
67,573,359,14,64
68,573,359,14,65
69,572,358,15,65
70,572,360,15,64
71,571,360,16,63
72,570,358,16,67
73,570,357,16,68
74,569,359,16,67
75,569,361,17,66
76,567,360,18,68
77,568,359,16,69
78,567,360,17,69
79,567,358,17,70
80,567,360,17,70
81,565,357,18,73
82,565,354,17,76
83,566,352,16,79
84,564,351,19,79
85,565,349,16,80
86,564,350,18,82
87,563,351,18,79
88,563,350,18,82
89,564,352,16,81
90,562,351,18,80
91,562,352,16,81
92,562,351,15,82
93,562,351,15,85
94,561,351,15,83
95,561,351,14,85
96,560,351,15,88
97,559,349,17,90
98,559,350,17,89
99,559,352,17,87
100,559,349,16,89
101,558,350,16,91
102,558,350,16,90
103,555,350,21,89
104,555,350,21,90
105,555,353,20,86
106,556,351,19,89
107,555,349,18,91
108,554,350,19,90
109,553,348,20,92
110,553,349,19,93
111,551,348,21,96
112,549,348,22,97
113,548,349,22,97
114,548,352,23,94
115,546,353,25,94
116,546,353,25,95
117,545,356,24,93
118,543,353,27,96
119,544,350,25,100
120,543,352,23,98
121,542,351,25,100
122,542,352,24,98
123,542,350,21,100
124,542,349,21,100
125,541,347,22,103
126,540,350,21,102
127,540,353,21,100
128,539,349,22,103
129,541,349,20,103
130,538,349,21,109
131,538,348,20,113
132,537,348,21,114
133,536,346,21,117
134,536,347,21,114
135,536,349,20,115
136,535,349,20,116
137,533,344,21,121
138,532,344,22,124
139,532,345,22,123
140,531,347,23,121
141,530,343,25,122
142,529,346,26,122
143,526,346,28,119
144,526,349,29,117
145,526,348,27,120
146,523,348,30,118
147,520,348,30,119
148,518,343,32,124
149,519,343,29,122
150,515,358,33,116
151,514,355,35,117
152,511,351,38,122
153,505,352,45,126
154,504,345,45,135
155,504,345,44,137
156,502,346,46,138
157,502,346,45,138
158,502,343,43,140
159,502,347,43,135
160,502,344,41,141
161,501,340,39,144
162,500,341,38,144
163,500,338,33,145
164,499,341,36,145
165,498,340,34,144
166,499,343,31,145
167,497,343,31,149
168,496,342,31,160
169,496,338,30,161
170,496,346,29,161
171,494,342,28,167
172,491,339,30,170
173,487,334,34,179
174,488,337,33,178
175,486,338,33,174
176,485,338,32,180
177,483,337,33,178
178,480,338,37,183
179,481,334,35,185
180,481,337,31,182
181,477,345,39,176
182,474,339,43,177
183,473,345,41,171
184,471,334,46,179
185,468,330,44,187
186,465,327,42,193
187,462,324,40,203
188,458,330,48,202
189,459,329,45,200
190,454,329,54,206
191,449,328,57,212
192,445,324,56,221
193,440,326,61,225
194,440,329,61,220
195,438,328,58,225
196,436,323,62,230
197,431,333,63,223
198,429,338,64,213
199,429,344,66,207
200,428,332,63,221
201,425,327,61,229
202,420,323,62,233
203,416,318,61,245
204,413,313,69,251
205,412,320,64,258
206,413,337,56,250
207,404,344,61,257
208,399,344,61,259
209,398,340,68,263
210,387,320,81,285
211,382,338,79,269
212,376,335,84,274
213,371,337,78,272
214,367,335,91,274
215,368,329,85,283
216,364,332,85,281
217,362,337,77,275
218,364,329,74,287
219,361,329,79,287
220,344,325,89,292
221,338,319,87,295
222,327,309,90,306
223,317,318,93,301
224,318,321,89,300
225,310,306,90,315
226,306,307,85,312
227,268,307,112,308
228,281,339,111,281
229,289,329,80,283
230,247,331,103,285
231,222,348,113,266
232,201,352,122,261
233,192,330,125,275
234,213,324,101,291
235,207,315,94,297
236,193,327,94,284
237,182,331,94,288
238,174,327,97,305
239,175,320,98,309
240,167,320,93,303
241,158,337,95,288
242,149,329,92,284
243,142,329,89,277
244,140,316,100,293
245,132,295,97,312
246,125,299,94,305
247,117,310,96,290
248,107,322,89,276
249,105,332,93,265
250,96,325,97,274
251,87,320,94,282
252,81,313,92,286
253,77,320,88,286
254,68,322,91,274
255,61,314,102,286
256,58,320,96,274
257,48,320,103,277
258,39,318,106,277
259,40,320,94,277
260,42,326,95,272
261,41,333,88,266
262,39,332,87,264
263,31,313,95,281
264,22,336,98,260
265,23,343,93,258
266,19,327,93,269
267,14,339,92,255
268,14,329,85,264
269,7,327,83,266
270,11,332,83,256
271,5,329,81,259
272,1,333,77,251
273,1278,329,74,253
274,1278,336,73,240
275,1278,332,71,247
276,1272,328,67,247
277,1275,334,65,237
278,1270,327,66,235
279,1263,334,67,232
280,1260,332,72,229
281,1263,348,66,212
282,1262,340,67,217
283,1260,338,67,219
284,1257,335,65,221
285,1257,346,67,208
286,1255,341,63,213
287,1256,340,61,211
288,1251,339,63,212
289,1249,343,63,205
290,1250,340,62,210
291,1247,342,60,204
292,1245,338,60,203
293,1240,346,57,191
294,1240,339,61,193
295,1240,343,60,186
296,1233,345,61,186
297,1235,346,58,186
298,1230,340,58,188
299,1231,340,55,189
300,1227,344,61,184
301,1229,349,55,178
302,1227,349,55,177
303,1230,348,50,181
304,1228,348,48,181
305,1227,344,49,183
306,1225,343,51,186
307,1226,347,47,177
308,1223,348,48,175
309,1224,349,46,170
310,1225,346,44,172
311,1223,348,45,169
312,1221,344,45,164
313,1217,344,48,160
314,1216,345,44,154
315,1217,349,46,155
316,1215,343,46,156
317,1213,345,45,153
318,1213,346,43,153
319,1212,344,42,153
320,1209,347,48,150
321,1208,353,47,144
322,1206,351,49,144
323,1204,357,48,139
324,1203,354,48,142
325,1205,343,48,150
326,1202,345,47,154
327,1202,346,47,148
328,1200,347,44,147
329,1201,342,42,148
330,1199,343,44,150
331,1200,345,42,142
332,1198,351,40,136
333,1200,349,38,135
334,1199,350,36,136
335,1199,351,36,136
336,1196,345,37,138
337,1198,344,36,141
338,1200,349,32,134
339,1198,349,32,131
340,1198,350,33,133
341,1199,353,29,131
342,1198,352,32,130
343,1198,348,31,136
344,1196,349,31,132
345,1196,353,31,128
346,1196,350,30,129
347,1196,353,30,126
348,1195,350,29,125
349,1195,351,30,125
350,1195,356,30,120
351,1193,355,30,117
352,1192,356,33,116
353,1192,355,30,116
354,1191,356,30,113
355,1190,358,30,112
356,1189,354,32,116
357,1187,354,31,114
358,1187,354,33,115
359,1186,354,35,115
360,1185,349,36,119
361,1183,348,35,120
362,1183,351,35,117
363,1181,349,36,119
364,1183,354,32,114
365,1181,356,35,113
366,1181,356,35,113
367,1179,353,34,113
368,1178,351,32,114
369,1177,350,33,114
370,1176,352,33,115
371,1175,349,29,114
372,1171,350,38,114
373,1173,348,29,114
374,1170,349,30,116
375,1171,348,28,114
376,1169,348,27,116
377,1168,349,25,114
378,1168,353,25,111
379,1166,352,25,113
380,1166,349,27,115
381,1163,350,26,115
382,1160,349,29,115
383,1160,350,28,112
384,1156,351,30,111
385,1155,351,32,110
386,1153,351,31,111
387,1151,350,33,110
388,1150,351,33,108
389,1147,350,33,109
390,1149,350,31,109
391,1147,353,30,106
392,1147,349,28,110
393,1147,355,23,104
394,1145,355,23,103
395,1145,351,24,107
396,1142,352,23,107
397,1141,350,23,107
398,1139,350,25,107
399,1137,349,24,106
400,1136,352,25,106
401,1134,351,28,104
402,1132,350,30,106
403,1131,350,30,103
404,1129,353,29,103
405,1129,351,29,102
406,1127,351,28,104
407,1125,351,25,103
408,1123,349,24,102
409,1121,350,23,105
410,1121,351,22,102
411,1119,352,21,101
412,1118,350,20,104
413,1116,351,20,101
414,1113,352,22,105
415,1113,352,21,104
416,1113,351,20,106
417,1110,351,21,105
418,1107,350,22,106
419,1104,351,23,104
420,1102,349,26,103
421,1101,353,26,100
422,1098,352,28,101
423,1097,351,27,101
424,1091,350,30,103
425,1089,351,33,100
426,1089,351,30,100
427,1086,353,29,97
428,1085,350,25,100
429,1083,349,26,101
430,1084,350,23,100
431,1084,347,20,101
432,1081,351,21,101
433,1079,352,21,99
434,1077,352,21,101
435,1077,356,20,95
436,1074,356,22,94
437,1071,352,24,98
438,1069,352,23,97
439,1065,351,28,97
440,1064,349,29,100
441,1063,349,29,100
442,1056,348,34,101
443,1057,351,30,98
444,1056,350,26,97
445,1056,350,27,97
446,1054,349,24,98
447,1052,346,21,100
448,1051,348,20,99
449,1048,349,23,99
450,1048,348,23,98
451,1047,352,22,97
452,1044,349,22,98
453,1042,352,20,96
454,1038,352,24,95
455,1038,349,25,98
456,1035,352,26,95
457,1030,349,29,98
458,1028,348,32,99
459,1027,348,32,99
460,1021,350,39,97
461,1018,347,39,98
462,1019,348,35,95
463,1018,346,32,98
464,1019,348,29,97
465,1018,352,30,92
466,1016,350,33,95
467,1015,344,29,101
468,1013,343,27,101
469,1013,347,22,98
470,1015,345,19,97
471,1012,346,18,97
472,1009,351,20,94
473,1009,347,28,95
474,1004,344,24,97
475,1004,343,24,99
476,1003,342,25,99
477,1002,345,26,95
478,999,344,28,96
479,997,347,29,93
480,996,346,30,93
481,991,345,32,95
482,989,344,31,95
483,990,342,23,98
484,988,345,23,95
485,988,343,27,97
486,986,343,22,94
487,985,343,21,96
488,983,344,20,96
489,982,343,18,97
490,981,346,18,93
491,980,344,17,97
492,979,344,18,96
493,976,345,20,95
494,974,343,22,95
495,973,344,23,94
496,975,345,19,94
497,972,344,21,94
498,965,344,28,93
499,961,343,29,93
500,961,342,30,94
501,959,344,31,93
502,961,344,26,93
503,960,341,25,95
504,959,341,24,95
505,958,343,22,92
506,958,342,23,91
507,957,344,20,90
508,957,345,18,89
509,955,345,19,87
510,954,343,19,89
511,954,344,19,89
512,953,344,19,87
513,953,345,17,86
514,954,346,16,85
515,950,347,20,85
516,949,345,21,87
517,948,345,21,86
518,946,342,21,88
519,944,343,22,88
520,943,341,21,89
521,943,342,21,88
522,942,344,19,84
523,941,344,19,84
524,940,347,18,81
525,938,345,18,83
526,939,344,17,85
527,937,345,18,82
528,935,345,20,81
529,934,347,20,77
530,931,349,23,77
531,932,348,22,79
532,932,348,19,78
533,931,348,20,77
534,930,351,21,77
535,928,347,22,79
536,927,346,23,81
537,927,346,22,81
538,926,348,21,78
539,926,348,21,78
540,925,347,20,79
541,925,349,20,76
542,924,347,20,77
543,923,346,19,77
544,923,344,18,79
545,922,348,18,74
546,922,350,18,72
547,921,349,19,74
548,920,348,18,74
549,919,347,19,75
550,919,348,18,74
551,919,353,18,68
552,918,354,18,66
553,918,353,18,68
554,917,350,18,70
555,916,349,18,71
556,916,349,18,71
557,915,349,18,70
558,915,347,17,72
559,914,347,17,71
560,913,351,17,66
561,913,352,17,65
562,913,352,16,63
563,912,351,16,65
564,910,351,16,65
565,910,352,18,64
566,909,353,17,64
567,909,351,17,63
568,909,350,17,65
569,908,352,16,63
570,910,352,15,65
571,909,352,16,64
572,909,348,15,67
573,909,350,14,66
574,908,348,15,67
575,907,351,15,64
576,907,349,15,67
577,907,349,15,65
578,907,350,15,64
579,906,351,14,62
580,906,353,15,59
581,906,353,15,60
582,906,355,14,57
583,905,352,14,59
584,905,354,15,58
585,904,353,15,58
586,904,354,14,56
587,904,355,14,55
588,904,353,15,57
589,903,353,14,58
590,903,352,14,59
591,904,352,13,58
592,903,352,14,59
593,903,354,14,56
594,902,352,14,58
595,902,354,13,56
596,902,355,13,55
597,902,355,13,53
598,901,354,13,54
599,901,355,12,52
600,901,354,13,54
601,900,353,13,53
602,900,354,14,52
603,900,353,13,53
604,900,354,12,51
605,900,353,13,54
606,900,353,12,54
607,900,355,13,51
608,900,353,12,53
609,899,353,13,53
610,900,353,12,52
611,900,354,12,54
612,899,353,12,52
613,899,353,13,53
614,899,354,13,52
615,900,354,12,51
616,900,354,12,52
