1.0
1.0
0.9875126560917988
0.9875126560917988
1.0
1.0
0.9866801551171809
0.9612352168199737
0.9993510707332901
0.9993510707332901
0.9740670461733081
0.9503202624589908
0.9635577516985794
0.9634146341463414
0.9885548603692965
1.0
0.9259259259259259
0.975609756097561
0.948051948051948
0.9357416347594473
0.9317697228144989
0.8960342979635584
0.8883085576536762
0.9006511237135055
0.8380120607194843
0.833119931711481
0.913081650570676
0.9266802443991853
0.9264872200859534
1.0
0.9414088215931534
0.9283704825795283
1.0
0.9848584595128373
0.9423993070593331
0.9558823529411765
0.916241062308478
0.9309754706217912
1.0
0.9702223128696716
0.932072558857584
0.8833603749774653
0.882291119285339
0.8961038961038961
0.9312733084709643
0.9462154942119323
0.9187763713080169
0.8226758092808164
0.9078947368421053
0.9351108255701895
0.9015027525665823
0.8310520140789989
0.8570516911295469
0.8990918264379415
0.8272506082725061
0.8241638522714893
0.9473684210526315
0.9891304347826086
0.9684934546261371
0.9772727272727273
0.9604365620736699
0.9698232181060691
1.0
1.0
0.9462976105985332
0.969155275148966
0.9541557105293244
0.9719626168224299
0.9061160480920021
0.8606101959255288
0.8936718904979171
0.8684495843874233
0.8730402181322426
0.9153434660779486
0.9008934480476506
0.9361664917803427
0.9277590756073151
0.9241650294695481
0.919209282337774
0.9666975023126735
1.0
0.999735519703782
0.9529411764705882
0.9890377588306942
1.0
0.8942098389203309
0.8701220430917583
0.894252526776286
0.9221577330146807
0.8876519952046583
0.9073482428115016
0.9442570918468558
0.954849859580903
0.9380819366852886
0.8805970149253731
0.859594383775351
0.8851255997742027
0.864
0.9113924050632911
0.9282103134479271
0.9259259259259259
0.9275573352748453
0.9238020424194815
0.9408075264602117
0.9403838301347489
0.866692278140607
1.0
0.9365853658536586
0.8733075435203095
0.9408553230209281
0.9601113172541744
0.9357554275587062
0.9778180172023541
1.0
0.978776529338327
0.9036507339104253
0.9807692307692307
0.9062391077030324
0.9417509591907918
0.9424083769633508
0.9094885598923284
0.9117923052862058
0.8547288089397655
0.9314597074849441
0.921875
0.897138437741686
0.8499005964214712
0.9677584442169908
0.9389201075006108
0.9697275479313825
0.9841311822269241
0.96875
0.9253551649410064
0.895818733940668
0.9561128526645768
1.0
0.9556661388826058
0.9705882352941176
0.9569388190151353
0.943874471937236
0.9457659372026641
0.9731581953169617
0.986849416558622
1.0
0.920711374583179
0.9735111111111111
0.9620453347390617
0.9385950275321208
1.0
0.9616945301087486
0.9853214104943478
0.9523809523809523
0.9175865719038258
0.9865711727842436
0.9425638179800222
0.9321302471557473
0.9339992413705904
0.9239752423216162
0.8794657400369204
0.9171851534005578
0.9384065587555181
0.948889597279779
0.9398000425441395
0.9285714285714286
0.9278350515463918
0.9565217391304348
0.9211511162730674
0.9429296979417268
0.9416631608470061
0.9507847021179339
0.9746915533059158
0.9627581720604976
1.0
0.9996445076430857
0.9718926811461945
0.9178082191780822
0.9993880048959608
0.9463327370304114
0.932072558857584
0.9585262734044695
0.8933333333333333
1.0
0.970199370409234
0.9977728285077951
1.0
0.9522184300341296
0.9823449524671797
0.9707327494125187
1.0
0.9415610952186351
0.9672544080604534
0.9435957696827262
0.9324055666003976
0.9178994082840237
0.8855885588558856
0.9713107069191824
0.918918918918919
0.944819372766971
0.914106447425357
0.9389638041163946
0.9076923076923077
1.0
0.984966592427617
0.9493856056173201
1.0
0.9981515711645101
0.9824065347156771
1.0
0.9824802473376847
0.8684464458025088
0.9457092819614711
0.9814682822523164
0.9454354669464848
0.9622641509433962
0.9811320754716981
0.9448015122873346
0.9429892141756548
0.9110462996718921
0.9438655462184874
0.8820326678765881
0.9311150029188558
0.8764659890539483
0.8684745762711864
0.8504936530324401
0.8200910045502275
0.7560035576638008
0.7024314936318024
0.6974169741697417
0.6434782608695652
0.7622733538331036
0.8914016205103398
0.8932089846315513
0.9542365201631173
0.9386745796241345
0.9060438580852201
0.8905833015630957
0.8838174273858921
0.925379904740304
0.8579809337570277
0.8557588805166846
0.9185142528073712
0.9824236817761333
0.9168983626814952
0.9837587006960556
0.9793253536452666
0.9224075416968818
0.9129519129519129
1.0
1.0
0.8744186046511628
0.8173111032280951
0.9056603773584906
0.9423076923076923
0.9116910976045763
0.9807692307692307
0.92918528704022
0.9827586206896551
0.899121478339897
0.9322033898305084
0.8899411313027898
0.8491620111731844
0.8263579697239537
0.8969258589511754
0.927536231884058
0.9027777777777778
0.8021496815286624
0.8854054054054054
0.8636186010160218
0.7717391304347826
0.8356164383561644
0.8679177192349332
0.9587864911276474
0.8712070128118679
0.8124267291910903
0.8175468007823414
0.9272024959144258
0.9645674939033138
0.8689989785495403
0.8695437731196054
0.7966869019446445
0.8334012219959267
0.8808548886447618
0.81088329440263
0.7893414541301865
0.8360655737704918
0.8695803465794418
0.8221717292513753
0.8250892121877573
0.8414218816517667
0.8184621314318751
0.8703051052260599
0.9544918915885753
0.9157888096890179
0.8939922083247899
0.8911871167910173
0.9012224938875305
0.8886919532080823
0.8525422074753587
0.830421592216759
0.8773048030958343
0.9234925703057841
0.9789516567083107
0.9071682044002839
0.9511901175052727
0.9749959929475878
0.9849350649350649
0.9866666666666667
0.9733333333333334
0.9049429657794676
0.9728012705975779
0.9312420207915375
0.9315701867948956
0.9727931101976903
1.0
0.9455238095238095
0.9571428571428572
1.0
1.0
0.998451712792723
0.9887553315238464
0.9851798301102476
0.9233594924027384
0.9021686746987951
0.9475181789440404
0.8830769230769231
0.9517065571448803
0.840594566888775
0.9023821853961678
0.9438202247191011
0.9161053276178812
0.9782691092861655
0.9882533197139939
0.9224525474525475
0.933291219204043
0.9663665254237288
1.0
0.9460777851021753
0.9660567118312613
0.9481000926784059
0.9553933495539335
0.9492344883158743
0.9636166168884062
0.9625754527162977
0.9216148905492201
1.0
0.9314466943156867
0.9247738257528814
0.8953794589418242
0.9464678562698606
0.989019506523705
0.945054945054945
0.9235668789808917
0.955917645572818
0.9535248041775457
1.0
0.9535934291581109
0.9434091531926555
0.9214092140921409
0.9661564387024294
1.0
0.9533324209661967
0.9537524231514816
1.0
0.8991666666666667
0.9270539295795572
0.9247982950220733
0.9013398294762485
0.8813611755607115
0.8129175946547884
0.8501498501498501
0.8442710180915218
0.9044585987261147
0.0
0.0
0.0
0.0
0.0
0.0
0.0
0.0
0.0
0.0
0.0
0.0
0.0
0.0
0.0
0.0
0.0
0.0
0.0
0.0
0.0
0.0
0.0
0.0
0.0
0.0
0.0
0.0
0.0
0.0
0.0
0.0
0.0
0.0
0.0
0.0
0.0
0.0
0.0
0.0
0.0
0.0
0.0
0.0
0.0
0.0
0.0
0.0
0.0
0.0
0.0
0.0
0.0
0.0
0.0
0.0
0.0
0.0
0.0
0.0
0.0
0.0
0.0
0.0
0.0
0.0
0.0
0.0
0.0
0.0
0.0
0.0
0.0
0.0
0.0
0.0
0.0
0.0
0.0
0.0
0.0
0.0
0.0
0.0
0.0
0.0
0.0
0.0
0.0
0.0
0.0
0.0
0.0
0.0
0.0
0.0
0.0
0.0
0.0
0.0
0.0
0.0
0.0
0.0
0.0
0.0
0.0
0.0
0.0
0.0
0.0
0.0
0.0
0.0
0.0
0.0
0.0
0.0
0.0
0.0
0.0
0.0
0.0
0.0
0.0
0.0
0.0
0.0
0.0
0.0
0.0
0.0
0.0
0.0
0.0
0.0
0.0
0.0
0.0
0.0
0.0
0.0
0.0
0.0
0.0
0.0
0.0
0.0
0.0
0.0
0.0
0.0
0.0
0.0
0.0
0.0
0.0
0.0
0.0
0.0
0.0
0.0
0.0
0.0
0.0
0.0
0.0
0.0
0.0
0.0
0.0
0.0
0.0
0.0
0.0
0.0
0.0
0.0
0.0
0.0
0.0
0.0
0.0
0.0
0.0
0.0
0.0
0.0
0.0
0.0
0.0
0.0
0.0
0.0
0.0
0.0
0.0
