1.0
1.0
0.9751708048658557
0.9751708048658557
1.0
1.0
0.9616985845129059
0.9490550534100246
0.9868527836390196
0.9996754300551769
0.9867051097228896
0.9256402344955261
0.9881175734834271
0.9520588235294117
0.9648514104691507
1.0
0.9269399249061326
0.9635538870639763
0.997038012177061
0.9357416347594473
0.9317697228144989
0.9186550976138829
0.9015290519877676
0.9019859064702114
0.9278534733080188
0.858021978021978
0.8992094861660079
0.8732673267326733
0.9550011657729074
1.0
0.9414088215931534
0.9269256089532587
1.0
0.9848584595128373
0.9573316006064544
0.9850746268656716
0.9165995165189363
0.9063262624366435
1.0
0.9428571428571428
0.943695479777954
0.8561518802482658
0.8190409520476024
0.8473443545550475
0.8934900859799965
0.9184618123553498
0.930719184104097
0.8248106060606061
0.9008579599618685
0.9504604636392505
0.9625
0.8758314855875832
0.900523560209424
0.9331230283911672
0.8432368576491436
0.7969576006041644
0.9481277911370662
0.9692917847025496
0.989010989010989
0.9090294217111938
0.88623015009789
0.8756336964728724
0.9566365837552279
0.9586253673976939
0.9084409594095941
0.9910892249970689
0.9876132584011929
0.9454545454545454
0.9172067739912189
0.8938811705586758
0.9470953301454879
0.8854415274463007
0.8359293873312564
0.8052586938083122
0.7418817651956703
0.9242369838420108
0.9454694174316096
0.8975351780149211
0.8734177215189873
0.9173266789627862
0.9562337355098178
0.9547865622631978
0.9105827626308308
1.0
1.0
0.9157378510922871
0.8925775133103664
0.9282994923857868
0.9352082591669634
0.8656126482213439
0.8584955286691215
0.9182908545727136
0.8875502008032129
0.8826106000876041
0.853893866299104
0.8211624441132638
0.8436911487758946
0.833976833976834
0.8788732394366198
0.9119205298013245
0.9608411892675852
0.9440203562340967
0.9238020424194815
0.9034986543637062
0.92
0.8486361890126777
1.0
0.9174977334542158
0.8733075435203095
0.9215686274509803
0.9404815992730577
0.9383318544809228
1.0
1.0
0.9979184013322231
0.9224397590361446
0.9611687812379854
0.9065876612059951
0.9062391077030324
0.9246336357292394
0.9428277986990756
0.9286608260325406
0.8392370572207084
0.9314597074849441
0.9201398225329389
0.8958174904942966
0.8525232729054385
1.0
0.9393647738209817
0.9550310559006211
0.9533692031770433
0.9545683997980817
0.9549902152641878
0.9252336448598131
0.9710564399421129
1.0
0.9705882352941176
0.9558823529411765
0.9710144927536232
0.943874471937236
0.9724151234567902
0.9324452901998097
0.9196891191709845
1.0
0.9086384642730181
0.961038961038961
0.9495122368646244
0.9152374670184696
0.9608212147134303
0.949783410877587
0.9495548961424333
0.9765046668812359
0.9299820466786356
0.9611135660627486
0.9655937846836848
0.9337474120082816
0.9032178217821782
0.9030939871570345
0.8864290458268762
0.8870777479892762
0.8693414557294402
0.9074332296471093
0.9207920792079208
0.9113924050632911
0.9284861638632664
0.905971173644475
0.8904690618762475
0.9435602514377424
0.952875175315568
0.9274673008323424
0.9503202624589908
0.9743172951885566
1.0
1.0
0.9587266333518416
0.9060952380952381
1.0
0.9337124926456168
0.9590891547664995
0.9729944400317713
0.92
0.9859245041586693
0.9850900807620625
0.984831831171686
1.0
1.0
0.9683177153056671
0.9844050416577654
1.0
0.9308188785800726
0.968927146756246
0.9177288528389339
0.9432421396488363
0.8658536585365854
0.8822865738999623
0.890990822251358
0.9059300753332046
0.8949050573416055
0.8512996171670361
0.8713501646542261
0.8682550805886475
0.9540171803941384
0.9671424723942903
0.9666080843585237
0.9850924269528921
0.9325976737250223
0.9666151468315302
1.0
0.9300911854103343
0.8684464458025088
0.8779580797836376
1.0
0.9272727272727272
0.9252669039145908
0.9249183895538629
0.9441604404246953
0.9253012048192771
0.9110462996718921
0.9616677874915938
0.8839285714285714
0.9649532710280374
0.9362265149510453
0.8824593128390597
0.8903225806451613
0.8564174400280161
0.7889663354589945
0.7320463320463321
0.7083381386229962
0.6285600079944039
0.8090388287714831
0.8966651009863785
0.8491508491508492
0.8706030150753769
0.9075549888428435
0.8301208755308722
0.8356286889644071
0.8145315487571702
0.8477041346353625
0.8076392084675563
0.7879088206144698
0.9024729091414282
0.8875432525951558
0.8704090773365184
0.9476082004555809
0.9793253536452666
0.9785229841748304
0.9292604501607717
0.9607843137254902
0.9803844644958808
0.8757126567844926
0.8331562167906482
0.9618874773139746
0.944424264438794
0.9129519129519129
0.9817990899544977
0.9649484536082474
1.0
0.8698710433763188
0.9152542372881356
0.8868120456905504
0.8208469055374593
0.8093306288032455
0.823071641107805
0.9260908281389136
0.9577464788732394
0.8518592165440445
0.9271410311035364
0.8789808917197452
0.7998497934660158
0.8830231674895557
0.8798050893340552
0.9864477953807979
0.8959527824620573
0.7799912113666325
0.7855048177628823
0.8933920704845815
0.9056766055045872
0.8293515358361775
0.8816849816849817
0.833659289758106
0.8350494649707249
0.8990110878034162
0.8084609395276408
0.779993909866017
0.8185378590078329
0.8612386917188587
0.7941176470588235
0.7867844794467922
0.7845327376203394
0.6529060816012318
0.7631943375903986
0.9254305300117037
0.8911781232440532
0.8473010426290088
0.845031905195989
0.8308039068369647
0.8219672131147541
0.7613071895424837
0.760053619302949
0.7971868859240873
0.8628800917957544
0.9020501138952164
0.8959764474975466
0.917340785409619
0.9876665022200296
0.9868280526877893
0.9330646574382337
0.9725974527209572
0.9174491392801252
0.9456012005252298
0.987012987012987
0.935874599216245
0.9225841874084919
0.9327490950657268
0.9233027522935779
0.9833912707609116
1.0
0.9871794871794872
0.9616029822926375
0.9760765550239234
0.9873236921978218
0.9034257748776509
0.8804192472606003
0.9132947976878613
0.8285115303983228
0.8941409566940277
0.7749019607843137
0.7913916028518616
0.8119869706840391
0.9161118508655126
0.8865353789787039
0.9260991580916744
0.8862608695652174
0.9269949066213922
0.9487603305785124
0.955310199789695
0.9646352603419026
0.9030166710770045
0.919283675058396
0.9171038824763903
0.9013423693470611
0.9207308880827624
0.9653767820773931
0.8908995541568319
0.9647058823529412
0.8688444661140907
0.8625225689966469
0.7913510872220865
0.8157762096774194
0.9777835859905907
0.9885225885225886
0.9136038186157518
0.8662012132310862
0.8910577040380627
0.9768853305785123
0.9324342192251752
0.9658950828653609
0.9326936257710761
0.9447490510333193
1.0
0.953469048608226
0.9646958740961293
0.9869651459336922
0.8787792355961209
0.9876543209876543
0.9495173286912486
0.89086859688196
0.838953488372093
0.8548009367681498
0.7871126869122861
0.8004035648225997
0.8680330816253147
0.0
0.0
0.9133808724832215
0.870222414165407
0.9400792725577057
0.9239794671229529
0.8397469688982604
0.912211868563021
0.9228362877997914
0.8718818115766529
0.8627853295716851
0.9089989888776542
0.9260642270351008
0.9407514450867052
0.9231496807755971
0.9095992544268406
0.9258222533240028
0.9853609288238263
0.9121765962497033
1.0
0.8987608136544307
0.8456659619450317
0.9222462203023758
0.9113113587858668
0.9404849375459221
0.9104477611940298
0.9543122404104569
0.9676046346654056
0.9379727685325264
0.9074634392334846
0.9697435897435898
0.9855951478392722
0.9561166952684481
0.9686888454011742
0.9672897196261683
0.9545454545454546
0.9538461538461539
0.9547613662067406
0.9402985074626866
0.9108096085409253
0.9118807540552389
0.9009102192800993
0.8359715077166601
0.8854625550660793
0.9442664958360025
0.8553459119496856
0.8798274848069007
0.88
0.8613659531090724
0.9559105431309904
0.968833481745325
0.9835028248587571
0.9997633696166588
0.9703755540004665
0.9853078358208955
0.9542978924934881
0.8979210464844662
0.9838829655343417
0.8696103896103896
0.9662074343644398
0.9528768549856809
0.9200968523002422
0.831419624217119
0.8873435326842837
0.840057636887608
0.8844550327575939
0.8522050059594756
0.8
0.93234100135318
0.7705192629815746
0.7956909361069836
0.6903367496339677
0.7354396650171298
0.8315151515151515
0.838830897703549
0.8569530558015943
0.8883004333172846
0.8465608465608465
0.8706172839506173
0.8526315789473684
0.9111111111111111
1.0
0.975
0.9523809523809523
1.0
0.9098966026587888
0.9347496206373292
1.0
1.0
0.8567454798331016
0.8930623066725586
0.8223107569721115
0.8792672772689425
0.8665897731641676
0.9393346379647749
0.8885017421602788
0.8896797153024911
0.8132474701011959
0.8942245295262816
0.8937321030862233
0.8612582781456953
0.896797153024911
0.8706331877729258
0.8745737944471506
0.8148224183945801
0.9078947368421053
0.9612032131259614
0.9868791002811621
0.8994317430950178
0.9666666666666667
0.9273265373232489
0.8594678613879492
0.8816326530612245
0.889109785730064
0.896
0.8062225934433076
0.7363259147491512
0.7864851804123711
0.7395117326380659
0.6761196514789944
0.6018063152088983
0.5155163429228585
0.4521905885823868
0.41283770837325157
0.36195517668087446
0.32908197603984385
0.3625072508274474
0.4808134112776653
0.4954912309767816
0.593443704241145
0.7374376233027736
0.8308830656887137
0.8727567677177329
0.900373576309795
0.9310117756430121
0.9094678645473393
0.9363558257881172
0.8484903850545836
0.8842382555246597
0.8900537562515044
0.8871661385242191
0.8549153773956221
0.8978949376748919
0.9252699784017279
0.957532409476978
0.8986693232761688
0.9505263157894737
0.9352894943673041
0.9547268202109588
0.9677961355362643
0.987065975764005
1.0
0.9425963732436652
0.9591836734693877
0.9378401257709518
0.995004995004995
0.9888815408779036
0.9703746021382519
0.9452449567723343
0.9630350194552529
0.9873549419767907
0.9731543624161074
0.9675719971903536
0.9555745076756086
0.961083762936548
0.9374281994332542
0.9481709664998075
0.9501233425840271
0.961083762936548
0.9374281994332542
0.9481709664998075
0.961083762936548
0.9418964923688942
0.9546819651932851
0.9545295964647051
0.9028850701560776
0.9234396906997493
0.8872900569101929
0.8607544141252006
0.861688563667609
0.8581650597295495
0.828016279375082
0.846649394300119
0.8474328381186975
0.8754545454545455
0.8355795148247979
0.8467961165048544
0.9086363162829462
0.8547123349003806
0.8846288720046757
0.8159083014935742
0.8206078576723499
0.8981963927855712
0.9196898366103572
0.8962494611294727
0.9868791002811621
0.92684070658121
