1.0
0.9686834059112388
1.0
0.9425228456742677
0.9890965732087228
0.9528176058686229
0.91259765625
0.9600205461861142
0.9583557227297153
0.9376445396145611
0.9632204135503739
0.9720734506503443
0.9866367538041357
0.984791554839864
1.0
0.9358321098540461
0.9587523436168399
0.9621212121212122
0.9386458078709362
0.9804560260586319
0.9964887640449438
0.9408164976108643
0.9891304347826086
1.0
1.0
0.9749718151071026
1.0
1.0
0.9361126150514347
1.0
0.9460711201821179
0.9690721649484536
0.9898685852727406
0.9708029197080292
0.962457337883959
0.9632352941176471
0.9666501976284585
0.9967416096448355
1.0
1.0
0.981888745148771
0.9818380232286227
0.951370333613253
1.0
0.9987354013241092
0.9927007299270073
0.9640287769784173
1.0
1.0
1.0
0.9423558897243107
0.9790209790209791
1.0
0.9998469543924089
0.9366515837104072
0.9517939687431213
0.9677752202555758
0.9225609756097561
0.9822499400335812
1.0
0.9479614529280949
0.9239605721485215
0.8941070219011064
0.9743205986608902
0.9808577659316695
0.9458108536972389
0.9749208668127587
0.9549164399533618
0.9673105497771174
0.94036274208423
0.9199281306147957
0.9139072847682119
0.8489846728390259
0.9116087679037747
0.9122629779297482
0.9239802224969098
0.9078014184397163
0.9408274785323966
0.9313755795981453
0.9520426287744227
0.9504221028396009
0.9844961240310077
0.941701890102879
0.9339681065180369
0.9237788914653302
0.9452115158636898
0.8538623646537316
0.8854181257879254
0.9217360868043403
0.9309434486591636
0.892049127343245
0.9029403757146747
0.8284650810674405
0.8976690136031171
0.8341780376868096
0.8888219947822597
0.8764200959353698
0.9310575635876841
0.8923368022705771
0.8721049148769777
0.9400090503587821
0.9186991869918699
0.8849809885931559
0.8890077109247482
0.8569118385100095
0.9375372511622363
0.9066485291617072
0.9052608114132857
0.8187391919509511
0.8586273046999894
0.856047930048038
0.8624678663239075
0.8568162020905923
0.8738398074939842
0.8800415440540073
0.8780513747806201
0.842528333915822
0.8711447589045272
0.8656456487220202
0.8646695296951922
0.8466627851585243
0.8389550595535983
0.8328877679697352
0.8388023589898684
0.8256954646699208
0.8633524856357732
0.8823934313388072
0.9220978946810203
0.8662813870067756
0.8933518005540166
0.8769939393939394
0.830856204978572
0.8606908364259206
0.8879688747007183
0.8820402789291462
0.8606969943914482
0.8582093342136001
0.8643391010545716
0.8596237337192475
0.8294723951423615
0.8904109589041096
0.8569898232458489
0.8697094547594841
0.8350541942774953
0.8522574757073066
0.8706951530612245
0.8286039768019884
0.7954070981210856
0.7780544902126811
0.8163265306122449
0.8959113862192539
0.9299384256947911
0.923106350420811
0.923106350420811
0.8803909313029149
0.8647028304605984
0.8553546592489569
0.8277710621748042
0.8505576208178439
0.8863872018960154
0.873957227362354
0.8962935230250842
0.9180031864046734
0.9108441353145748
0.8903141645831069
0.8658612143742255
0.9029752789323999
0.9092747444936329
0.8980990962916796
0.885272117616714
0.896921666936223
0.9103057515501389
0.9149521399493894
0.882861678252778
0.8772370486656201
0.8968394031766405
0.8718481933974526
0.8908745848489641
0.8958823207743205
0.8882563435263501
0.9137324926064394
0.9220357336220899
0.9219006296629452
0.9010977008355633
0.9072832886505808
0.8998071031430841
0.9185817834466483
0.87664245717137
0.8429935219911353
0.9062629614267939
0.8656689827186888
0.8859368395628283
0.9098203814579346
0.8536445159806852
0.8800461361014994
0.9304314030314808
0.9161962112658386
0.9153700189753321
0.9196921103271328
0.927923322683706
0.9162700964630225
0.9201144938849857
0.9430413756045137
0.8657832144070676
0.9216867469879518
0.9534157272850741
0.8939051918735892
0.9545234973431785
0.9245283018867925
0.8674796747967479
0.900643849542528
0.9777777777777777
0.8682508436445444
0.9260897947341699
0.8905430907947158
0.9214345520513536
0.8614832382539581
0.897196261682243
0.8976021614319487
0.9137161973794257
0.9008117879800805
0.8909667613824093
0.9555316863587541
0.9199776161163962
0.9743959884516031
0.9751864707185585
0.9420638390905116
0.9727019498607242
0.858588513602313
0.8972721593669744
0.8677794571860419
0.9131595154998974
0.8598910338333221
0.9243753767834416
0.9885672937771346
0.9280015955325089
0.9265829694323144
0.952466820542412
0.9549870226177234
0.9672640382317802
0.959409594095941
0.9965241290113976
0.9505467602415538
0.9010091302258529
0.9228656443121996
0.9517372982428242
0.9817232375979112
0.9450923640078318
0.9974438078448655
0.9508086818067544
0.9866020273248127
0.9729287790697675
0.9538108275192086
0.9541478929234031
1.0
0.9544603867747973
0.9758064516129032
0.9481596682218766
0.9406823247042688
0.9730179264461283
0.9212598425196851
0.9370119729307652
0.961170120146265
0.9432637220476806
0.9261047159301894
0.931358637814828
0.9270729270729271
0.9052631578947369
0.9230556324384168
0.9300411522633745
0.9597956673919213
0.9571690998743111
0.9530993134126293
0.9104046242774566
0.9649914283136335
0.9378011779403891
0.8966795887409404
0.8879540490251597
0.961038961038961
0.937374387008602
0.9579800958348691
0.9421528816698724
0.8878193785830562
0.9329221279876638
0.8818140174072377
0.9254777540028039
0.958745992162451
0.8963947426389602
0.925760218396906
0.884009181331293
0.925
0.8679863074862331
0.9104522537436978
0.9181141439205955
0.9105354318849311
0.8945187270310423
0.8934293011376828
0.8905787917194762
0.9249806651198763
0.9181020038871389
0.9270487920416864
0.9239274042138933
0.8789182544560541
0.8865540630402979
0.8494771601541001
0.8845064284157769
0.8767233302101459
0.9166271588215374
0.8186422839100118
0.8126969833408375
0.837958115183246
0.8707135938004521
0.8261605279485589
0.8126082438517492
0.795049786628734
0.8277501131733817
0.8437308357027373
0.7976322020520915
0.7717636931023351
0.7962933375938648
0.7664749383730485
0.7695209354960393
0.7883819600859043
0.7844649646931016
0.7317073170731707
0.7208071121766058
0.7530736187231521
0.7677529528959727
0.7242352941176471
0.742378193560642
0.7627741963397222
0.6572936990703546
0.6868798235942668
0.6979837432703473
0.7023443556363442
0.7166666666666667
0.6843955545475164
0.6651141127154169
0.7202661751382423
0.7323091694671148
0.7366638441998307
0.7338223037172862
0.7276604185262323
0.6971821669533007
0.7327563598216628
0.7288900348072709
0.7288900348072709
0.7288900348072709
0.7181741123285091
0.7506716818914562
0.7579644622016612
0.7753003571815131
0.7455272574194907
0.7753003571815131
0.7551005537744098
0.7596195107995994
0.7452560812520331
0.7543089940457537
0.7269955654101996
0.7464849354375896
0.7269955654101996
0.7422456799942159
0.7269333333333333
0.7593052109181141
0.7571148009284057
0.7604835099238919
0.7825218292141483
0.787065868263473
0.7952749620879559
0.8046437149719776
0.83779627284241
0.8549715009499683
0.8235398702106854
0.8442940911141181
0.8461682068514889
0.7946753853339561
0.8253679259596419
0.837696335078534
0.816584261631024
0.7739420935412027
0.7563966880408391
0.7902120932683441
0.8162172749232879
0.7761627906976745
0.805685596037723
0.8159848595137574
0.8317180616740089
0.8830525272547076
0.8406491816749982
0.8722226116212238
0.7921305475064816
0.8639491794600318
0.9052489223227115
0.8580257510729614
0.8834893105520735
0.9175319660173346
0.9234193313953488
0.9257157596079443
0.8537139969681657
0.8571428571428571
0.9494949494949495
0.9064171122994652
0.899650043744532
0.9197574266127615
0.9063047285464098
0.9602666432769056
0.8996054362121877
0.9810020323407264
0.9650202144489366
0.9368547832071576
0.8487046632124352
0.9023975514368304
0.9132144949368148
0.9590871369294606
0.9919917334022217
0.9770181697502697
0.9530355097365406
0.9002738843241501
0.95
0.9855387444620914
1.0
0.9287852528753742
0.9222170470423847
0.975103734439834
0.9811917308471828
0.9422937040329751
0.9528042670114757
0.9702070358525501
0.9641795714062256
0.9001434070495886
0.9430716296527994
0.9474049510295365
0.98125051623028
1.0
0.9785725296747341
0.972027972027972
0.963979688987623
0.946236559139785
0.938101901391061
0.9189318453567158
0.9699621371476651
0.8908341048733271
0.9627225827924779
0.9959839357429718
0.9578947368421052
0.9126445643793369
0.9435707678075855
0.9748344370860927
0.933870218367663
0.9473684210526315
