1,716,367,85,123
2,726,371,81,118
3,730,363,84,122
4,730,352,86,125
5,729,340,88,127
6,733,339,86,125
7,736,339,86,125
8,734,333,90,130
9,734,335,86,125
10,735,340,84,122
11,732,345,86,125
12,724,353,83,120
13,728,369,83,120
14,736,378,86,125
15,737,370,88,127
16,741,364,88,127
17,748,366,88,127
18,755,367,86,125
19,754,359,90,130
20,759,363,86,125
21,764,365,90,130
22,765,363,92,133
23,769,361,92,133
24,771,359,92,133
25,773,355,92,133
26,779,357,92,133
27,783,359,92,133
28,785,359,92,133
29,786,358,93,135
30,783,353,95,138
31,781,349,95,138
32,781,349,95,138
33,781,355,92,133
34,772,355,90,130
35,769,349,92,133
36,771,355,92,133
37,771,359,92,133
38,769,364,88,127
39,770,365,90,130
40,771,361,92,133
41,767,357,95,138
42,764,356,93,135
43,760,351,97,141
44,762,360,93,135
45,763,367,92,133
46,761,369,92,133
47,761,367,92,133
48,765,367,92,133
49,768,370,93,135
50,768,376,93,135
51,769,381,95,138
52,775,391,95,138
53,779,401,95,138
54,782,408,93,135
55,782,410,93,135
56,783,415,95,138
57,790,430,93,135
58,795,447,92,133
59,796,457,90,130
60,789,453,92,133
61,788,456,93,135
62,786,462,93,135
63,787,467,92,133
64,783,469,92,133
65,783,474,88,127
66,781,475,92,133
67,783,482,88,127
68,781,488,84,122
69,779,492,84,122
70,778,495,86,125
71,775,498,84,122
72,775,498,88,127
73,782,504,84,122
74,779,506,88,127
75,773,510,88,127
76,774,519,90,130
77,771,521,92,133
78,769,524,88,127
79,768,525,90,130
80,773,530,88,127
81,781,537,92,133
82,782,552,93,135
83,777,559,95,138
84,781,561,92,133
85,785,566,88,127
86,780,573,86,125
87,778,575,90,130
88,782,583,90,130
89,784,584,93,135
90,779,583,92,133
91,779,586,88,127
92,780,595,86,125
93,778,599,90,130
94,778,603,86,125
95,779,606,84,122
96,780,618,86,125
97,787,628,86,125
98,791,632,88,127
99,781,633,92,133
100,781,638,88,127
101,785,641,92,133
102,789,643,92,133
103,787,649,92,133
104,787,655,95,138
105,788,666,97,141
106,789,669,99,144
107,776,671,99,144
108,762,670,101,146
109,768,677,99,144
110,772,681,99,144
111,770,678,97,141
112,768,671,101,146
113,772,677,103,149
114,777,683,101,146
115,776,675,105,152
116,774,675,105,152
117,777,676,109,159
118,778,680,112,162
119,776,677,116,168
120,778,677,116,168
121,784,684,116,168
122,781,684,121,175
123,776,679,121,175
124,776,679,121,175
125,779,688,116,168
126,782,692,114,165
127,779,690,109,159
128,779,689,114,165
129,782,695,112,162
130,779,695,112,162
131,777,691,107,155
132,777,693,107,155
133,771,694,109,159
134,761,690,114,165
135,759,686,109,159
136,750,687,105,152
137,735,684,101,146
138,731,684,103,149
139,735,689,105,152
140,739,690,101,146
141,737,686,101,146
142,744,684,101,146
143,751,691,101,146
144,756,691,105,152
145,763,689,101,146
146,767,690,101,146
147,770,694,97,141
148,766,694,101,146
149,768,696,101,146
150,774,696,103,149
151,778,695,105,152
152,778,695,105,152
153,771,687,109,159
154,775,692,105,152
155,784,690,101,146
156,785,691,103,149
157,786,690,101,146
158,791,694,105,152
159,795,698,101,146
160,789,692,105,152
161,782,689,107,155
162,782,688,112,162
163,782,687,116,168
164,781,689,114,165
165,779,688,109,159
166,780,691,107,155
167,781,693,105,152
168,781,690,105,152
169,778,689,107,155
170,781,691,105,152
171,781,691,101,146
172,777,689,101,146
173,777,690,101,146
174,780,687,105,152
175,778,683,109,159
176,776,681,109,159
177,776,681,109,159
178,775,681,107,155
179,777,686,103,149
180,770,678,107,155
181,768,678,107,155
182,772,681,103,149
183,769,677,105,152
184,769,676,101,146
185,773,675,97,141
186,773,668,101,146
187,771,661,105,152
188,771,657,101,146
189,777,655,97,141
190,775,650,101,146
191,777,649,97,141
192,777,641,97,141
193,779,635,97,141
194,781,636,93,135
195,780,631,95,138
196,782,625,95,138
197,782,623,92,133
198,780,619,92,133
199,776,613,92,133
200,774,609,92,133
201,775,603,90,130
202,770,594,88,127
203,766,587,92,133
204,764,585,92,133
205,758,580,88,127
206,752,570,88,127
207,755,574,84,122
208,757,575,86,125
209,746,567,84,122
210,741,555,88,127
211,744,554,90,130
212,741,550,92,133
213,737,540,92,133
214,731,528,92,133
215,723,516,88,127
216,723,503,92,133
217,728,499,90,130
218,726,491,90,130
219,724,481,90,130
220,717,469,92,133
221,713,464,88,127
222,713,461,84,122
223,711,455,84,122
224,707,441,88,127
225,700,430,90,130
226,701,427,88,127
227,704,430,84,122
228,702,423,86,125
229,694,411,86,125
230,699,409,86,125
231,705,414,83,120
232,698,408,86,125
233,692,393,90,130
234,690,379,90,130
235,684,372,86,125
236,683,367,88,127
237,697,366,84,122
238,703,361,88,127
239,711,359,88,127
240,717,360,84,122
241,722,351,88,127
242,726,347,86,125
243,725,338,83,120
244,722,324,84,122
245,725,322,84,122
246,727,322,84,122
247,724,316,84,122
248,722,310,84,122
249,720,308,84,122
250,721,311,84,122
251,721,312,81,118
252,715,305,83,120
253,710,299,80,115
254,711,300,81,118
255,711,302,81,118
256,703,296,80,115
257,700,290,81,118
258,701,293,80,115
259,702,298,78,113
260,698,293,81,118
261,695,289,81,118
262,692,287,81,118
263,693,288,80,115
264,691,286,80,115
265,693,284,80,115
266,692,281,81,118
267,693,280,80,115
268,694,279,81,118
269,694,275,81,118
270,693,270,83,120
271,700,276,80,115
272,705,279,80,115
273,706,276,78,113
274,709,273,75,109
275,709,265,75,109
276,709,251,78,113
277,717,235,81,118
278,714,224,78,113
279,710,207,81,118
280,718,190,84,122
281,734,179,86,125
282,736,175,90,130
283,738,177,86,125
284,733,182,84,122
285,732,185,81,118
286,725,180,81,118
287,718,172,84,122
288,718,172,84,122
289,715,170,86,125
290,716,172,84,122
291,710,166,84,122
292,709,162,86,125
293,713,167,84,122
294,712,165,88,127
295,710,159,88,127
296,706,157,88,127
297,702,151,88,127
298,703,132,86,125
299,726,109,90,130
300,739,105,92,133
301,747,111,92,133
302,746,110,93,135
303,745,107,92,133
304,745,107,92,133
305,739,107,92,133
306,746,115,90,130
307,744,111,90,130
308,733,101,92,133
309,730,98,93,135
310,723,95,95,138
311,724,96,93,135
312,713,86,95,138
313,686,74,95,138
314,678,71,95,138
315,669,66,93,135
316,658,61,95,138
317,662,63,92,133
318,646,57,95,138
319,629,53,95,138
320,628,53,95,138
321,632,53,92,133
322,617,49,90,130
323,605,47,90,130
324,602,43,92,133
325,596,39,95,138
326,578,33,97,141
327,572,22,101,146
328,597,22,97,141
329,597,25,93,135
330,595,18,97,141
331,584,7,101,146
332,596,0,105,141
333,612,0,105,143
334,610,0,101,135
335,619,0,97,135
336,634,0,99,141
337,nan,nan,nan,nan
338,nan,nan,nan,nan
339,647,7,90,130
340,655,11,90,130
341,656,10,88,127
342,656,7,92,133
343,662,9,92,133
344,660,12,88,127
345,661,11,90,130
346,659,11,86,125
347,662,13,86,125
348,660,14,88,127
349,647,11,90,130
350,662,15,86,125
351,671,21,83,120
352,661,17,86,125
353,659,15,86,125
354,666,20,83,120
355,665,17,84,122
356,663,14,88,127
357,669,16,88,127
358,668,15,90,130
359,670,15,90,130
360,674,15,90,130
361,671,13,92,133
362,675,18,88,127
363,678,21,86,125
364,681,24,83,120
365,681,23,84,122
366,683,24,88,127
367,687,29,86,125
368,680,32,83,120
369,681,31,84,122
370,696,42,84,122
371,706,47,88,127
372,700,50,84,122
373,699,50,81,118
374,708,54,83,120
375,713,60,80,115
376,711,57,83,120
377,717,63,81,118
378,724,67,83,120
379,733,76,86,125
380,733,83,86,125
381,735,89,90,130
382,736,96,88,127
383,734,96,88,127
384,730,99,92,133
385,732,110,88,127
386,737,124,84,122
387,744,128,81,118
388,746,123,81,118
389,743,115,84,122
390,737,133,81,118
391,730,164,84,122
392,728,175,81,118
393,730,178,80,115
394,737,190,80,115
395,737,200,80,115
396,740,216,76,111
397,748,221,75,109
398,753,229,76,111
399,753,232,78,113
400,755,238,80,115
401,760,254,76,111
402,760,261,75,109
403,761,265,76,111
404,765,270,76,111
405,768,282,76,111
406,771,297,76,111
407,771,302,76,111
408,773,308,75,109
409,773,310,78,113
410,777,310,81,118
411,777,325,84,122
412,779,335,84,122
413,785,340,81,118
414,787,343,78,113
415,792,352,78,113
416,796,365,76,111
417,797,380,76,111
418,798,388,78,113
419,804,392,78,113
420,811,387,76,111
421,812,383,78,113
422,817,391,76,111
423,819,394,78,113
424,822,393,81,118
425,831,392,78,113
426,832,396,78,113
427,838,397,75,109
428,848,407,78,113
429,854,424,75,109
430,848,422,78,113
431,843,419,75,109
432,839,418,75,109
433,842,420,76,111
434,841,416,78,113
435,837,412,81,118
436,837,411,84,122
437,842,415,83,120
438,847,419,81,118
439,846,417,83,120
440,845,416,81,118
441,846,415,83,120
442,848,415,83,120
443,849,412,81,118
444,845,410,80,115
445,848,411,81,118
446,847,410,83,120
447,847,410,83,120
448,845,410,80,115
449,843,404,81,118
450,844,403,83,120
