1.0
1.0
0.8744290407885247
0.8699240673489601
0.9769230769230769
0.9043743641912513
0.8775823111684958
0.857872340425532
0.9778486620591884
0.9554023389771339
0.907864596589463
0.8525415198792149
0.8633492659610789
0.961702498041605
0.926391382405745
0.9216636897167645
0.946969696969697
0.9043310714584905
0.8403851765392472
0.8812976528629093
0.9280575539568345
0.8516129032258064
0.9272809056151136
0.9784227321075825
0.9198042969580941
0.9238272844642089
0.8823529411764706
0.9017746595130004
0.9449385853451927
0.8788541873881043
0.821917808219178
0.8272830213814694
0.8170723915404766
0.7136032185064118
0.8256731030731574
0.8276093823509645
0.7947827226846693
0.8606975606346544
0.847159446491899
0.8338753200027675
0.809024064171123
0.7843674155205675
0.8353658536585366
0.8001402077624116
0.8752178459393517
0.9341360800812418
0.9026567481402763
0.9214023995976722
0.948521514999642
0.9370277078085643
0.918630440809537
0.9333844331405476
0.9651785714285714
0.9619727544255846
0.9688210696207175
0.9557099435518889
0.8653928724774581
0.8271462553160815
0.9336099585062241
0.9340809213517199
0.9542102028272895
0.9712230215827338
0.9052631578947369
0.9336117828094087
0.8814560439560439
0.881819431084238
0.8092062246632666
0.8550922761449077
0.8850566954643628
0.8639277770508963
0.846710143991735
0.9377703362634296
0.9317592657465144
0.9241475808233302
0.8903388760260997
0.9408378153170215
0.8974322191938029
0.8939027074620295
0.943954172472519
0.9710711493354183
0.9434992976432027
0.9555179313529322
0.8969984884474196
0.9742502272038777
0.9485023646873357
0.9536316947909024
0.9594701605355986
0.9153643045743238
0.9432686013528256
0.9396255522053152
0.945643542914892
0.9390913629555666
0.9030619648817297
0.8752520887352349
0.9317633291889125
0.9298553266111355
0.9464285714285714
0.8949879108671502
0.8956510382656393
0.9279063580739558
0.9327731092436975
0.936403931393332
0.8819982773471146
0.8924910607866507
0.8967214086678129
0.9535836177474403
0.913013698630137
0.905682079595123
0.9329198254077647
0.8723404255319149
0.8494104435710275
0.8813844086021505
0.8445689797263887
0.9001715265866209
0.9559585492227979
0.9290367364374199
0.8719253159909792
0.8520870678617157
0.9287724615717687
0.9698299506308283
0.8733651330973996
0.8371036441079035
0.8233099317590457
0.8739059486723039
0.8990064529345488
0.9049190471279778
0.900825629109606
0.9354856037816932
0.9191286183228887
0.8811959087332809
0.9011521534886021
0.985610755172776
0.866171893703615
0.9008371536774965
0.9227956761339551
0.9022723575031184
0.9223407765922341
0.9638218406823122
0.9404032527570458
0.9289735816370723
0.9767830298981126
0.8893784666424758
0.8807052318606228
0.927837282267662
0.8698135742846757
0.8824794573429658
0.9212435233160622
0.8520024395202277
0.7804301583549988
0.8431097972096883
0.9291652810109744
0.9299384256947911
0.9311524481505239
0.9226962181935553
0.9209470966324232
0.8892599375201982
0.914366750299989
0.8521063002609576
0.9044457428161683
0.8952390672041639
0.9115169274239967
0.9439641370477105
0.9097678493210688
0.8669632025879499
0.8557951482479784
0.8851472606354903
0.879188441438672
0.8739204633603972
0.9226817772599692
0.9227321237993596
0.8731958221802341
0.904209916223194
0.8747514910536779
0.8309274067919825
0.7989042207792207
0.9085010813508567
0.9159229685298262
0.8788288522544074
0.8970042348512574
0.8965142795091758
1.0
0.9496988623689494
0.9140863497601396
0.9064978902953587
0.9483747609942639
0.9482615402871721
0.8930789707187222
0.8842965822641081
0.9093974131061117
0.8822295474977525
0.8798391151332328
0.8607043446690064
0.9198263755904507
0.9003903790454603
0.9333288254783961
0.9206604913411196
0.8901098901098901
0.9099380864236931
0.9097978227060654
0.9310908348086613
0.9167746953590874
0.9186801766692647
0.9173840421431325
0.9114219114219114
0.9606122583624728
0.8753930817610063
0.9743380855397149
0.9626168224299065
0.8911747740819074
0.908006344390042
0.9467670201847417
0.9493910121797564
0.9077894736842105
0.9311555269002078
0.9137775932461422
0.9135211267605634
0.9227554503029881
0.8237950835537776
0.8770338757001868
0.8855116514690983
0.8566452304394426
0.8413619167717529
0.8126003705991353
0.862992125984252
0.8397456279809221
0.7465091299677766
0.7922841543169137
0.8419529837251356
0.8198017317103777
0.7967073170731708
0.8460947010956622
0.8463782823798046
0.829429702199442
0.8597572847037446
0.9276583983970151
0.9862955032119914
0.979381443298969
0.9929272187999088
0.9611898675342784
0.9587873045949786
0.9739776951672863
0.9261513034332507
0.989164860810135
0.8351713418695877
0.8925279914692665
0.8830444611906556
0.8159612550010529
0.9196158909625959
0.8364925481117059
0.8713999691975974
0.8379605889678412
0.8257587311270398
0.8625862586258626
0.8878048780487805
0.8985507246376812
0.8406955981678441
0.8309542786754583
0.8323094425483504
0.830100384934712
0.8340656706878645
0.885626351688571
0.9073830691921144
0.9140992814074502
0.8620208487236313
0.8592221613584787
0.9213870886289033
0.9029850746268657
0.9218369574343044
0.8583548199284704
0.8950276243093923
0.870156807433834
0.883457005674378
0.8789313493405478
0.8806357172731075
0.9087168938030342
0.9595079446437724
0.9183962264150943
0.921518595840099
0.860663082437276
0.874274661508704
0.876796437487349
0.9075225677031094
0.92076200993926
0.8641063515509602
0.8470541820094687
0.8828730039065177
0.8573632448415505
0.8355500229312717
0.8061611679207666
0.8401622718052738
0.873972602739726
0.9046125091782925
0.8806436282164437
0.9040668839450191
0.9083969465648855
0.870354609929078
0.9049520766773163
0.8782420261393648
0.8230500582072177
0.8738905325443787
0.8978176496786918
0.85
0.8822842310188189
0.9502680965147453
0.8761904761904762
0.8757865937072503
0.8964989477711881
0.929456252444908
0.8979140944830724
0.9612869474234894
0.9552084677939847
0.9123073035127622
0.9271337006634431
0.9298704458366279
0.8566820276497696
0.9147575299453424
0.9158134243458476
0.8376022672584353
0.795626759038753
0.8360915396799389
0.8237109562070983
0.833612718325853
0.8152560083594567
0.8907309721175584
0.7973299695154
0.7088279301745636
0.8249027237354085
0.8198580875609403
0.8131054396423248
0.8986792364773417
0.7793894782420437
0.7140967997884158
0.7555968723734814
0.7550895878404615
0.7938978829389788
0.762386724726374
0.7213306098628538
0.7278723278958836
0.8189214175654853
0.7801943544655252
0.8167949014298451
0.7774191423489889
0.8257137153124376
0.8180649414867315
0.8067803317613692
0.8142181987618984
0.777235354573484
0.8133246244284781
0.8491457651762996
0.8453764884633052
0.8105307233329844
0.8350648883776108
0.8575354512476641
0.860628709606507
0.8470993299026323
0.8575354512476641
0.7835640441562993
0.8213102490114352
0.826133909287257
0.7516769428823091
0.764179104477612
0.7500689464975179
0.7413216587955462
0.7644399624439266
0.8119045860719297
0.8272748144179995
0.7882660470519895
0.8402860548271752
0.8285260049965932
0.8290256759054583
0.8729426659432086
0.8495575221238938
0.8567008922566471
0.8659440958357102
0.8588066139468009
0.9300611116500146
0.8806474034356072
0.8329494856440964
0.8227769638228333
0.8349827253030392
0.8941474882454838
0.8939193028982761
0.8048189778302179
0.8932557667591152
0.8491085474567384
0.8633606849803782
0.8875681030212976
0.8690968222779321
0.8805725455577275
0.8149301143583227
0.9095981301364698
0.8372308404723315
0.8972641433298362
0.9384242626785864
0.954940057875155
0.9047120418848168
0.9118664080290124
0.9056917324470295
0.8236542835481425
0.8576732673267327
0.874051593323217
0.8812830941600798
0.9068845562656743
0.9119935820296831
0.8883359253499222
0.7990901085999413
0.8994901675163874
0.874444274107006
0.8616176470588235
0.8720276048308454
0.8532103210321033
0.887797506611258
0.9408904421820392
0.9025052822215515
0.8413553816624834
0.8885755658867465
0.883018047401609
0.8899543036931605
0.8748193119398671
0.8579132959966812
0.8418563804634196
0.8912553757935695
0.9266666666666666
0.8853450072962268
0.9112762237762237
0.9410516744961358
0.8874172185430463
0.8913608562691131
0.9539978094194962
0.907654097990517
0.9202594429607021
0.8819950477538027
0.9577520924671183
0.8578532946539578
0.8746314755018952
0.921452336178215
0.9157232704402516
0.8496376811594203
0.8840805902383655
0.831175836030205
0.8835591623795377
0.8886594897507742
0.8629078420148827
0.8537151189766023
0.9435466338140445
0.8779150471960022
0.8503574374484465
0.8766859344894027
0.8626784500339905
0.9090646651270208
