1,716,367,85,123
2,724,368,88,124
3,727,361,90,141
4,726,351,87,136
5,728,340,91,131
6,729,338,90,143
7,735,339,87,141
8,729,334,89,142
9,730,337,89,123
10,734,338,89,127
11,727,343,88,128
12,719,348,87,138
13,723,367,87,137
14,733,377,88,132
15,736,372,87,131
16,741,364,88,136
17,747,366,91,133
18,752,364,86,131
19,750,355,93,147
20,756,359,91,148
21,764,362,89,140
22,764,360,88,149
23,768,360,92,146
24,770,357,93,144
25,770,355,95,146
26,780,354,91,146
27,777,356,92,147
28,780,355,96,151
29,782,356,96,150
30,780,352,97,155
31,776,347,96,156
32,780,350,91,155
33,774,352,95,157
34,764,351,92,160
35,768,349,91,154
36,771,355,95,158
37,767,359,95,160
38,767,362,95,151
39,767,362,94,152
40,767,362,93,153
41,766,355,93,159
42,756,353,97,161
43,758,352,97,165
44,757,358,97,158
45,766,365,92,149
46,759,368,96,146
47,758,366,96,148
48,760,368,96,144
49,764,371,97,143
50,768,374,92,146
51,770,379,94,153
52,776,390,98,145
53,781,400,93,144
54,779,406,96,142
55,779,409,94,143
56,786,413,94,147
57,789,425,91,153
58,794,443,91,148
59,792,453,93,138
60,787,454,93,136
61,786,456,94,137
62,785,462,92,135
63,780,466,94,137
64,778,466,100,136
65,775,463,102,145
66,781,462,96,154
67,776,465,97,160
68,778,471,92,160
69,771,475,101,149
70,771,474,97,160
71,769,476,95,164
72,772,481,94,155
73,775,488,93,156
74,776,495,89,152
75,767,500,96,147
76,770,511,92,141
77,765,519,96,138
78,760,522,100,133
79,765,519,90,140
80,771,522,93,138
81,779,534,92,134
82,779,549,96,133
83,771,556,98,140
84,777,557,101,133
85,777,561,99,134
86,769,565,100,133
87,773,570,101,136
88,776,580,104,126
89,776,584,103,130
90,771,582,106,133
91,771,584,103,130
92,771,591,105,132
93,768,597,105,126
94,768,600,106,123
95,765,601,107,129
96,768,612,106,126
97,773,621,113,130
98,775,629,119,127
99,765,631,120,126
100,767,634,116,127
101,771,638,120,131
102,776,641,120,128
103,769,646,122,127
104,773,655,124,127
105,773,665,128,129
106,776,670,127,126
107,759,671,133,129
108,748,671,130,130
109,751,677,134,130
110,750,682,142,130
111,751,681,134,123
112,750,673,132,128
113,755,681,135,125
114,762,684,132,127
115,766,676,125,134
116,757,672,133,139
117,761,681,137,132
118,760,683,140,135
119,762,681,137,133
120,765,681,135,137
121,769,692,143,131
122,763,695,152,133
123,760,695,147,129
124,759,691,145,136
125,763,694,140,133
126,763,700,142,129
127,758,697,146,132
128,763,698,137,128
129,761,701,146,131
130,757,705,148,127
131,752,696,149,133
132,758,694,140,137
133,746,700,153,133
134,743,700,148,130
135,740,695,139,128
136,728,693,138,126
137,714,688,139,128
138,711,687,136,129
139,717,695,134,125
140,720,693,136,129
141,719,686,134,135
142,721,686,140,136
143,728,690,145,134
144,735,692,140,133
145,737,690,143,133
146,747,693,137,125
147,750,691,138,132
148,744,693,145,134
149,740,695,153,135
150,748,701,150,126
151,757,699,141,127
152,756,700,142,126
153,749,696,145,129
154,754,694,142,129
155,762,691,139,131
156,762,692,142,129
157,764,691,140,131
158,771,699,143,127
159,771,700,144,128
160,761,699,152,128
161,764,695,144,129
162,765,695,141,131
163,766,701,144,124
164,758,698,152,131
165,757,698,149,126
166,760,698,146,128
167,758,696,150,131
168,757,695,147,128
169,759,693,142,133
170,760,693,141,132
171,759,696,145,126
172,754,692,144,130
173,754,691,148,129
174,756,696,146,125
175,751,695,150,123
176,761,691,136,126
177,756,687,144,134
178,757,687,144,130
179,755,686,143,132
180,754,687,142,127
181,756,683,132,132
182,753,684,138,129
183,753,679,136,132
184,755,674,128,133
185,759,671,129,131
186,763,666,126,130
187,757,660,130,136
188,756,659,131,131
189,761,656,124,128
190,761,654,127,127
191,760,652,122,124
192,762,644,126,126
193,764,635,119,130
194,767,632,118,132
195,766,630,112,128
196,768,624,115,126
197,766,621,113,128
198,764,618,113,131
199,761,615,114,129
200,763,611,110,128
201,761,599,113,135
202,754,589,112,135
203,751,586,114,135
204,750,584,113,137
205,742,573,110,140
206,737,568,109,130
207,746,565,103,142
208,742,569,105,137
209,729,557,110,144
210,729,553,104,136
211,735,552,107,136
212,729,550,105,137
213,726,540,102,141
214,721,528,102,134
215,715,511,98,146
216,715,500,96,146
217,720,496,100,144
218,715,489,103,149
219,716,480,98,154
220,708,469,100,149
221,706,460,97,152
222,702,455,98,159
223,701,444,97,162
224,705,432,95,160
225,692,421,101,158
226,691,417,97,168
227,696,420,100,169
228,692,411,102,165
229,689,400,98,165
230,690,398,99,168
231,695,405,99,160
232,689,402,100,160
233,686,389,99,158
234,684,377,95,156
235,674,368,101,139
236,680,361,97,144
237,691,362,96,141
238,697,360,97,135
239,706,360,96,131
240,709,359,97,131
241,719,352,94,134
242,717,345,96,141
243,719,336,93,130
244,713,325,101,135
245,721,322,92,141
246,719,322,93,141
247,714,317,97,144
248,712,312,98,134
249,710,308,98,142
250,713,311,93,138
251,709,310,98,139
252,706,306,95,139
253,699,296,95,140
254,700,299,93,135
255,704,300,93,139
256,693,295,94,138
257,689,289,97,142
258,692,291,93,139
259,691,295,95,137
260,693,295,91,135
261,684,291,93,129
262,682,287,96,136
263,682,289,94,125
264,682,287,91,131
265,685,285,97,133
266,684,283,90,133
267,683,282,92,127
268,689,280,90,132
269,684,278,89,127
270,690,275,91,128
271,695,276,94,128
272,698,282,94,124
273,696,277,94,128
274,699,272,95,128
275,698,268,93,123
276,698,254,101,118
277,707,236,98,132
278,702,226,100,128
279,696,212,102,129
280,703,196,114,127
281,722,188,114,124
282,723,182,115,125
283,719,187,116,120
284,718,189,120,126
285,714,188,118,127
286,709,184,115,123
287,701,177,117,127
288,704,177,116,127
289,697,177,119,128
290,701,178,114,126
291,694,175,118,120
292,694,171,120,124
293,701,174,118,124
294,700,174,115,119
295,695,172,118,118
296,690,169,117,118
297,685,166,120,111
298,687,144,130,109
299,701,124,145,113
300,714,123,141,110
301,725,126,137,112
302,720,127,138,109
303,720,126,137,106
304,724,125,138,104
305,712,124,140,105
306,722,131,134,103
307,713,127,141,107
308,705,122,147,102
309,706,117,140,104
310,695,114,146,101
311,701,115,152,99
312,688,109,151,100
313,651,95,169,100
314,644,94,167,93
315,635,89,168,96
316,623,84,170,92
317,631,84,179,91
318,607,82,177,89
319,592,80,174,88
320,597,78,177,89
321,599,78,182,91
322,576,75,187,87
323,567,72,187,86
324,564,71,196,84
325,557,70,184,83
326,537,68,186,78
327,531,59,211,77
328,546,56,214,80
329,543,54,220,80
330,539,50,236,82
331,529,46,239,74
332,530,27,299,81
333,563,16,340,86
334,564,20,327,82
335,575,19,329,86
336,593,22,315,86
337,588,24,308,85
338,593,24,308,84
339,601,24,308,90
340,611,29,280,87
341,618,28,290,88
342,618,29,280,88
343,621,30,281,90
344,619,28,281,91
345,631,29,277,91
346,621,30,277,90
347,634,29,274,94
348,617,30,282,92
349,604,29,291,88
350,629,33,274,89
351,639,34,260,96
352,630,33,266,92
353,621,32,268,90
354,633,34,269,90
355,629,33,262,89
356,624,33,268,90
357,641,34,256,95
358,626,34,264,93
359,633,36,269,90
360,639,34,257,98
361,632,36,255,93
362,644,36,252,96
363,635,37,252,95
364,650,38,246,97
365,650,40,238,93
366,660,44,234,92
367,656,44,235,98
368,641,44,234,98
369,657,46,227,102
370,667,57,198,100
371,682,65,196,99
372,675,67,193,96
373,674,64,192,101
374,687,69,183,98
375,688,74,180,101
376,679,71,190,101
377,693,76,180,101
378,698,82,174,101
379,714,94,156,102
380,708,99,149,104
381,709,108,150,100
382,709,114,147,101
383,706,117,142,98
384,711,121,138,102
385,708,127,131,104
386,717,140,125,102
387,726,142,128,104
388,730,132,126,111
389,721,128,136,113
390,717,144,129,111
391,714,176,115,109
392,710,185,115,112
393,715,186,108,112
394,722,198,107,107
395,726,208,109,110
396,722,219,107,112
397,733,226,104,112
398,742,232,99,115
399,740,238,99,121
400,744,241,98,125
401,748,253,95,127
402,746,258,100,129
403,750,264,97,124
404,753,270,98,125
405,756,279,98,131
406,757,291,97,134
407,761,298,94,130
408,760,300,95,137
409,761,302,98,141
410,768,304,95,140
411,768,320,93,139
412,772,331,95,137
413,773,333,97,138
414,773,332,96,139
415,778,340,93,141
416,787,351,90,141
417,786,365,94,145
418,786,375,89,143
419,790,374,95,148
420,796,370,96,153
421,798,366,98,152
422,803,373,96,155
423,807,379,94,151
424,815,375,92,153
425,818,377,95,144
426,821,380,92,143
427,822,377,95,144
428,838,390,93,143
429,842,408,91,140
430,838,406,91,147
431,831,401,91,145
432,828,401,90,149
433,833,404,88,139
434,829,399,94,155
435,830,399,88,155
436,833,398,90,150
437,833,403,91,151
438,838,402,90,159
439,836,403,93,154
440,836,401,91,164
441,837,401,92,151
442,840,404,92,147
443,838,399,92,150
444,834,394,94,160
445,838,397,92,151
446,839,398,90,157
447,841,398,88,159
448,832,395,95,151
449,830,387,97,154
450,836,389,93,150
