1,1602,373,255,180
2,1598,362,264,191
3,1602,372,265,176
4,1608,369,256,183
5,1597,365,270,195
6,1587,364,286,188
7,1592,371,285,186
8,1595,371,283,196
9,1593,369,284,184
10,1590,373,282,178
11,1586,369,294,190
12,1590,374,286,181
13,1591,369,284,187
14,1591,369,282,176
15,1584,376,298,185
16,1576,364,314,188
17,1572,372,314,191
18,1573,357,311,198
19,1569,363,311,199
20,1569,358,312,202
21,1566,364,310,197
22,1572,356,297,199
23,1579,360,289,207
24,1569,358,302,203
25,1571,352,299,207
26,1557,349,314,214
27,1559,361,305,203
28,1550,349,315,213
29,1548,355,310,206
30,1546,354,312,214
31,1549,355,303,208
32,1540,358,311,204
33,1542,355,299,216
34,1532,355,309,200
35,1533,366,309,203
36,1531,348,304,220
37,1527,350,311,217
38,1507,356,327,200
39,1514,347,318,210
40,1508,348,324,219
41,1506,351,316,217
42,1502,355,322,206
43,1496,351,327,205
44,1478,337,351,228
45,1482,330,343,230
46,1480,330,338,240
47,1475,323,349,242
48,1478,324,334,247
49,1474,320,340,251
50,1477,333,335,236
51,1470,332,341,241
52,1471,354,339,222
53,1471,341,331,235
54,1473,338,328,235
55,1478,350,316,236
56,1463,345,327,231
57,1458,345,321,231
58,1457,341,314,229
59,1459,353,315,219
60,1465,358,306,209
61,1464,357,302,221
62,1459,349,304,224
63,1458,350,301,229
64,1448,360,306,218
65,1452,364,300,212
66,1450,361,296,213
67,1454,373,295,213
68,1453,364,282,212
69,1443,370,289,202
70,1441,363,297,212
71,1423,373,312,204
72,1420,372,314,209
73,1432,367,300,221
74,1432,365,295,235
75,1436,367,281,237
76,1431,361,274,252
77,1420,359,283,246
78,1412,354,277,247
79,1420,356,274,261
80,1399,318,283,266
81,1419,334,254,274
82,1420,340,238,266
83,1423,330,232,275
84,1412,322,246,284
85,1409,292,241,331
86,1372,290,283,344
87,1346,268,306,373
88,1319,255,344,406
89,1314,249,349,434
90,1318,245,349,436
91,1299,254,379,426
92,1297,232,392,448
93,nan,nan,nan,nan
94,1293,227,388,468
95,1285,224,397,465
96,1279,219,414,467
97,1279,213,417,476
98,1293,204,409,485
99,nan,nan,nan,nan
100,1290,195,428,505
101,nan,nan,nan,nan
102,1271,192,453,491
103,1271,183,465,491
104,1270,178,456,494
105,nan,nan,nan,nan
106,1259,174,464,497
107,1245,172,473,480
108,1246,166,470,496
109,1239,167,445,493
110,1232,165,448,504
111,1227,162,444,525
112,nan,nan,nan,nan
113,1187,170,474,495
114,1153,180,496,500
115,1129,182,546,488
116,1107,186,574,423
117,1082,194,595,312
118,1116,143,602,367
119,1096,154,577,291
120,1204,152,545,284
121,1312,201,463,277
122,1297,196,451,300
123,1283,175,490,266
124,1216,114,516,291
125,1291,128,437,308
126,1266,142,422,336
127,1251,149,403,345
128,1191,139,412,332
129,1150,128,402,321
130,1151,149,385,326
131,1165,236,275,317
132,1166,267,270,314
133,1141,269,267,305
134,1120,259,264,299
135,1103,266,260,292
136,1088,322,275,280
137,1073,344,302,257
138,1043,354,318,247
139,1007,347,345,261
140,992,347,344,268
141,966,346,329,264
142,962,335,338,260
143,951,333,334,257
144,932,347,345,283
145,931,383,349,261
146,909,378,343,273
147,880,367,350,267
148,881,364,349,275
149,878,380,381,277
150,898,378,382,289
151,902,377,372,289
152,875,392,348,286
153,865,394,370,275
154,853,391,396,278
155,880,384,415,289
156,881,372,394,289
157,859,361,368,296
158,847,357,398,293
159,832,347,427,316
160,845,362,455,294
161,848,339,441,307
162,845,355,449,285
163,843,336,448,298
164,833,316,459,316
165,850,296,469,333
166,861,282,438,333
167,811,259,443,331
168,807,248,446,337
169,782,272,463,325
170,795,250,475,356
171,792,243,467,350
172,759,258,471,303
173,759,261,479,299
174,753,241,487,313
175,755,233,494,329
176,751,232,484,321
177,723,257,464,299
178,709,273,486,284
179,707,277,500,284
180,707,263,501,265
181,711,254,501,273
182,703,265,515,272
183,710,262,504,272
184,708,257,511,270
185,720,253,503,273
186,723,240,527,262
187,730,230,536,269
188,732,224,538,283
189,736,226,529,281
190,744,217,523,288
191,749,216,509,295
192,753,223,510,279
193,758,223,505,280
194,763,218,495,293
195,779,213,483,294
196,773,202,483,306
197,777,215,484,293
198,769,217,499,290
199,770,228,499,286
200,769,224,496,292
201,766,208,497,318
202,776,227,491,288
203,779,215,491,300
204,780,209,494,329
205,791,211,484,323
206,810,210,494,307
207,812,222,492,306
208,813,229,489,299
209,808,221,493,312
210,809,220,487,304
211,827,219,472,315
212,812,216,481,313
213,827,232,464,288
214,822,218,466,298
215,833,224,460,306
216,836,211,457,322
217,831,211,459,324
218,835,222,458,293
219,841,221,452,299
220,838,231,459,282
221,838,228,453,279
222,837,225,458,275
223,847,233,453,280
224,842,232,463,280
225,847,227,454,279
226,843,231,459,271
227,843,238,461,262
228,837,238,466,268
229,834,227,465,273
230,832,231,460,272
231,833,222,462,293
232,832,221,462,286
233,834,237,454,270
234,844,236,439,277
235,844,236,435,275
236,846,233,434,274
237,1077,226,304,244
238,933,179,454,341
239,835,124,553,393
240,816,108,565,431
241,849,134,559,412
242,767,88,653,434
243,766,96,654,446
244,767,107,646,429
245,766,153,642,377
246,752,173,651,357
247,765,200,621,323
248,766,188,622,355
249,745,169,652,376
250,735,201,662,364
251,741,209,639,334
252,757,206,621,339
253,753,210,607,341
254,765,177,592,352
255,816,206,549,364
256,840,265,526,342
257,857,295,521,326
258,830,314,535,312
259,819,355,543,296
260,813,389,546,274
261,809,369,533,303
262,813,367,472,311
263,747,338,422,324
264,792,257,509,425
265,787,226,508,453
266,729,244,523,437
267,708,240,522,439
268,689,200,564,486
269,687,182,599,461
270,693,169,585,489
271,731,152,545,551
272,736,151,565,552
273,742,153,582,507
274,762,162,589,420
275,704,258,605,392
276,701,287,621,406
277,757,200,636,420
278,706,197,694,448
279,685,149,701,516
280,681,170,728,513
281,692,182,716,503
282,677,177,729,506
283,679,163,732,511
284,678,152,735,505
285,685,159,731,447
286,690,155,726,459
287,719,161,703,495
288,736,175,698,419
289,nan,nan,nan,nan
290,728,156,711,505
291,762,166,687,484
292,726,143,731,524
293,758,169,700,482
294,735,134,733,529
295,748,152,719,503
296,767,149,710,507
297,816,173,670,467
298,831,172,663,490
299,818,165,687,485
300,992,243,525,333
301,1021,224,515,369
302,1172,225,379,371
303,1168,204,374,429
304,1285,240,270,372
305,1283,252,276,338
306,1295,245,261,345
307,1315,257,259,301
308,1308,260,264,344
309,1317,276,267,318
310,1331,294,254,287
311,1259,273,314,321
312,1336,304,266,275
313,1345,299,260,283
314,1334,287,250,308
315,1356,294,256,297
316,1349,293,271,300
317,1360,295,267,306
318,1374,290,255,320
319,1502,422,193,230
320,1451,463,256,208
321,1380,359,329,277
322,1378,316,328,330
323,1380,312,344,337
324,1399,318,369,350
325,1414,308,365,381
326,1425,307,359,389
327,1430,301,365,398
328,1409,295,398,420
329,1421,299,403,416
330,1438,302,395,414
331,1461,299,375,419
332,1490,298,357,398
333,1498,303,363,392
334,1543,298,318,356
335,1560,287,274,354
336,1588,289,226,311
337,1591,288,223,313
338,1596,288,232,312
339,1614,285,215,312
340,1619,287,221,313
341,1620,289,232,309
342,1632,288,218,300
343,1635,288,222,301
344,1642,289,223,296
345,1656,286,215,300
346,1660,287,221,302
347,1659,289,229,303
348,1670,285,221,306
349,1679,289,223,297
350,1680,286,233,299
351,1691,286,228,302
352,1701,289,223,290
353,1700,284,225,288
354,1703,286,223,292
355,1707,288,225,288
356,1714,284,215,301
357,1718,288,220,287
358,1714,283,219,287
359,1712,279,227,297
