1,1737,1396,99,82
2,1736,1403,99,82
3,1736,1403,99,82
4,1736,1405,99,82
5,1735,1414,101,83
6,1734,1415,101,83
7,1733,1416,103,85
8,1732,1425,105,87
9,1732,1426,105,87
10,1732,1430,105,87
11,1728,1440,108,89
12,1726,1440,110,91
13,1724,1442,112,93
14,1719,1454,112,93
15,1716,1456,115,95
16,1713,1459,117,97
17,1705,1471,117,97
18,1702,1474,117,97
19,1696,1484,117,97
20,1692,1492,117,97
21,1687,1494,120,99
22,1683,1505,120,99
23,1680,1513,120,99
24,1676,1517,120,99
25,1671,1526,120,99
26,1669,1535,120,99
27,1666,1536,123,102
28,1660,1544,125,104
29,1650,1552,128,106
30,1645,1560,131,108
31,1637,1566,134,111
32,1630,1578,134,111
33,1626,1585,134,111
34,1620,1596,134,111
35,1614,1608,134,111
36,1608,1615,134,111
37,1602,1623,137,113
38,1591,1637,137,113
39,1586,1643,137,113
40,1579,1657,137,113
41,1568,1666,134,111
42,1581,1664,131,109
43,1577,1672,128,106
44,1575,1685,126,104
45,1560,1697,126,104
46,1557,1707,126,104
47,1544,1718,126,104
48,1608,1685,123,102
49,1614,1690,126,104
50,1607,1704,126,104
51,1601,1718,126,104
52,1593,1723,126,104
53,1588,1730,123,102
54,1584,1736,120,100
55,1579,1742,120,100
56,1596,1735,118,97
57,1613,1722,118,97
58,1613,1725,115,95
59,1606,1740,115,95
60,1592,1755,115,95
61,1580,1762,115,95
62,1565,1778,115,95
63,1548,1791,115,95
64,1523,1817,113,93
65,1506,1831,110,91
66,1486,1853,108,89
67,1468,1860,108,89
68,1454,1875,108,89
69,1441,1891,108,89
70,1427,1893,108,89
71,1425,1900,108,89
72,1421,1907,106,87
73,1407,1918,106,87
74,1392,1930,106,87
75,1390,1939,103,86
76,1381,1934,101,84
77,1360,1945,101,84
78,1371,1928,99,82
79,1373,1923,99,82
80,1383,1923,97,80
81,1382,1927,97,80
82,1377,1924,97,80
83,1379,1928,97,80
84,1377,1925,95,78
85,1378,1922,93,77
86,1381,1922,91,75
87,1379,1931,91,75
88,1401,1908,91,75
89,1396,1909,89,74
90,1381,1919,87,72
91,1382,1919,89,74
92,1388,1920,89,74
93,1384,1915,91,75
94,1370,1914,93,77
95,1372,1897,95,79
96,1372,1892,95,79
97,1415,1847,97,80
98,1418,1850,99,82
99,1427,1849,99,82
100,1409,1864,97,80
101,1398,1875,95,79
102,1376,1887,97,80
103,1355,1896,99,82
104,1355,1912,99,82
105,1337,1914,101,84
106,1350,1939,101,84
107,1381,1920,104,86
108,1373,1921,106,88
109,1357,1893,106,88
110,1352,1886,106,88
111,1354,1881,106,88
112,1355,1887,108,90
113,1355,1887,108,90
114,1359,1888,108,90
115,1388,1891,108,90
116,1383,1887,108,90
117,1379,1891,108,90
118,1376,1902,106,88
119,1358,1910,106,88
120,1362,1924,106,88
121,1362,1926,108,90
122,1364,1936,106,88
123,1358,1932,106,88
124,1354,1919,108,90
125,1349,1916,106,88
126,1345,1888,106,88
127,1324,1861,106,88
128,1311,1855,106,88
129,1328,1824,104,86
130,1328,1819,104,86
131,1309,1811,104,86
132,1316,1812,104,86
133,1301,1814,104,86
134,1288,1815,104,86
135,1282,1822,102,84
136,1291,1824,102,84
137,1293,1828,102,84
138,1272,1827,102,84
139,1271,1831,99,82
140,1265,1831,99,82
141,1256,1827,102,84
142,1252,1830,100,82
143,1237,1831,100,82
144,1260,1831,100,82
145,1262,1813,97,81
