1.0
0.8991198375084631
0.8991198375084631
0.8505699048415769
0.8359839984388721
0.8548650858544563
0.8965693804403482
0.9108485499462943
0.8235190253376887
0.8235190253376887
0.7676056338028169
0.8534180177168644
0.8728019720624487
0.6902781388094619
0.7781426874432255
0.7522768670309654
0.6881285331746504
0.6742857142857143
0.6788376871147638
0.6458531136554035
0.6375131717597471
0.6206401313089864
0.5879494655004859
0.5497501135847342
0.5319148936170213
0.5350194552529183
0.5127669824955837
0.5085527580242168
0.5026584122359796
0.5079790989973167
0.5432790772879164
0.5022421524663677
0.47825399335758345
0.44911780431295667
0.4368932038834951
0.4090909090909091
0.41679692674526425
0.38070808024586794
0.34640537267422655
0.3353727429704321
0.31328995897393397
0.3101570009612304
0.25291800274851123
0.23582987001503228
0.23626441771052958
0.217041015625
0.1971816407405217
0.1597982910771817
0.16886214412018696
0.16324133069810512
0.14156474676995728
0.14136807817589578
0.12744192654684947
0.0970487302676733
0.08541567910430915
0.032781036059139665
0.008240431764289317
0.0
0.0
0.0
0.0
0.0
0.0
0.0
0.0
0.0
0.0
0.0
0.0
0.0
0.0
0.0
0.0
0.0
0.0
0.0
0.0
0.0
0.0
0.0
0.0
0.0
0.0
0.0
0.0
0.0
0.0
0.0
0.0
0.0
0.0
0.0
0.0
0.0
0.0
0.0
0.0
0.0
0.0
0.0
0.0
0.0
0.0
0.0
0.0
0.0
0.0
0.0
0.0
0.0
0.0
0.0
0.0
0.0
0.0
0.0
0.0
0.0
0.0
0.0
0.0
0.0
0.0
0.0
0.0
0.0
0.0
0.0
0.0
0.0
0.0
0.0
0.0
0.0
0.0
0.0
0.0
0.0
0.0
0.0
0.0
0.0
0.0
0.0
0.0
