1.0
0.9602425876010782
0.9615384615384616
1.0
0.9166666666666666
0.9667752442996743
0.9661016949152542
0.8866287765480108
0.9037864680322781
0.8978862756772849
0.9458570146574933
0.8885551216581556
0.8762347472399767
0.9626740947075209
0.8439790575916231
0.968707850013488
0.987599889776798
0.9612233752048062
0.9827586206896551
0.9528871708142064
0.9152542372881356
0.9728081321473951
0.9253695178095469
0.9231667445119103
0.8890410958904109
0.8694072223483988
0.9145496535796767
0.8280701754385965
0.9445619974608549
0.888793657595886
0.8047117172969622
0.9388627618640445
0.9332202671189316
0.9311224489795918
0.9764832793959007
0.9866220735785953
0.9423356150176312
0.9551681195516812
0.8306010928961749
0.964655340753759
0.920397078104514
0.9266440135918449
1.0
0.9227581009796534
0.9299432961404792
0.8431237042156186
0.8876227208976157
0.8764372469635627
0.9742917962993286
0.9052466718872357
0.866384047731198
0.877657935285054
0.922585794094174
0.873015873015873
0.902842532711686
0.8544969833029326
0.8369042413642326
0.8336088154269973
0.9760163790582042
0.8710725893824486
0.8069069826065036
0.9543731206693685
0.8894379246448425
0.7618008498908924
0.9074231563601021
0.8191645085012949
0.8285983732170222
0.8083780880773362
0.7468302236882796
0.8309173741975564
0.8874540682414698
0.8579004222724148
0.8225988700564971
0.7660591045832597
0.8462342102763796
0.8044280442804428
0.8108181081810818
0.8403062132811109
0.8182805581084468
0.8253648716658278
0.7403183654074602
0.8400571791613723
0.8126419675726483
0.7328990228013029
0.8126813389002902
0.8138217793390207
0.7983887915936952
0.806060606060606
0.7908975811288066
0.7462978667884402
0.8278043033422211
0.7919281985100017
0.811149576220604
0.8141951837769328
0.7742690726359068
0.7472457288839215
0.735808698513684
0.7556904400606981
0.7413499147527831
0.7046125098347757
0.7759282378508346
0.7935796269727403
0.7303109163128338
0.7998393359218101
0.719407703186091
0.7982641543373656
0.9401732178547635
0.8665059833396761
0.8725666752422605
0.8891391391391391
0.7856743144935646
0.7637756456445068
0.8175208624332939
0.842398679625894
0.8251980106833671
0.8967422585472545
0.8546795318633745
0.7851694915254237
0.847930109475821
0.7240528574808206
0.8157540627264258
0.8650678470357739
0.8548026805658973
0.78358875433144
0.8220816011184283
0.8502760636570315
0.8294700185003809
0.8409148943931711
0.8704650596542488
0.8608667185006342
0.7812618695927411
0.8232444534907388
0.7903320230827131
0.7922825791239685
0.8311218335343787
0.8558820768003005
0.8184417116667423
0.8315502036796634
0.8039961941008563
0.7818064098413726
0.8018002039639959
0.8262481910274964
0.8119414710792497
0.7734187349879904
0.865420176700226
0.8813138283190726
0.8714426986045489
0.8651017936443854
0.8293836194764987
0.9337175792507204
0.7370918224951158
0.9018958218295601
0.7811133780238997
0.8454124903623748
0.9253462603878116
0.836405844599208
0.830657246842218
0.7911172796668979
0.8740926856504746
0.8656447249774571
0.7563735419431445
0.8517731535756154
0.865210608424337
0.8495528669121515
0.9157173584003824
0.8297640957001841
0.8651548190143916
0.8721476510067114
0.90739357729649
0.9530346112363958
0.9351623408664759
0.8924219910846954
0.7638823195534954
0.7989407981842255
0.8718400331537505
0.9172661870503597
0.8450704225352113
0.8032303830623159
0.898250162022035
0.8913202042304887
0.9195652173913044
0.9081632653061225
0.8347010550996483
0.9164910432033719
0.7921236949914101
0.7486596885371458
0.7710323171529504
0.7654455986878076
0.7073643410852714
0.6167337550316274
0.6727846286205907
0.7485148514851485
0.7142182333490789
0.8469516027655563
0.786088613625536
0.7140716069941715
0.6660979355058864
0.6869409660107334
0.6461755873520579
0.5724020442930153
0.5846264886322627
