1.0
0.8349579831932773
0.8980141366543252
0.9180327868852459
0.8175565018015067
0.9075283602612582
0.9264352011000344
0.876158940397351
0.8794599807135969
0.8888888888888888
0.8592233009708737
0.9027237354085603
0.94954894754427
0.8927159796725014
0.8095771492579109
0.8555399719495091
0.8797231035477358
0.8928571428571429
0.7773778920308483
0.894681960375391
0.8662420382165605
0.9531290913851793
0.8779739063699156
0.8779739063699156
0.8293047595315226
0.8307210031347962
0.7996094703441543
0.75
0.771180787191461
0.780782761653474
0.75177304964539
0.8426051560379919
0.805183199285076
0.8602639963586709
0.8903225806451613
0.8902294771705701
0.8664517614552153
0.8045755826384434
0.7352517985611511
0.8253903873453661
0.845980311730927
0.8709677419354839
0.9136163982430454
0.8797023563455973
0.8378530016831869
0.7553116147308782
0.8155964943659453
0.7434373452204062
0.7815959028580869
0.7184325108853411
0.7634339196385348
0.7832651777288455
0.8179742293263742
0.7967964824120602
0.7993803253292022
0.7479581601948704
0.8034508627156789
0.7957266252462495
0.8575794621026895
0.7757034632034632
0.7957775071051563
0.7934229414067597
0.8018794048551292
0.7511415525114156
0.7865027596588058
0.7432068543451652
0.8761853156326199
0.8111332007952287
0.7611015490533563
0.7903606336366701
0.7948436642896325
0.7680098938472637
0.7656873784420104
0.753218020917136
0.7666666666666667
0.7880052947764994
0.79055480898445
0.8125186585729923
0.7413503229802673
0.7758149699508287
0.762106377348505
0.7640929279125385
0.8490073145245559
0.7193954659949622
0.7245540796963947
0.73
0.6862962143015275
0.7771717958706661
0.7670467247932037
0.7670467247932037
0.7183554762376892
0.7437185929648241
0.7314365909670835
0.7433808553971487
0.6997969027671997
0.6848274237248203
0.7157971989480766
0.6665380162099576
0.7129573921128918
0.7137580269364097
0.6954154581997659
0.6831305056265594
0.6943252265140677
0.6802854070960805
0.6304239851898678
0.7002166633838881
0.7066189624329159
0.655848419472845
0.6265159489268226
0.7054631828978623
0.6451832057611305
0.6092868137506413
0.5534531693472091
0.60664215587249
0.5901075438873952
0.5982881828091566
0.5634662956091527
0.5696755162241888
0.5559074115961697
0.5230171724479306
0.42509259988966824
0.5584574078594093
0.5928896238114924
0.5305557956608177
0.8350133345387154
0.7937570544506286
0.8869793772745653
0.8088102261553589
0.9061739322859039
0.8770883054892601
0.9090501121914735
0.908245361112403
0.8696500902835391
0.8434371108343711
0.827052091554854
0.8578344848454285
0.7857689364957919
0.8182088664088069
0.8180966931151742
0.8310592646599313
0.7677339549931015
0.768547418967587
0.8288308360719657
0.7429372553168977
0.7552152803713387
0.7008103727714748
0.7318383683315971
0.7426109779755792
0.6932678416642589
0.7772529069767442
0.7096774193548387
0.7521880470117529
0.688293370944993
0.695780903034789
0.7267547267547267
0.757071547420965
0.8220558808270956
0.724920690870638
0.7462614568258562
0.8752315204579896
0.7223785812224869
0.8072871287128713
0.8383605393896381
0.7965350192955086
0.840512022141498
0.8789118234566727
0.9137884144683166
0.8109391487864931
0.8624425140521206
0.8671300081766149
0.8364430329495832
0.823973091427989
0.8305922712138029
0.8305922712138029
0.8071647205532253
0.8637549631310266
0.8728763217298324
0.9209209209209209
0.8174311926605504
0.7701582516955539
0.8225461857483977
0.8877878950187467
0.8744454303460515
0.8444068274791932
0.7670399557583298
0.68425346750068
0.7422505307855626
0.738288027761712
0.7414986015015457
0.6703001343885322
0.7000895255147717
0.7578023407022106
0.7046263345195729
0.8064569263712733
0.7698584512905912
0.8015164279696715
0.7371644748693928
0.735632183908046
0.8274120829576195
0.7586206896551724
0.7553191489361702
