1.0
0.9256686349426885
0.919959812458138
0.9227082085080887
0.9348079161816065
0.9497730711043872
0.9417867435158501
0.8567134268537074
0.9168037602820212
0.9429757483067511
0.8642871965137996
0.900887573964497
0.8311134789557805
0.9045069936107754
0.9445040625479074
0.8241758241758241
0.7651006711409396
0.7371287770717158
0.7271920088790234
0.7759162303664922
0.7504266639895593
0.7822685788787483
0.7770040760869565
0.7034077555816686
0.7043598829148051
0.6718435432844406
0.6268564779960304
0.5945191575742197
0.6972608074776061
0.7270805812417437
0.724765619653733
0.6728262426586449
0.7204752934357339
0.0
0.0
0.0
0.0
0.0
0.0
0.0
0.0
0.0
0.0
0.0
0.0
0.0
0.0
0.0
0.0
0.0
0.0
0.0
0.0
0.0
0.0
0.0
0.0
0.0
0.0
0.0
0.0
0.0
0.0
0.0
0.0
0.0
0.0
0.0
0.0
0.0
0.0
0.0
0.0
0.0
