1.0
1.0
0.9311584767680371
0.9625422712910411
0.964657557586106
0.9128021460574756
0.9128021460574756
0.9128021460574756
0.9330263021771624
0.9330263021771624
0.9458569527635179
0.9458569527635179
0.9458569527635179
0.9427217854136046
0.9427217854136046
0.9470022902887476
0.9470022902887476
0.9470022902887476
0.9567087984417308
0.9567087984417308
0.9567087984417308
0.9481229107739779
0.9108944182918628
0.9108944182918628
0.9088204009179865
0.9088204009179865
0.9097166228053621
0.9097166228053621
0.8888084861442316
0.8880427504168691
0.8580823409150609
0.8682570161084363
0.8447511825230409
0.8379775497845376
0.8050001967253658
0.8040795564086639
0.7778738489473002
0.7689776429977094
0.7461388759146816
0.737849309782541
0.7527587651906691
0.7253656229215738
0.6891430966621603
0.706983666195087
0.7032665968836652
0.7229665874705222
0.7042242112510632
0.7158211174845974
0.7108247697140727
0.7090735262874046
0.7070783778156119
0.7100552938767152
0.7033345868100374
0.6844899618745691
0.6921118743211152
0.701729557067426
0.7101487778958555
0.7101487778958555
0.7050746382041251
0.7297126228134034
0.7211228820791753
0.7127927927927928
0.7093226816579136
0.7129663876544193
0.7075110703284737
0.710768878456518
0.71530623948616
0.7027826426118678
0.689577729611156
0.691594145310119
0.6776807343198202
0.6587788135935224
0.6429335224537641
0.6057928186139249
0.5984921215582005
0.5919589148407289
0.5897733285586775
0.6115217569450135
0.6021283862341588
0.6224604638533348
0.6022899653747098
0.5991412565831404
0.5998590797798075
0.6006999846543248
0.5843076525075993
0.5831473067038192
0.5766522112649248
0.5765631441528102
0.5686965148205303
0.5436627621519253
0.5576120560859796
0.5301592719372233
0.5286648433452046
0.5227708356220312
0.5047596487645497
0.5152070649848085
0.49831578119572983
0.48993992774771244
0.5038839979285344
0.5063302810632074
0.5075991102557226
0.5091323293326199
0.5491731195409295
0.5357067175248993
0.5545373261129809
0.5486899249331301
0.5558679383121552
0.5486642586878996
0.5488443865598954
0.52920102407235
0.5173218113760816
0.4896292706566513
0.4846515488535957
0.482886161692318
0.4876533257920346
0.4776221867039873
0.4952887953820366
0.4893439419838318
0.4529473830901236
0.48416734175552295
0.4940026169902429
0.500562054643143
0.4683311067259884
0.46204137766875386
0.44637723170169313
0.45842703730427503
0.4612856367483606
0.4679881044398737
0.4640544717824471
0.4655524274994506
0.4620226167197799
0.4508375631239748
0.4431505514338292
0.4131243142943398
0.3982098661869464
0.38279744246466807
0.3708783709005054
0.3596055900582903
0.3672303704562326
0.3591321662227509
0.3642764494230885
0.3397896663224993
0.34496779662065596
0.3167414109884031
0.30393250541153527
0.2967260813642533
0.30296166502842004
0.3071653334436578
0.30260434403522374
0.2963878955908067
0.2948420549495096
0.2834109473821399
0.30571069835909426
0.3132112110347226
0.31500908695133084
0.3146167891811809
0.30131315169699513
0.0
0.0
0.0
0.0
0.0
0.0
0.0
0.0
0.0
0.0
0.0
0.2571454100722639
0.25696746470227133
0.2556713900385647
0.25549483188784605
0.2275413953108224
0.21021656582310191
0.21050647850076926
0.21065173491356656
0.18841983772548768
0.18412403791422277
0.1851735445152509
0.1851735445152509
0.19235398352564942
0.1922214428956701
0.19235398352564942
0.19371019167269682
0.19241436702513748
0.19254722175820232
0.19268026008021327
0.19254722175820232
0.19254722175820232
0.1913665394587928
0.1911024609319936
0.18250093600679115
0.182828961783132
0.18250093600679115
0.18250093600679115
0.18556953084675776
0.18556953084675776
0.18556953084675776
0.18213340408072606
0.18238456700346853
0.18271238767706452
0.18238456700346853
0.18238456700346853
0.190208157642875
0.19033948891055688
0.190208157642875
0.186309786943991
0.18643824850854343
0.1868246983043628
0.1868246983043628
0.18669570382102554
0.17989620944211956
0.179772085408619
0.1795243504889855
0.1787968266215588
0.17867354680545566
0.17867354680545566
0.18295970996512959
0.18295970996512959
0.18308594773989642
0.18580305148202847
0.18593116333324272
0.18593116333324272
0.18567511605465983
0.1899188096193622
0.18978803849537812
0.19004976108008853
0.19004976108008853
0.19004976108008853
0.19004976108008853
0.19004976108008853
0.1809004244487418
0.1809004244487418
0.17558335891925084
0.17570326311203605
0.18036249642952298
0.18048574856512858
0.18048574856512858
0.19007928977880048
0.19020927250373465
0.19007928977880048
0.18123221041253829
0.18123221041253829
0.18123221041253829
0.18135614201021294
0.18123221041253829
0.18110844807907645
0.1832725312247282
0.18359499237286203
0.18372045541890852
0.18384609005721866
0.17685355879686065
0.17661218072111423
0.17673278734169923
0.17438089976701174
0.17438089976701174
0.17450014481589154
0.18449035905374028
0.18461660575316866
0.18449035905374028
0.18573784125488538
0.18561091461547238
0.18573784125488538
0.18573784125488538
0.18573784125488538
0.17958610338756387
0.17958610338756387
0.17958610338756387
0.17939344429694679
0.17763386783692803
0.177946404320728
0.17775542152474982
0.17746044870469807
0.17746044870469807
0.1777034849436666
0.17566249556532354
0.17554237312579019
0.17566249556532354
0.17566249556532354
0.18378769034253253
0.18378769034253253
0.1839851552378503
0.1839851552378503
0.1834799538505913
0.1834799538505913
0.18385713408311685
0.1837312351523933
0.18360550852604476
0.1839851552378503
0.1839851552378503
0.184111055923628
0.1839851552378503
0.1809127753980907
0.18123108117371586
0.18135518157661648
0.18135518157661648
0.1844928995337007
0.1841688616290127
0.18424040235428246
0.18424040235428246
0.18197627222599713
0.18197627222599713
0.18210088260849683
0.18210088260849683
0.18159740441038427
0.18147313885344496
0.18147313885344496
0.1813490432479335
0.18318779549229286
0.18293760141330542
0.1828127604813185
0.1826163006625214
0.1830626129669551
0.1871935484257972
0.18765123271196632
0.18752290975868588
0.19095308888870194
0.19095308888870194
0.19095308888870194
0.18953096812988574
0.18914267402938287
0.18953096812988574
0.18966075402169374
0.18966075402169374
0.18979071778332823
0.18966075402169374
0.18966075402169374
0.1994287676928361
0.1992921091486282
0.19915563776667633
0.19915563776667633
0.19844701792096597
0.19893249970775703
0.19906900460673888
0.19844701792096597
0.19879618188781226
0.19893249970775703
0.20206512071845376
0.20206512071845376
0.20192665511331956
0.20192665511331956
0.20143395700531727
0.20178837914600684
0.20406209190765265
0.20406209190765265
0.20442113953619917
0.20442113953619917
0.20442113953619917
0.20442113953619917
0.20442113953619917
0.20442113953619917
0.20442113953619917
0.19662226856785198
0.19696821998457154
0.1971031911383228
0.19689192099156333
0.19723834739507323
0.1971031911383228
0.19546153030945315
0.19546153030945315
0.1953276842889413
0.19519402145023607
0.19519402145023607
0.1953276842889413
0.1973557530303176
0.19762641028298453
0.19762641028298453
0.19762641028298453
0.19518180678024968
0.19518180678024968
0.19518180678024968
0.1950479693324062
0.19511822742414606
0.19546153030945315
0.19546153030945315
0.19559555988859953
0.1978324714718008
0.1978324714718008
0.1978324714718008
0.1978324714718008
0.197968220890857
0.1950910967791729
0.19474844315608647
0.1950910967791729
0.19443208037899
0.1946407087916124
0.1946407087916124
0.1946407087916124
0.1946407087916124
0.193940100669729
0.194547954126117
0.19441455099367438
0.19441455099367438
0.19623934837545778
0.19637400299553565
0.19637400299553565
0.19623934837545778
0.19597059237659473
0.19836987937878145
0.19802146835467385
0.19850590323680795
0.19836987937878145
0.19707871956598394
0.19694385849290325
0.1967325765648445
0.19707871956598394
0.19707871956598394
0.19707871956598394
0.18692165032876515
0.1867936540028329
0.18666583285028104
0.18666583285028104
0.1862105618012575
0.1937002820679535
0.193832832230908
0.193832832230908
0.193832832230908
0.19116369234689035
0.19095852026685523
0.19103305646164712
0.19579042185857978
0.19592431278663935
0.19592431278663935
0.19592431278663935
0.19552318824414133
0.1898672257162823
0.18599382392709107
0.186188662146349
0.18606263318947508
0.18574203026536074
0.1861827422668132
0.18598790910596916
0.1863089387949239
0.18656184577145285
0.18737019798200547
0.18724319683051516
0.18234023755767154
0.18234023755767154
0.19095504390704346
0.19095504390704346
0.19102533837872707
0.1973104868559079
0.1971041853097101
0.21097785600261962
0.21075726068366082
0.21201433255981156
0.20638820638820637
0.20499719333295027
0.20499719333295027
0.18939201343858508
0.19952846148475556
0.19360688713560611
0.2044752692097098
0.20534003919198732
0.2055717040620186
0.2073902399557358
0.20836916171512335
0.19797475785148225
0.2004704849066504
0.19848060433702847
0.19324497996047973
0.18898006843707613
0.1864678878306005
0.1883123700732839
0.18635267810349043
0.18408172839898854
0.18732947321569354
0.18300879673903458
0.18870686411983995
0.19497625236318683
0.1984847050672961
0.2041289714700927
0.20458246559433718
0.20380446303650418
0.19779160441679117
0.18683026698240973
0.2035477955192077
0.193403475115654
0.21469490075133832
0.2178607000042446
0.20788133803643075
0.22534826232368765
0.21443576870353392
0.23060707943827924
0.2238166163463408
0.24121627418578714
0.23173029168828502
0.2142186458130157
0.23344602487586538
0.2370094817012713
0.22798204408446301
0.2231292146063944
0.22213442396928634
0.23671216693892996
0.22457222021596615
0.23419215275517766
0.22948608178311752
0.23577318576885478
0.23893062812249724
0.22471009512206364
0.24466766341921553
0.0
0.0
0.0
0.22504769775437952
0.25022095061192084
0.2484680829576766
0.24230407253196679
0.24511422889947285
0.24736347148518842
0.24521861223652697
0.24663077371170625
0.2412644018408901
0.2407824496831452
0.24004161132979376
0.2476572056944753
0.24807221551441208
0.2485092981584679
0.23387850159866316
0.21802578072063708
0.2381719180919092
0.24638791571567484
0.25285655942278895
0.25469854534541647
0.24325442491650248
0.24313341659183038
0.23672985499648513
0.2535715718929331
0.26788961207067213
0.27935643688227196
0.2662738810712298
0.27628717786291623
0.27294213429897685
0.2888759398457673
0.2929671381309844
0.2965688960948987
0.2971813111751094
0.3069087752597358
0.31310838944426733
0.2940338092405314
0.2916510352003349
0.2951937300923427
0.30656766056933993
0.3058143012632546
0.3141700770187558
0.31002572428798114
0.30928052113657595
0.295715277757487
0.2961729686721472
0.2937019338749526
0.2889915090123641
0.23468180765483754
0.22426727096098387
0.25206867408784683
0.20444075114892996
0.23025446869400065
0.2747568218731458
0.2659406005552855
0.27528507946072156
0.2737289252633219
0.286525841290607
0.26394532287338446
0.2875454336511062
0.2393857919579375
0.257362712822895
0.22032923008966127
0.22225026500429054
0.20958895089797897
0.2235650657376132
0.21375331122959115
0.2124055711724883
0.21313902615205294
0.20706096049740152
0.20404705574959123
0.20257894698083095
0.19997214402383795
0.20358620925539556
0.20253095615679112
0.20390201752528592
0.20862423449473905
0.20090535821931052
0.19952664435650105
0.1955763655800535
0.1946685848675437
0.19101091497744396
0.1918077906064205
0.18932445911710963
0.18531462643413876
0.1920536524053957
0.1858599392401032
0.183759694977192
0.18301811072090124
0.18936476286057286
0.1898627478575185
0.18622853643230328
0.18767134591933102
0.18660960605250085
0.18495069962196187
0.1923956952110765
0.19109364243041235
0.1881233675305175
0.19607897897059234
0.1956854984810056
0.19593427617278705
0.1904130653799247
0.18922930138874164
0.18658768775121642
0.1845264562027568
0.18227048296475662
0.18116850531681866
0.17747083799519228
0.17491240010295653
0.17702025114685377
0.18704634546546434
0.1848774460359088
0.18233573428113106
0.17880561434847833
0.17614003399248654
0.18209745946005465
0.17918988222136242
0.17666477536493527
0.18633324266022255
0.1826271874955631
0.18007672485309095
0.19239682547215328
0.18872154336774968
0.18496005694228138
0.18992265082461873
0.18643935050735738
0.1968816340312712
0.19429772976143309
0.19172495805199374
0.20040662213186175
0.19681133663389613
0.20967391372825725
0.20627664330556447
0.20394031015312591
0.212800993071301
0.21027667984189724
0.20463589898342166
0.21657776972033244
0.21494284785074602
0.21105632599325277
0.20821494213885097
0.21713268743932848
0.21324085471004978
0.2118948885545596
0.20623185491472595
0.216125480340546
0.21344938512392508
0.21078504159150288
0.20813237250414532
0.21384527064747588
0.21160621106226873
0.21043056014390468
0.20628833390007684
0.20380171260878108
0.21392530705171406
0.21121212458410762
0.21532396554001684
0.21126983975914698
0.2099244684508823
0.21428434962585577
0.21190040569564872
0.20873008330957585
0.21694910398372702
0.21408542342756942
0.21155738523191306
0.20856547005416567
0.21818586038239218
0.21455436984494608
0.2126255924170616
0.21128418607513638
0.21436700620115448
0.21184781308434752
0.21035473628478196
0.21687982044222892
0.21510347205711236
0.2127146133734375
0.2165893695983013
0.21394687724785968
0.2114732471906068
0.21940037806121096
0.2172205730410381
0.2159130417158421
0.21460831646161035
0.21203996387446375
0.2094495432939785
0.2094495432939785
0.2094495432939785
0.2109006039345876
0.20702402379881005
0.20325886892582523
0.20310832132598472
0.20310832132598472
0.2017054970411999
0.20043777506169283
0.20069115060444656
0.1958229607836798
0.1959665678080345
0.19472780216330024
0.19349160005596375
0.19349160005596375
0.198492009868578
0.1969811436643941
0.2026170860398983
0.20132236031627143
0.215054324553716
0.2108526278620791
0.2217928795724608
0.21822839948944875
0.22380199862703815
0.21872515513916185
0.22972666990134238
0.23841055499536096
0.23416673227039853
0.23794432918930117
0.23078530299212793
0.2439759455757041
0.26370692854402966
0.25778395810894283
0.2555826592155876
0.24900607386795978
0.25687541693204424
0.2554732420950434
0.26813993665418945
0.26300673148840686
0.26850980675978864
0.26497524342210343
0.26465303173958193
0.2733440499267174
0.2673865916608848
0.2599500686162181
0.2630175414292888
0.259625618321051
0.26985219433670016
0.26576967571697413
0.2619033555151842
0.2590235009675348
0.2733956580991814
0.27222477720989563
0.26995179432244243
0.26126737188460597
0.25823986194995685
0.2548432281004202
0.2617968371629009
0.2588354658700186
0.2623214691197986
0.2600325730092118
0.25851514360837363
0.2705051271872764
0.2693446260261037
0.26624913414915724
0.26325108415019166
0.26640668039084925
0.2640876902214856
0.26101002985281463
0.2585166007403734
0.2659363271457346
0.263419123499058
0.26052954332299255
0.2725438650119215
0.26928290289143875
0.26725765887024955
0.2651945597262523
0.27040171895643084
0.2685174328977823
0.26442682272278684
0.26085546934099896
0.2606025860036843
0.25772658880952276
0.25486701081043545
0.25244809712599753
0.2644446784611064
0.2619356421761077
0.2577119812852429
0.2554126903818978
0.2549064559470918
0.2539467801589744
0.2526158272046029
0.2585859467003969
0.2555908969054985
0.2505352205455349
0.25715101325244233
0.255162933333718
0.2521448540033202
0.2591416810231786
0.25846122720309833
0.25298926524830856
0.26039193000216937
0.25857981681009623
0.25362573032157154
0.2683681899213009
0.26486259580658467
0.2630302820377378
0.2595461549438495
0.2680320569902048
0.2634974036633897
0.262161755688983
0.2684498480243161
0.26575309226831817
0.2644090098512786
0.2603938353209188
0.2600915928771311
0.2667883612248788
0.26460141726007935
0.26276178575747283
0.27135176306533426
0.2686622806700662
0.2651507935820728
0.2650349014839081
0.2613435143516079
0.2580171856708702
0.2672690932471394
0.2636198353828192
0.26208606031614884
0.2599070166488893
0.25808129630191556
0.26549307746066525
0.263962453516502
0.26065654091131796
0.26065654091131796
0.26964680362234755
0.26848675447468207
0.2655841759110447
0.262389843534038
0.26761396254267794
0.2664518820026752
0.2640542109467949
0.2752086311033243
0.27331116266708805
0.2708809313325909
0.27550147243582956
0.2701854941043957
0.26558461638849407
0.27617925300337165
0.2733991232118791
0.2695613972932757
0.26905923473089977
0.266807506957171
0.2656241386280527
0.2728861755690369
0.26841560442298085
0.26090653131502156
0.2612085964534568
0.25527189655391774
0.2549927052171767
0.26025872438485287
0.25569898932126595
0.24197325284903992
0.23935168181225785
0.2356296753412905
0.2304571946719064
0.23291470327011027
0.24118469659124897
0.23030219632692514
0.24474407701545314
0.2518751169290602
0.23936410930821744
0.28686770118478133
0.30671378245837244
0.2964939074637689
0.3024603469696832
0.3132486004999472
0.3200251923656179
0.31187732947862196
0.31111615116377966
0.3073902020838523
0.30800403280208605
0.3082709720503604
0.3178392337026694
0.31182466069940135
0.3048559637192836
0.30725671676879596
0.29929227618043136
0.29415345252710745
0.2920725233721925
0.2886917119028946
0.28237938252493094
0.2844859025790909
0.2792122270207357
0.2747352249951674
0.2702894510062351
0.29517195170663196
0.28426450493605393
0.2837584132619829
0.2980492369709185
0.2937524840062052
0.28445758244889235
0.3055941657490478
0.3009443295260365
0.29403134616760895
0.2894633624532002
0.3015953940592428
0.2954993130192483
0.2904128135697134
0.3111575025030708
0.30618001340968115
0.2994713676667289
0.3263039956235403
0.3241775278536893
0.3190498735309581
0.31425771629471905
0.31034644377612
0.336364046266998
0.3329865987982216
0.32812672625592515
0.3233021617428134
0.318512521870838
0.31139272068964624
0.31745525429735955
0.30381015372898
0.2924032166668676
0.2984804543677889
0.2919810539405739
0.28554639352564043
0.2931617950168247
0.28248070564913874
0.269894019379179
0.2834157264786052
0.27675916809787776
0.29412582275213695
0.2829040054484524
0.3013464341308163
0.2882606113845716
0.30310073685772215
0.2881732370905053
0.2961468216406715
0.30090462297585713
0.30887694813878286
0.29920284997039437
0.3075860382663977
0.3156748536457526
0.32533547585422207
0.3070460797968414
0.2969051821856401
0.3060924019198869
0.31417162512107855
0.30304715656705483
0.2945403173752603
0.2968932354375028
0.3000223286277818
0.3132164288604917
0.3064341640526589
0.29972159494398726
0.29333581278811427
0.28160506114565576
0.2747944863321473
0.28753884354044934
0.28088275535636364
0.27648346464817697
0.2676687684905717
0.28795488257572904
0.2823348986864065
0.276945817220837
0.2704302552714255
0.26612336138683484
0.2764976265545191
0.2764976265545191
0.27215506044559895
0.29672750236817175
0.29202978925685313
0.28763181443335145
0.3026424232557666
0.29817783591397196
0.29127358490566035
0.28714911927933723
0.28470864294094644
0.29564569848872024
0.291473546575224
0.2889988329020145
0.29890437787427776
0.2922064674079363
0.29547471162378
0.2888325472303342
0.2841805109127238
0.2776580167575043
0.28467287805876934
0.27843061283793774
0.27388004771694713
0.2677343686807409
0.2611656389303501
0.2569837159329403
0.2719114800001002
0.26770776907696187
0.26561631648071216
0.26493396660953084
0.28794449262792715
0.2814330528004223
0.27712854757929883
0.27498712134220865
0.2819532908704883
0.27766469841397795
0.273404704039207
0.29326647346329726
0.2888966448656277
0.2867227858264615
0.28239699243579486
0.0
0.0
0.0
0.0
0.0
0.28182641023149735
0.28042047714480967
0.27991180580926855
0.27748869873660287
0.2717748598594145
0.2833023496784811
0.281399485863792
0.27924392548698707
0.27684283938263743
0.2749544881846025
0.2895712323761765
0.2849601043809906
0.28064138600194055
0.28811622715750446
0.2866469780874645
0.28448113904676975
0.280922389882949
0.27802715171212306
0.2758902112222225
0.27376040499688253
0.27163769736858423
0.2849391877155019
0.29081231506445
0.28867082166442576
0.28440908114938385
0.2736981663763918
0.27090554355265756
0.27090554355265756
0.2617956698804209
0.2577054606433849
0.25364168319120206
0.2609788617325148
0.2568529240534625
0.252977503308337
0.25619688781562655
0.2501157026429701
0.24674611537377006
0.24409311123645042
0.24209845547028114
0.24011018553299304
0.24695619352227324
0.24695619352227324
0.24494673400222633
0.24294374051677833
0.2467623267953691
0.24277958417349335
0.23769253253669823
0.2348899507852913
0.22984488300998834
0.2251676679062967
0.23749649365412911
0.23343471302847535
0.23020997658217307
0.22580417315144297
0.22033577517282546
0.23408336751511163
0.23049775751782958
0.22652784728240305
0.2209216428609614
0.23444384038808297
0.22875815393053733
0.22499670447166578
0.22312460239889048
0.24522159340645697
0.2415841976679072
0.23753877743418633
0.23183859366402013
0.22619067996586353
0.24187564002988043
0.2399893305144816
0.23436462784396836
0.23064308965409053
0.22510266877819884
0.23127127701686329
0.2269845526315142
0.22151222881326874
0.21608850114235137
0.2108975433634855
0.2346038286334865
0.22585183094008832
0.22067549880439524
0.22605085078565373
0.22168874211576942
0.21711804012085223
0.23366184754984817
0.22817818416832228
0.2238356575493768
0.21992521734016798
0.2405636950583561
0.23864129424161656
0.2369365864778277
0.25020915501374447
0.255158517866696
0.24933079346107398
0.2437596661561033
0.23936268758105353
0.24904063785363556
0.24493415842449892
0.24310992171273366
0.24935676616853103
0.2451890304651041
0.24104900865297751
0.2369364252175919
0.2601278995729131
0.25797504164332213
0.2514349147881372
0.24521457530532578
0.24315484768361298
0.23701634724490941
0.25597013431551136
0.2538994194586277
0.2518355213279598
0.24772804104440513
0.26918688445832334
0.2650086789968277
0.2629298754070931
0.24863119963965769
0.2465786278536417
0.24249366275392562
0.2384353825916458
0.2511850001751848
0.2459292953275933
0.24302216299272505
0.26046467334781837
0.25629625559188424
0.25076257501146354
0.24804158757335518
0.25988618597961355
0.25593268554146514
0.25154619706340586
0.27035084676314514
0.26609878615540716
0.262111366590023
0.27826349641899634
0.27394043398740037
0.26964651402366907
0.2653814428365302
0.2546266751754946
0.24955004245816695
0.2454061603223522
0.2392416158630155
0.23722275318038438
0.23313146867642923
0.23307156615794933
0.22727328628809101
0.2250846459590755
0.23788099487449726
0.23202556935638405
0.2278095275664321
0.22402542299925474
0.23517581419488776
0.2311821003621314
0.22919491251856156
0.2258383940160271
0.22189623568002415
0.23756774686142715
0.23355332925779446
0.23155587110596265
0.22560212214743472
0.22363031075578876
0.24068331862092973
0.23666110647072966
0.23486957469362685
0.23266488953012937
0.24823779361833093
0.24417396467270297
