1,1718,760,302,896
2,1687,798,280,825
3,1691,800,279,823
4,1689,795,284,834
5,1694,797,283,831
6,1699,799,284,829
7,1699,794,285,836
8,1702,797,284,832
9,1703,793,289,839
10,1706,795,286,835
11,1709,795,284,833
12,1713,797,284,829
13,1714,799,283,826
14,1718,801,281,822
15,1722,801,278,820
16,1724,802,278,817
17,1728,804,276,812
18,1727,799,278,819
19,1735,801,276,816
20,1735,799,276,821
21,1737,796,283,827
22,1744,799,280,823
23,1746,796,282,827
24,1748,794,286,835
25,1755,797,286,831
26,1761,799,280,823
27,1769,809,271,802
28,1771,811,267,795
29,1778,821,260,775
30,1779,819,261,779
31,1780,818,262,783
32,1790,830,253,762
33,1790,832,255,765
34,1798,840,245,746
35,1801,846,243,738
36,1807,855,239,729
37,1811,870,238,717
38,1816,869,239,720
39,1819,866,240,723
40,1819,870,246,731
41,1821,867,249,739
42,1822,863,253,747
43,1825,862,257,753
44,1829,857,259,762
45,1834,860,260,758
46,1837,862,260,760
47,1845,865,259,754
48,1849,871,256,746
49,1851,875,257,748
50,1857,880,255,744
51,1864,887,250,735
52,1866,893,254,736
53,1870,893,258,743
54,1881,898,254,739
55,1883,906,254,730
56,1891,915,248,719
57,1906,919,245,713
58,1907,920,246,715
59,1916,914,253,725
60,1921,915,251,722
61,1927,918,251,722
62,1944,919,250,720
63,1950,920,251,722
64,1967,916,255,731
65,1980,915,255,731
66,1993,923,248,718
67,2007,923,252,722
68,2024,918,255,730
69,2044,919,253,727
70,2060,921,250,721
71,2073,920,253,725
72,2102,914,250,726
73,2118,902,256,746
74,2139,890,264,763
75,2165,887,261,759
76,2189,879,260,765
77,2211,873,262,772
78,2232,872,260,767
79,2243,865,263,779
80,2260,865,262,776
81,2269,860,266,782
82,2282,850,268,791
83,2292,843,273,801
84,2302,830,282,821
85,2319,827,284,829
86,2333,827,285,833
87,2350,822,282,829
88,2362,820,288,838
89,2376,821,287,835
90,2386,828,282,826
91,2405,830,278,818
92,2419,833,278,814
93,2433,835,276,812
94,2452,831,279,820
95,2469,824,287,837
96,2491,823,292,842
97,2513,823,296,848
98,2538,822,298,852
99,2565,820,298,856
100,2593,817,297,858
101,2615,805,304,875
102,2639,801,307,878
103,2662,792,312,892
104,2687,791,314,894
105,2705,788,316,900
106,2724,788,316,900
107,2740,781,322,911
108,2759,782,323,912
109,2778,781,322,912
110,2794,783,323,911
111,2811,784,326,914
112,2824,784,326,917
113,2840,784,329,916
114,2860,791,323,907
115,2879,791,323,907
116,2897,789,322,909
117,2916,788,323,908
118,2941,790,320,904
119,2962,789,321,903
120,2987,786,317,902
121,3020,795,308,887
122,3055,795,302,880
123,3092,795,295,870
124,3124,794,291,867
125,3152,783,288,872
126,3167,765,295,892
127,3182,755,300,904
128,3202,743,303,911
129,3228,737,302,917
130,3259,737,297,910
131,3282,729,298,916
132,3308,728,295,913
133,3333,726,292,908
134,3356,725,288,906
135,3384,728,279,891
136,3410,733,274,878
137,3436,739,265,866
138,3455,738,266,865
139,3471,738,268,867
140,3495,738,265,864
141,3519,740,262,860
142,3546,739,258,856
143,3572,745,251,842
144,3599,749,244,829
145,3626,753,238,813
146,3648,749,235,810
147,3669,740,233,810
148,3686,738,230,806
149,3698,735,229,802
150,3717,740,225,793
151,3722,741,227,788
152,3745,749,221,777
153,3750,746,222,777
154,3767,750,222,773
155,3778,742,225,780
156,3793,734,227,788
157,3805,719,234,808
158,3815,715,239,818
159,3825,717,242,820
160,3837,717,241,818
161,3847,718,244,817
162,3855,713,244,818
163,3863,713,245,816
164,3876,710,243,814
165,3890,718,237,798
166,3894,717,240,797
167,3907,714,238,794
168,3914,710,240,795
169,79,707,239,792
170,91,705,239,788
171,99,702,238,786
172,104,700,238,782
173,109,697,237,780
174,117,698,237,775
175,117,707,235,770
176,127,711,229,761
177,134,710,227,755
178,137,711,231,758
179,143,711,228,752
180,145,712,230,754
181,148,708,233,763
182,152,708,236,768
183,157,706,238,776
184,160,699,243,788
185,160,698,247,795
186,164,701,246,792
187,168,704,240,783
188,172,708,237,775
189,176,711,233,766
190,179,706,237,772
191,181,711,237,768
192,185,721,228,749
193,190,730,220,730
194,194,737,213,710
195,195,739,210,701
196,199,750,203,683
197,202,759,197,665
198,202,761,198,667
199,208,762,195,660
200,203,759,200,674
201,204,757,202,676
202,206,759,203,677
203,209,762,198,669
204,214,769,196,660
205,220,765,197,662
206,223,775,189,640
207,220,767,196,661
208,218,756,204,682
209,221,751,208,691
210,230,758,201,677
211,232,768,196,661
212,227,761,202,673
213,229,750,209,692
214,235,752,208,689
215,239,754,205,687
216,240,756,203,678
217,242,761,200,669
218,243,761,201,671
219,247,756,201,679
220,251,748,206,691
221,253,751,206,688
222,253,756,204,679
223,256,761,200,670
224,256,759,199,672
225,258,754,203,681
226,259,750,207,689
227,263,752,205,686
228,263,751,206,689
229,266,753,205,686
230,268,758,203,677
231,272,755,204,681
232,272,751,207,690
233,275,752,206,687
234,275,757,203,680
235,275,757,204,681
236,278,757,203,679
237,282,762,199,669
238,281,761,201,672
239,283,757,203,680
240,289,756,205,680
241,289,762,202,671
242,289,761,202,672
243,291,756,204,681
244,296,757,202,679
245,297,762,201,670
246,299,762,200,671
247,301,757,203,679
248,304,758,202,677
249,307,763,198,668
250,310,761,201,672
251,310,755,204,682
252,313,756,203,679
253,315,763,201,670
254,315,761,200,672
255,316,757,204,680
256,320,757,203,678
257,321,758,203,680
258,329,756,203,680
259,327,757,203,681
260,329,757,203,679
261,329,757,204,682
262,332,758,204,679
263,334,763,201,670
264,335,762,201,671
265,339,762,200,669
266,340,762,200,671
267,341,750,208,692
268,346,758,203,680
269,345,757,204,682
270,348,757,203,679
271,351,763,200,670
272,351,762,201,673
273,354,762,200,670
274,354,762,201,671
275,356,758,203,679
276,359,759,202,677
277,363,763,198,669
278,364,757,204,683
279,365,757,205,683
280,367,758,204,680
281,370,763,200,670
282,370,762,201,672
283,373,762,201,670
284,375,761,200,672
285,378,763,200,669
286,380,763,200,669
287,383,756,204,681
288,384,758,203,680
289,387,764,201,671
290,387,761,202,673
291,391,763,199,670
292,391,762,200,671
293,394,764,201,670
294,397,768,196,660
295,399,768,197,660
296,402,767,197,663
297,403,767,197,663
298,405,767,197,662
299,406,767,197,662
300,408,768,198,661
301,410,769,198,661
302,413,769,196,661
303,414,769,197,660
304,416,768,196,660
305,418,769,196,660
306,418,769,197,660
307,421,768,199,663
308,422,768,198,663
309,424,767,197,662
310,425,767,197,662
311,427,768,197,661
312,429,768,196,661
313,430,768,198,661
314,432,768,197,661
315,433,768,198,661
316,435,768,196,660
317,437,769,196,660
318,437,768,197,660
319,438,769,197,660
320,440,767,197,663
321,440,767,198,663
322,441,767,199,663
323,443,769,197,662
324,443,769,198,662
325,444,767,199,662
326,446,769,197,661
327,448,770,196,661
328,448,769,196,661
329,449,770,197,661
330,451,770,196,661
331,449,765,201,671
332,453,765,199,670
333,452,765,201,670
334,454,761,204,679
335,455,761,206,681
336,457,765,201,672
337,459,764,201,673
338,460,760,205,682
339,462,756,208,690
340,465,757,208,688
341,467,762,204,679
342,467,761,204,681
343,468,757,208,689
344,474,757,205,687
345,472,756,207,690
346,474,753,209,698
347,472,749,216,710
348,474,744,218,719
349,476,741,221,727
350,475,734,230,745
351,479,732,231,753
352,483,734,229,749
353,481,729,234,758
354,483,727,237,765
355,487,729,234,762
356,487,728,236,765
357,489,724,239,772
358,491,722,242,780
359,493,722,241,776
360,495,722,241,780
361,495,717,244,787
362,496,711,250,797
363,498,707,252,804
364,502,709,249,801
365,504,714,247,793
366,506,718,245,785
367,510,717,243,786
368,510,711,247,796
369,514,713,245,791
370,514,712,247,794
371,519,706,252,805
372,519,703,255,813
373,521,705,254,808
374,525,709,251,800
375,527,707,249,803
376,529,704,252,810
377,530,700,256,816
378,534,702,255,813
379,538,706,249,804
380,540,703,255,812
381,540,698,258,820
382,544,700,255,815
383,544,700,257,818
384,549,701,255,813
385,549,699,256,817
386,551,696,258,823
387,555,699,256,818
388,557,702,252,812
389,559,697,257,819
390,563,700,255,815
391,561,698,257,818
392,566,701,255,813
393,565,697,256,818
394,568,695,259,823
395,572,697,256,820
396,572,695,258,824
397,577,697,254,819
398,580,700,255,815
399,578,697,257,819
400,580,695,260,826
401,585,697,256,820
402,582,695,260,825
403,587,698,256,821
404,587,695,259,825
405,591,697,256,821
406,591,695,258,824
407,596,699,254,818
408,599,693,260,827
409,602,697,257,821
410,599,693,260,827
411,604,697,256,820
412,601,694,260,825
413,604,691,262,831
414,604,686,264,840
415,608,690,262,833
416,608,692,260,827
417,608,690,261,831
418,608,687,264,836
419,611,682,266,844
420,615,685,263,839
421,619,688,262,836
422,614,685,266,841
423,614,681,269,848
424,616,684,266,844
425,614,682,269,847
426,614,678,272,856
427,616,682,270,850
428,616,686,267,843
429,616,689,264,837
430,612,687,267,842
431,616,690,264,837
432,614,694,261,830
433,612,699,259,823
434,610,702,258,817
435,608,706,255,810
436,606,704,256,813
437,606,700,259,822
438,606,703,257,818
439,599,701,261,823
440,599,704,259,819
441,597,711,252,802
442,595,719,244,781
443,591,730,232,753
444,580,736,225,737
445,572,742,224,729
446,563,749,224,724
447,558,758,216,706
448,549,760,218,709
449,542,761,219,713
450,532,758,226,728
451,524,758,228,731
452,520,759,229,733
453,510,754,237,747
454,507,751,240,756
455,502,749,244,765
456,496,745,248,774
457,492,744,251,782
458,485,732,259,803
459,478,729,263,811
460,478,731,261,809
461,478,733,258,804
462,476,728,264,813
463,484,730,262,809
464,482,734,260,801
465,492,740,254,792
466,493,739,257,796
467,497,743,255,792
468,497,747,252,784
469,491,751,248,776
470,488,762,242,756
471,485,766,238,748
472,481,773,235,738
473,475,786,228,718
474,468,794,223,709
475,463,803,220,701
476,458,814,217,691
477,448,819,219,692
478,437,821,219,692
479,422,825,218,691
480,409,825,223,700
481,394,824,225,705
482,376,823,227,712
483,356,827,222,705
484,332,825,222,706
485,316,820,226,715
486,299,817,231,726
487,286,813,235,735
488,265,810,240,744
489,252,809,241,749
490,228,810,246,757
491,208,810,250,764
492,192,818,251,762
493,176,824,246,754
494,158,831,243,745
495,134,834,247,749
496,113,834,250,757
497,87,838,255,763
498,65,832,264,783
499,52,828,271,793
500,39,821,279,809
501,20,813,288,831
502,3,804,296,848
503,-14,801,301,857
504,-28,804,300,853
505,-42,806,293,844
506,-59,802,298,853
507,-75,798,302,862
508,-84,802,298,853
509,-101,800,301,861
510,-113,805,298,853
511,-130,810,295,847
512,-144,815,296,841
513,-160,827,293,834
514,-178,838,292,827
515,-196,844,289,821
516,-218,856,287,812
517,-241,867,286,802
518,-264,878,280,794
519,-283,883,276,785
520,-300,893,274,778
521,-318,905,267,757
522,3506,910,264,751
523,3494,915,269,758
524,3481,918,273,765
525,3460,908,284,783
526,3440,905,289,792
527,3421,903,294,800
528,3396,909,305,806
529,3371,911,301,803
530,3353,914,300,800
531,3331,912,305,806
532,3311,915,302,801
533,3289,917,306,804
534,3252,917,304,803
535,3222,917,306,804
536,3214,915,305,806
537,3197,920,299,798
538,3191,919,300,798
539,3187,922,299,798
540,3187,929,294,786
541,3171,947,281,759
542,3158,946,276,752
543,3130,949,269,741
544,3103,952,263,729
545,3073,958,256,715
546,3037,951,247,711
547,3019,949,240,702
548,3009,945,237,699
549,3004,945,234,697
550,2996,949,228,681
551,2993,953,222,668
552,2980,955,220,662
553,2966,955,217,656
554,2951,960,214,647
555,2939,961,211,642
556,2924,959,212,645
557,2913,961,209,637
558,2899,963,206,631
559,2893,959,209,635
560,2882,953,209,637
561,2875,947,210,640
562,2870,941,210,643
563,2868,941,207,636
564,2858,937,208,645
565,2860,934,212,648
566,2862,935,207,637
567,2858,927,211,648
568,2857,921,210,649
569,2860,926,205,636
570,2864,928,201,627
571,2864,929,198,616
572,2870,932,193,607
573,2876,930,193,608
574,2878,928,194,608
575,2880,924,192,609
576,2888,923,193,610
577,2891,922,195,610
578,2896,921,195,611
579,2903,914,193,612
580,2910,913,193,612
581,2915,911,194,612
582,2919,899,197,625
583,2925,899,196,625
584,2932,898,196,625
585,2937,893,201,636
586,2945,888,201,637
587,2948,887,201,637
588,2953,886,201,637
589,2958,885,201,637
590,2963,884,201,636
591,2968,879,201,638
592,2973,880,201,636
593,2977,879,200,637
594,2982,879,200,637
595,2985,878,200,637
596,2988,878,200,636
597,2992,877,199,636
598,2997,877,199,635
599,3000,877,199,635
600,3002,876,198,634
601,3007,875,198,635
602,3012,872,198,635
603,3013,871,198,636
604,3017,871,198,636
605,3020,870,198,635
606,3020,870,198,634
607,3022,869,197,635
608,3024,868,196,635
609,3024,863,201,644
610,3025,864,200,643
611,3027,864,200,643
612,3028,863,202,644
613,3030,862,201,644
614,3034,862,198,643
615,3035,862,201,643
616,3038,863,199,642
617,3040,863,199,642
618,3042,862,198,641
619,3047,864,195,632
620,3048,864,195,632
621,3050,865,195,632
622,3052,865,195,631
623,3055,865,195,632
624,3057,866,194,631
625,3058,865,195,631
626,3062,865,194,631
627,3067,871,189,618
628,3069,871,190,619
629,3072,871,190,619
630,3072,867,193,629
631,3075,867,193,628
632,3079,868,192,627
633,3079,862,195,639
634,3080,858,199,648
635,3082,859,200,648
636,3085,859,200,646
637,3088,852,204,661
638,3089,859,202,649
639,3093,858,200,649
640,3096,863,196,639
641,3098,863,197,639
642,3099,863,197,639
643,3104,869,192,626
644,3104,864,195,637
645,3107,862,198,640
646,3108,863,199,640
647,3113,869,194,629
648,3115,869,193,628
649,3117,869,193,627
650,3120,870,193,627
651,3120,870,193,627
652,3122,870,192,626
653,3125,870,192,627
654,3127,870,192,627
655,3129,875,191,620
656,3131,873,189,619
657,3132,873,191,619
658,3136,873,188,618
659,3137,873,189,618
660,3139,873,188,618
661,3141,873,189,618
662,3144,879,185,606
663,3144,874,189,617
664,3146,874,188,616
665,3148,879,186,610
666,3151,877,186,610
667,3153,877,185,610
668,3155,879,185,608
669,3155,873,190,618
670,3158,879,187,607
671,3158,873,190,618
672,3160,873,189,618
673,3161,874,189,617
674,3163,874,189,616
675,3163,870,192,626
676,3165,864,197,639
677,3167,864,197,640
678,3169,865,196,639
679,3170,865,197,639
680,3170,865,198,640
681,3170,865,198,640
682,3172,866,196,639
683,3172,865,196,640
684,3170,862,202,648
685,3172,863,201,649
686,3177,869,196,637
687,3179,878,190,617
688,3174,871,193,627
689,3172,866,198,640
690,3175,868,197,637
691,3177,873,193,627
692,3177,871,193,628
693,3177,872,193,627
694,3175,872,194,629
695,3175,873,194,629
696,3175,874,194,628
697,3175,874,194,628
698,3174,874,194,629
699,3172,874,194,628
700,3170,874,195,630
701,3170,875,195,630
702,3169,875,194,630
703,3170,874,195,630
704,3169,875,194,630
705,3172,881,191,619
706,3172,881,191,619
707,3174,881,191,619
708,3175,882,192,619
709,3179,883,189,617
710,3180,883,191,618
711,3184,884,191,618
712,3187,885,189,616
713,3191,889,189,609
714,3194,889,187,608
715,3198,895,184,599
716,3200,901,180,588
717,3201,902,180,588
718,3205,907,177,579
719,3210,909,176,577
720,3211,909,178,577
721,3217,903,181,590
722,3219,909,178,579
723,3222,915,173,569
724,3225,919,170,559
725,3227,921,172,558
726,3232,927,167,549
727,3234,926,166,549
728,3237,931,163,539
729,3241,931,165,542
730,3243,930,164,542
731,3244,930,165,541
732,3248,935,162,531
733,3251,935,161,530
734,3253,935,162,530
735,3256,935,160,531
736,3258,935,160,529
737,3260,934,163,533
738,3262,930,164,540
739,3265,933,161,532
740,3267,935,161,531
741,3269,935,162,531
742,3272,935,160,531
743,3274,935,161,531
744,3275,936,162,530
745,3277,936,161,530
746,3279,930,165,542
747,3282,934,162,532
748,3282,930,166,541
749,3286,935,162,531
750,3288,935,162,532
751,3289,931,164,539
752,3293,935,160,530
753,3294,936,160,530
754,3296,935,161,531
755,3298,934,163,533
756,3300,933,162,534
757,3303,935,161,531
758,3305,935,161,531
759,3308,938,157,522
760,3308,933,162,532
761,3310,935,160,530
762,3312,935,161,530
763,3315,935,160,529
764,3317,935,161,529
765,3319,934,161,533
766,3320,934,163,532
767,3322,935,163,531
768,3326,935,160,531
769,3326,930,163,541
770,3329,935,160,530
771,3331,935,161,530
772,3332,936,162,530
773,3334,935,161,531
774,3336,931,165,541
775,3339,934,162,532
776,3341,935,163,531
777,3343,935,162,531
778,3346,935,161,530
779,3348,935,160,530
780,3350,935,160,530
781,3351,935,162,530
782,3355,935,159,529
783,3357,934,161,533
784,3358,934,162,532
785,3362,938,157,523
786,3362,938,159,523
787,3363,938,159,523
788,3365,935,161,530
789,3367,935,160,530
790,3369,936,161,530
791,3374,940,156,521
792,3374,935,161,530
793,3376,934,161,533
794,3377,934,163,532
795,3379,935,163,532
796,3383,936,160,531
797,3386,940,157,522
798,3386,935,162,530
799,3388,936,161,530
800,3391,936,160,530
801,3394,936,160,529
802,3395,936,163,532
803,3396,934,163,534
804,3400,936,161,531
805,3402,935,162,532
806,3403,935,162,530
807,3405,936,162,530
808,3407,936,161,530
809,3410,936,160,530
810,3412,936,161,529
811,3414,936,161,532
812,3417,940,158,522
813,3417,935,161,532
814,3419,935,162,531
815,3421,936,162,531
816,3424,936,160,530
817,3426,936,161,530
818,3427,936,160,530
819,3429,936,160,530
820,3429,936,163,532
821,3433,934,161,534
822,3434,934,163,532
823,3436,936,161,531
824,3438,936,161,531
825,3440,936,162,531
826,3441,936,162,531
827,3441,931,165,541
828,3443,932,165,539
829,3446,932,164,540
830,3448,931,163,540
831,3448,931,165,542
832,3450,931,165,541
833,3453,934,163,532
834,3452,930,164,540
835,3452,930,166,540
836,3452,925,168,550
837,3453,925,167,550
838,3453,923,167,551
839,3455,923,168,550
840,3455,922,168,550
841,3457,922,166,550
842,3457,922,166,550
843,3457,922,168,550
844,3458,921,168,551
845,3458,916,171,559
846,3462,921,167,549
847,3465,925,163,539
848,3465,923,162,540
849,3462,914,170,558
850,3464,914,170,561
851,3464,911,171,561
852,3462,906,173,570
853,3460,904,175,569
854,3462,909,170,559
855,3460,911,168,551
856,3457,910,168,551
857,3457,912,163,543
858,3454,917,161,533
859,3452,918,157,524
860,3447,918,157,525
861,3443,917,158,525
862,3440,916,157,525
863,3435,911,162,534
864,3433,910,161,534
865,3432,909,160,534
866,3427,903,165,544
867,3425,901,165,545
868,3424,901,163,545
869,3420,895,167,554
870,3420,895,168,554
871,3420,894,168,554
872,3420,891,167,555
873,3422,895,165,545
874,3422,894,165,545
875,3425,898,160,535
876,3425,897,161,535
877,3427,898,160,535
878,3429,896,159,534
879,3430,896,161,536
880,3432,898,159,535
881,3434,896,160,535
882,3435,896,161,534
883,3439,896,158,533
884,3442,902,155,524
885,3444,901,155,524
886,3447,904,153,515
887,3448,903,154,515
888,3452,907,150,505
889,3455,913,147,496
890,3457,911,146,496
891,3460,912,146,495
892,3462,912,146,495
893,3463,913,147,495
894,3467,908,149,504
895,3468,908,149,504
896,3472,910,148,503
897,3473,906,152,512
898,3477,908,148,503
899,3478,910,148,502
900,3481,914,145,494
901,3483,910,146,503
902,3485,911,148,501
903,3488,911,146,501
904,3490,911,146,501
905,3492,914,146,494
906,3494,913,145,494
907,3496,913,145,495
908,3499,913,143,495
909,3502,913,143,493
910,3502,910,146,501
911,3504,910,147,501
912,3507,905,149,510
913,3510,910,148,503
914,3513,910,148,502
915,3516,911,149,502
916,3519,910,148,501
917,3524,910,146,501
918,3531,918,141,484
919,3534,922,140,477
920,3534,916,145,493
921,3539,911,146,502
922,3547,912,147,501
923,3548,905,153,521
924,3551,899,156,529
925,3558,897,159,537
926,3566,895,158,537
927,3572,885,166,557
928,3577,886,166,556
929,3582,881,171,568
930,3589,885,165,557
931,3594,886,166,557
932,3601,880,169,568
933,3605,880,168,566
934,3613,889,162,547
935,3616,891,162,546
936,3622,889,163,549
937,3625,891,163,548
938,3629,892,164,547
939,3632,892,164,547
940,3639,892,161,546
941,3644,898,160,538
942,3646,896,160,540
943,3648,893,164,548
944,3656,894,162,547
945,3658,894,165,549
946,3662,893,164,548
947,3665,893,164,548
948,3670,893,162,547
949,3672,894,163,547
950,3679,898,160,540
951,3679,896,160,541
952,3681,896,161,540
953,3686,896,159,540
954,3687,896,160,538
955,3689,896,161,539
956,3692,897,161,538
957,3695,896,162,540
958,3696,895,162,539
959,3698,894,161,540
960,3703,898,156,530
961,3705,898,155,529
962,3705,896,157,529
963,3706,891,159,538
964,3708,892,160,537
965,3709,892,160,536
966,3711,891,160,537
967,3715,890,160,540
968,3715,889,160,540
969,3719,892,156,532
970,3722,896,153,521
971,3725,899,149,512
972,3727,904,148,503
973,3730,903,146,502
974,3732,903,147,502
975,3733,903,148,502
976,3737,904,147,502
977,3739,908,145,494
978,3742,910,142,485
979,3742,910,142,485
980,3746,910,141,485
981,3747,911,142,484
982,3751,915,139,477
983,3752,914,140,476
984,3754,914,139,476
985,3757,914,138,476
986,3759,916,138,475
987,3762,916,138,474
988,3763,914,139,479
989,3765,914,140,477
990,3766,914,140,477
991,3770,914,139,477
992,3771,914,140,476
993,3775,914,137,476
994,3776,914,138,476
995,3778,914,139,475
996,3780,918,136,469
997,3784,918,135,469
998,3785,918,137,469
999,3787,914,138,477
1000,3789,914,139,477
1001,3792,914,138,477
1002,3792,912,141,483
1003,3794,912,141,483
1004,3797,912,141,484
1005,3796,910,142,487
1006,3798,912,143,485
1007,3803,915,138,477
1008,3804,920,138,470
1009,3808,924,133,460
1010,3809,924,134,461
1011,3809,920,136,469
1012,3811,922,137,468
1013,3813,923,135,467
1014,3814,922,135,468
1015,3814,922,135,468
1016,3816,922,135,467
1017,3814,918,140,476
1018,3816,917,139,476
1019,3818,917,139,475
1020,3818,920,138,469
1021,3820,920,138,470
1022,3820,919,137,469
1023,3822,923,134,461
1024,3823,924,134,460
1025,3825,924,134,460
1026,3825,923,134,461
1027,3827,924,133,460
1028,3827,924,133,460
1029,3828,924,135,460
1030,3832,926,133,459
1031,3833,926,134,460
1032,3835,926,133,459
1033,3838,927,133,458
1034,3840,927,133,459
1035,3841,925,134,461
1036,3842,927,135,460
1037,3844,922,136,469
1038,3846,923,135,468
1039,3847,922,137,468
1040,3847,918,140,476
1041,3851,917,138,475
1042,3851,917,139,477
1043,3852,917,138,475
1044,3854,917,138,475
1045,3856,917,137,475
1046,3855,914,140,478
1047,3856,915,141,478
1048,3858,912,142,486
1049,3858,908,145,494
1050,3860,908,144,494
1051,3861,908,145,494
1052,3863,908,144,493
1053,3865,908,144,493
1054,3866,908,145,493
1055,3868,908,144,493
1056,3870,903,146,501
1057,32,907,145,494
1058,34,907,145,494
1059,35,906,145,495
1060,39,907,144,493
1061,42,906,143,492
1062,44,906,144,492
1063,45,906,144,493
1064,47,902,147,501
1065,50,902,145,501
1066,51,895,151,511
1067,53,896,151,511
1068,56,896,151,511
1069,58,896,150,511
1070,61,895,150,510
1071,63,890,152,518
1072,64,887,153,520
1073,67,886,154,521
1074,72,891,149,512
1075,72,886,153,520
1076,75,886,152,520
1077,77,886,151,520
1078,80,885,151,519
1079,80,880,155,528
1080,81,875,159,537
1081,86,879,155,529
1082,86,875,159,539
1083,89,876,160,539
1084,94,876,158,539
1085,99,882,154,529
1086,100,882,155,530
1087,103,882,156,531
1088,106,883,158,531
1089,108,880,159,540
1090,110,880,160,540
1091,113,881,160,538
1092,116,881,158,538
1093,118,881,158,538
1094,121,883,156,531
1095,122,883,156,531
1096,125,883,156,531
1097,129,888,152,521
1098,132,892,151,512
1099,134,893,149,512
1100,137,894,149,512
1101,140,897,146,502
1102,144,898,145,502
1103,145,898,147,501
1104,146,897,147,505
1105,149,902,145,494
1106,149,900,145,495
1107,153,902,144,494
1108,154,902,145,494
1109,156,902,144,493
1110,159,902,144,493
1111,159,902,144,493
1112,162,902,144,492
1113,164,902,144,494
1114,167,902,143,496
1115,168,902,145,494
1116,170,900,145,496
1117,172,905,141,485
1118,173,902,145,494
1119,175,902,144,495
1120,177,903,144,494
1121,180,903,144,493
1122,181,902,144,494
1123,183,903,144,493
1124,184,903,145,495
1125,187,903,145,494
1126,189,907,142,485
1127,192,907,142,484
1128,194,907,141,484
1129,196,907,141,485
1130,197,907,141,485
1131,199,907,141,485
1132,201,908,140,484
1133,204,912,139,475
1134,205,912,139,475
1135,206,908,142,486
1136,208,907,142,486
1137,211,912,139,477
1138,213,912,138,477
1139,213,908,143,485
1140,218,915,136,469
1141,220,915,136,469
1142,221,915,136,469
1143,223,915,136,468
1144,224,915,136,468
1145,225,914,138,470
1146,229,919,134,461
1147,232,918,133,460
1148,232,914,137,469
1149,235,914,137,469
1150,237,910,138,477
1151,239,912,137,476
1152,240,908,141,484
1153,242,908,140,485
1154,243,907,142,487
1155,244,908,142,486
1156,246,908,143,485
1157,249,907,142,486
1158,251,907,141,486
1159,253,907,141,485
1160,254,907,141,485
1161,256,908,141,484
1162,259,908,141,485
1163,261,908,140,485
1164,262,908,142,486
1165,263,908,142,486
1166,267,912,140,477
1167,268,912,140,477
1168,272,917,137,467
1169,275,915,135,469
