1,1718,760,302,896
2,1720,759,302,896
3,1724,760,302,896
4,1726,760,302,896
5,1729,759,302,896
6,1731,759,302,896
7,1734,759,302,896
8,1737,759,302,896
9,1739,758,302,896
10,1741,759,302,896
11,1744,759,302,896
12,1746,759,302,896
13,1749,759,302,896
14,1752,759,302,896
15,1754,759,302,896
16,1757,759,302,896
17,1759,759,302,896
18,1761,759,302,896
19,1764,760,302,896
20,1764,749,308,914
21,1768,751,308,914
22,1774,752,308,914
23,1777,752,308,914
24,1781,751,308,914
25,1785,750,308,914
26,1789,751,308,914
27,1791,742,314,933
28,1796,744,314,932
29,1799,736,320,951
30,1804,738,320,951
31,1809,738,320,951
32,1813,739,321,950
33,1818,738,320,951
34,1821,729,327,970
35,1827,733,327,970
36,1829,726,334,989
37,1831,718,341,1009
38,1839,723,341,1009
39,1840,714,347,1029
40,1843,710,354,1050
41,1850,714,354,1050
42,1855,715,354,1050
43,1857,704,361,1071
44,1865,706,361,1071
45,1866,697,368,1092
46,1872,700,368,1092
47,1874,691,376,1114
48,1882,695,375,1114
49,1886,696,376,1114
50,1891,695,375,1114
51,1892,686,383,1136
52,1900,691,383,1137
53,1905,691,383,1137
54,1912,692,383,1137
55,1916,693,383,1137
56,1923,696,383,1136
57,1929,696,383,1136
58,1932,686,390,1159
59,1940,691,391,1159
60,1944,683,398,1182
61,1953,688,398,1182
62,1959,679,407,1206
63,1973,682,407,1206
64,1979,674,414,1230
65,1991,669,423,1254
66,2008,674,423,1255
67,2024,676,423,1255
68,2040,677,422,1255
69,2059,681,423,1255
70,2072,683,423,1254
71,2093,685,423,1254
72,2110,684,423,1255
73,2131,683,422,1255
74,2150,681,423,1254
75,2169,677,423,1254
76,2195,675,423,1254
77,2214,675,423,1254
78,2232,672,423,1255
79,2246,674,423,1254
80,2265,686,415,1230
81,2283,690,406,1206
82,2293,679,407,1206
83,2305,677,406,1206
84,2319,676,406,1206
85,2332,674,407,1206
86,2346,670,407,1206
87,2361,666,407,1205
88,2372,665,406,1206
89,2384,665,407,1206
90,2398,666,407,1206
91,2411,665,406,1206
92,2426,666,406,1206
93,2440,667,407,1206
94,2458,668,407,1206
95,2479,668,406,1206
96,2498,667,406,1206
97,2520,666,406,1206
98,2545,666,406,1206
99,2563,652,414,1230
100,2584,639,423,1255
101,2602,626,431,1280
102,2632,610,440,1306
103,2644,599,449,1331
104,2679,596,449,1332
105,2685,585,458,1358
106,2712,587,458,1358
107,2726,589,458,1358
108,2746,585,458,1358
109,2758,569,467,1385
110,2780,569,467,1385
111,2792,555,476,1413
112,2816,562,476,1413
113,2825,546,486,1442
114,2850,551,486,1441
115,2867,553,486,1441
116,2889,554,486,1441
117,2916,557,486,1441
118,2936,560,486,1441
119,2965,564,486,1441
120,2989,560,486,1441
121,3020,559,486,1441
122,3056,571,476,1413
123,3084,568,476,1413
124,3107,564,477,1413
125,3138,560,476,1413
126,3160,555,477,1413
127,3173,547,477,1413
128,3201,542,476,1413
129,3227,540,476,1413
130,3248,535,477,1413
131,3269,531,476,1413
132,3291,531,476,1413
133,3314,531,477,1412
134,3333,527,476,1413
135,3354,527,476,1413
136,3374,530,476,1413
137,3398,529,476,1413
138,3421,542,466,1385
139,3436,538,467,1385
140,3456,535,467,1386
141,3474,538,467,1385
142,3494,550,458,1358
143,3511,543,458,1359
144,3533,539,458,1358
145,3552,537,458,1358
146,3568,539,458,1358
147,3588,535,458,1359
148,3609,533,458,1358
149,3610,526,457,1358
150,3605,503,467,1385
151,3610,533,457,1358
152,3610,532,457,1358
153,3610,540,457,1358
154,3610,547,457,1358
155,3610,549,457,1358
156,3610,544,457,1358
157,3610,537,457,1358
158,3614,545,449,1331
159,3619,551,439,1306
160,3619,535,439,1305
161,3613,536,440,1306
162,3619,538,440,1305
163,3619,534,439,1305
164,3619,537,439,1306
165,3623,551,431,1280
166,3623,548,431,1280
167,3623,549,431,1279
168,3623,548,431,1280
169,3623,548,431,1280
170,3623,549,431,1280
171,3623,548,431,1280
172,3623,548,431,1279
173,3623,548,431,1280
174,3623,546,431,1280
175,3623,546,431,1279
176,3623,547,431,1280
177,3623,547,431,1280
178,3623,548,431,1279
179,3623,549,431,1279
180,3623,549,431,1280
181,3623,549,431,1280
182,3627,562,423,1255
183,3627,561,423,1255
184,3627,559,423,1255
185,3627,557,423,1254
186,3627,557,423,1255
187,3627,557,423,1255
188,3627,559,423,1255
189,3623,549,431,1279
190,3623,553,431,1279
191,3623,553,431,1280
192,3623,553,431,1279
193,3627,564,423,1254
194,3627,563,423,1255
195,3627,561,423,1255
196,3627,559,423,1255
197,3627,559,423,1254
198,3627,559,423,1254
199,3627,556,423,1255
200,3627,555,423,1255
201,3631,566,415,1230
202,3631,563,415,1230
203,3631,563,415,1230
204,3631,564,415,1230
205,3635,573,407,1206
206,3635,574,407,1205
207,3635,573,407,1206
208,3635,573,407,1205
209,3635,574,407,1206
210,3635,575,407,1206
211,3635,575,407,1206
212,3631,566,415,1230
213,3631,568,415,1230
214,3631,567,415,1230
215,3631,569,415,1230
216,3631,567,415,1230
217,3631,568,415,1230
218,3631,569,415,1230
219,3631,569,415,1230
220,3631,570,415,1230
221,3631,569,415,1230
222,3631,570,415,1230
223,3631,571,415,1230
224,3631,571,415,1230
225,3627,560,423,1255
226,3627,561,423,1254
227,3627,560,423,1254
228,3627,562,423,1255
229,3627,560,423,1255
230,3631,572,415,1230
231,3631,570,415,1230
232,3631,570,415,1230
233,3631,571,415,1230
234,3631,571,415,1230
235,3627,559,423,1255
236,3631,572,415,1230
237,3631,573,415,1230
238,3631,574,415,1230
239,3631,573,415,1230
240,3631,574,415,1230
241,3631,575,415,1230
242,3631,575,415,1230
243,3631,574,415,1230
244,3631,574,415,1230
245,3631,577,415,1230
246,3631,573,415,1230
247,3631,575,415,1230
248,3631,575,415,1230
249,3631,575,415,1231
250,3631,575,415,1230
251,3631,575,415,1231
252,3635,589,407,1206
253,3635,586,407,1205
254,3635,585,407,1206
255,3639,597,399,1183
256,3643,607,391,1159
257,3647,616,383,1136
258,3651,627,375,1114
259,3651,625,375,1114
260,3654,638,369,1092
261,3658,647,361,1070
262,3662,657,353,1050
263,3662,658,353,1050
264,3665,668,347,1029
265,3668,677,341,1009
266,3672,685,333,990
267,3675,696,327,970
268,3678,708,321,950
269,3681,718,315,932
270,3684,727,309,914
271,3688,737,301,896
272,3690,747,297,878
273,3693,756,291,861
274,3693,757,291,861
275,3696,765,285,845
276,3696,765,285,844
277,3690,748,297,878
278,3690,747,297,878
279,3693,762,291,861
280,3696,768,285,845
281,3699,780,279,828
282,3702,791,273,812
283,3704,803,269,795
284,3704,801,269,795
285,3707,808,263,780
286,3710,817,257,765
287,3712,825,253,750
288,3712,826,253,750
289,3712,826,253,750
290,3717,840,243,720
291,3719,849,239,706
292,3717,842,243,721
293,3717,839,243,721
294,3719,847,239,706
295,3717,840,243,721
296,3719,846,239,706
297,3722,852,233,692
298,3719,845,239,706
299,3717,838,243,721
300,3715,829,247,735
301,3715,827,247,735
302,3712,819,253,750
303,3712,819,253,750
304,3712,818,253,750
305,3715,825,247,735
306,3715,824,247,735
307,3717,833,243,720
308,3717,834,243,721
309,3719,837,239,707
310,3722,841,233,693
311,3724,846,229,679
312,3724,851,229,679
313,3724,849,229,679
314,3724,849,229,679
315,3724,852,229,679
316,3724,852,229,679
317,3724,851,229,679
318,3724,851,229,680
319,3724,853,229,679
320,3724,853,229,679
321,3724,855,229,679
322,3726,864,225,666
323,3726,865,225,666
324,3724,858,229,679
325,3722,851,233,692
326,3719,843,239,707
327,3719,843,239,707
328,3719,846,239,706
329,3719,846,239,706
330,3719,847,239,706
331,3719,848,239,707
332,3719,850,239,707
333,3719,855,239,706
334,3719,857,239,706
335,3719,858,239,706
336,3719,859,239,706
337,3722,868,233,692
338,3724,877,229,679
339,3724,878,229,679
340,3726,886,225,666
341,3729,895,219,653
342,3729,899,219,652
343,3729,896,219,653
344,3731,906,215,640
345,3731,906,215,640
346,3733,915,211,627
347,3735,922,207,615
348,3735,923,207,615
349,3737,931,203,603
350,3739,939,199,591
351,3739,943,199,591
352,3741,947,195,580
353,3741,951,195,579
354,3743,956,191,569
355,3745,963,187,557
356,3745,966,187,557
357,3745,967,187,557
358,3746,975,185,546
359,3748,981,181,536
360,3750,988,177,525
361,3754,1001,170,504
362,3758,1013,163,485
363,3758,1021,161,476
364,3751,1013,167,494
365,3748,1002,173,515
366,3752,1012,167,495
367,3752,1009,170,505
368,3750,1008,170,505
369,3752,1011,170,505
370,3753,1015,167,494
371,3755,1020,163,485
372,3757,1023,164,485
373,3756,1023,163,485
374,3754,1015,170,504
375,3756,1023,163,485
376,3757,1025,163,485
377,3761,1041,155,457
378,3758,1037,157,467
379,3762,1048,151,448
380,3758,1041,157,467
381,3756,1037,160,475
382,3751,1028,167,495
383,3756,1039,160,475
384,3755,1040,160,476
385,3759,1051,154,457
386,3761,1056,151,448
387,3757,1044,160,475
388,3757,1048,157,466
389,3759,1059,151,448
390,3763,1069,145,430
391,3762,1069,145,431
392,3762,1066,148,439
393,3762,1063,151,448
394,3761,1064,151,448
395,3763,1073,145,431
396,3764,1075,145,431
397,3761,1072,148,439
398,3758,1065,154,457
399,3756,1064,154,457
400,3759,1069,151,448
401,3761,1078,145,431
402,3763,1078,148,439
403,3760,1074,151,448
404,3759,1075,151,448
405,3760,1076,151,448
406,3760,1077,151,448
407,3761,1082,148,440
408,3764,1089,145,430
409,3766,1089,146,431
410,3767,1089,145,431
411,3768,1095,142,422
412,3769,1100,140,414
413,3769,1101,139,414
414,3769,1102,139,414
415,3770,1103,139,414
416,3769,1104,139,414
417,3769,1105,140,414
418,3767,1101,143,422
419,3769,1106,140,414
420,3771,1116,135,398
421,3773,1121,132,390
422,3774,1126,129,382
423,3775,1130,127,375
424,3777,1139,121,360
425,3779,1145,119,353
426,3777,1145,119,353
427,3776,1146,119,353
428,3776,1149,117,347
429,3777,1152,117,346
430,3777,1153,116,346
431,3777,1153,117,346
432,3775,1155,117,346
433,3775,1156,117,346
434,3775,1157,116,346
435,3774,1157,117,346
436,3774,1158,117,347
437,3774,1159,116,347
438,3774,1161,116,346
439,3772,1160,116,346
440,3774,1162,117,346
441,3772,1162,117,346
442,3774,1162,116,346
443,3775,1162,117,347
444,3775,1163,116,346
445,3775,1163,116,347
446,3774,1164,117,346
447,3774,1165,117,346
448,3774,1165,117,346
449,3775,1165,117,346
450,3775,1166,117,346
451,3775,1166,117,347
452,3774,1166,117,347
453,3774,1168,117,346
454,3775,1169,116,346
455,3775,1169,116,347
456,3774,1170,116,346
457,3776,1174,114,340
458,3776,1175,114,340
459,3779,1179,112,333
460,3782,1183,110,327
461,3781,1187,108,320
462,3781,1188,108,320
463,3782,1188,107,320
464,3782,1189,108,320
465,3783,1189,108,319
466,3782,1189,108,320
467,3784,1194,105,313
468,3783,1193,106,314
469,3780,1190,108,320
470,3781,1194,106,314
471,3782,1196,105,313
472,3783,1196,106,314
473,3785,1199,104,308
474,3784,1200,103,307
475,3785,1201,104,307
476,3784,1201,104,308
477,3784,1201,104,308
478,3783,1201,104,307
479,3785,1201,103,307
480,3785,1201,103,307
481,3783,1194,108,320
482,3782,1195,108,320
483,3782,1196,108,320
484,3781,1192,110,326
485,3780,1193,110,327
486,3782,1193,110,326
487,3779,1190,112,333
488,3777,1186,114,340
489,3776,1186,114,340
490,3769,1183,117,346
491,3774,1179,119,353
492,3767,1175,122,360
493,3769,1175,121,360
494,3769,1171,124,368
495,3767,1168,126,375
496,3769,1168,126,375
497,3775,1177,121,360
498,3771,1173,124,367
499,3766,1169,127,375
500,3762,1165,128,382
501,3758,1156,135,398
502,3763,1161,131,390
503,3774,1169,126,375
504,3767,1170,127,375
505,3769,1171,126,375
506,3769,1180,121,360
507,3770,1174,124,368
508,3768,1172,124,368
509,3766,1174,124,368
510,3754,1174,124,367
511,3743,1178,122,361
512,3730,1186,119,353
513,3715,1186,119,353
514,3698,1187,119,353
515,3678,1194,117,346
516,3653,1202,114,339
517,3620,1199,115,340
518,3601,1198,117,346
519,3575,1194,117,346
520,3553,1196,117,347
521,3534,1194,119,353
522,3520,1196,119,353
523,3507,1199,120,353
524,3493,1201,119,353
525,3476,1196,121,360
526,3454,1219,124,367
527,3433,1231,124,368
528,3422,1252,124,367
529,3546,1192,126,375
530,3765,1181,124,368
531,3768,1181,124,368
532,3767,1181,124,368
533,3764,1182,124,368
534,3765,1188,122,360
535,3770,1193,119,353
536,3770,1193,119,354
537,3769,1195,119,354
538,3773,1197,119,353
539,3771,1196,119,353
540,3774,1197,119,353
541,3772,1197,119,353
542,3775,1195,119,354
543,3779,1197,119,353
544,3778,1197,119,353
545,3779,1197,119,353
546,3779,1196,119,353
547,3779,1196,119,353
548,3779,1197,119,353
549,3779,1196,119,354
550,3779,1196,119,353
551,3779,1195,119,353
552,3779,1195,119,353
553,3779,1195,119,353
554,3779,1196,119,353
555,3779,1196,119,353
556,3778,1196,119,354
557,3777,1197,119,353
558,3775,1198,119,353
559,3778,1197,119,354
560,3777,1197,119,353
561,3779,1197,119,353
562,3779,1197,119,353
563,3779,1197,119,353
564,3779,1196,119,353
565,3779,1196,119,353
566,3779,1196,119,353
567,3779,1195,119,353
568,3779,1195,119,354
569,3779,1195,119,354
570,3779,1195,119,354
571,3779,1195,119,353
572,3779,1196,119,354
573,3779,1197,119,353
574,3780,1200,117,347
575,3781,1204,115,339
576,3782,1208,113,333
577,3783,1212,111,327
578,3783,1212,111,327
579,3785,1216,107,320
580,3785,1217,107,320
581,3785,1217,107,320
582,3785,1216,107,320
583,3783,1212,111,327
584,3783,1212,111,327
585,3783,1213,111,326
586,3785,1216,107,320
587,3786,1221,105,314
588,3785,1217,107,320
589,3785,1217,107,320
590,3786,1221,105,314
591,3785,1217,107,320
592,3785,1217,107,320
593,3786,1221,105,314
594,3785,1217,107,320
595,3786,1221,105,314
596,3785,1217,107,320
597,3785,1217,107,320
598,3785,1217,107,320
599,3786,1221,105,314
600,3785,1217,108,320
601,3786,1221,105,313
602,3787,1224,103,307
603,3786,1220,105,314
604,3787,1224,103,307
605,3786,1221,105,313
606,3786,1220,105,314
607,3787,1224,103,307
608,3786,1219,105,314
609,3785,1216,107,320
610,3786,1220,105,314
611,3786,1220,105,313
612,3785,1216,107,320
613,3785,1216,107,320
614,3783,1211,111,327
615,3783,1211,111,326
616,3782,1207,113,333
617,3782,1207,113,333
618,3782,1207,113,333
619,3782,1208,113,332
620,3782,1207,113,333
621,3782,1208,113,333
622,3782,1207,113,333
623,3782,1207,113,333
624,3782,1207,113,333
625,3783,1210,111,327
626,3783,1211,111,326
627,3783,1210,111,327
628,3783,1210,111,327
629,3783,1211,111,326
630,3783,1210,111,326
631,3783,1211,111,326
632,3785,1214,107,320
633,3785,1215,107,319
634,3787,1222,103,307
635,3787,1223,103,307
636,3788,1226,101,301
637,3788,1226,101,301
638,3788,1226,102,301
639,3788,1225,101,302
640,3788,1226,101,301
641,3788,1225,101,302
642,3788,1225,101,301
643,3788,1224,101,302
644,3788,1224,101,301
645,3788,1224,101,301
646,3788,1224,101,301
647,3788,1224,101,302
648,3788,1225,101,301
649,3789,1228,99,295
650,3789,1227,99,296
651,3788,1224,101,301
652,3788,1224,101,301
653,3788,1224,101,301
654,3787,1221,103,307
655,3788,1223,101,302
656,3788,1224,101,301
657,3788,1223,101,301
658,3787,1221,103,307
659,3786,1217,105,313
660,3786,1216,105,314
661,3786,1217,105,313
662,3786,1216,105,313
663,3786,1216,105,314
664,3785,1212,107,320
665,3786,1216,105,314
666,3785,1212,107,320
667,3786,1216,105,314
668,3785,1212,107,320
669,3783,1208,111,326
670,3783,1207,111,327
671,3783,1208,111,326
672,3785,1212,107,320
673,3786,1216,105,313
674,3785,1211,107,320
675,3785,1211,107,320
676,3785,1211,107,320
677,3783,1207,111,326
678,3783,1207,111,326
679,3783,1207,111,326
680,3783,1206,111,327
681,3785,1210,107,320
682,3785,1210,107,320
683,3785,1210,107,320
684,3785,1210,107,320
685,3785,1210,107,320
686,3785,1209,107,320
687,3785,1210,107,320
688,3785,1209,107,320
689,3786,1213,105,314
690,3786,1211,105,314
691,3786,1212,105,313
692,3786,1211,105,314
693,3786,1210,105,314
694,3786,1211,105,314
695,3786,1210,105,314
696,3786,1210,105,314
697,3786,1211,105,314
698,3786,1211,105,314
699,3786,1211,105,314
700,3786,1211,105,314
701,3787,1216,103,308
702,3787,1214,103,308
703,3788,1217,101,302
704,3788,1218,101,301
705,3790,1226,97,290
706,3790,1225,97,290
707,3788,1218,101,301
708,3787,1213,103,307
709,3786,1208,105,314
710,3785,1203,107,320
711,3783,1199,111,327
712,3782,1193,113,333
713,3781,1190,115,340
714,3781,1189,115,340
715,3780,1183,117,346
716,3780,1183,117,346
717,3780,1181,117,346
718,3779,1179,119,353
719,3779,1177,119,353
720,3780,1181,117,346
721,3780,1180,117,347
722,3780,1181,117,346
723,3779,1176,119,354
724,3779,1177,119,354
725,3781,1188,115,339
726,3782,1191,113,333
727,3782,1196,113,333
728,3782,1188,113,333
729,3783,1194,111,326
730,3785,1197,107,320
731,3785,1196,107,320
732,3783,1191,111,327
733,3785,1194,107,320
734,3785,1194,107,320
735,3785,1194,107,320
736,3786,1197,105,313
737,3786,1197,105,313
738,3787,1199,103,308
739,3787,1199,103,307
740,3788,1202,101,301
741,3788,1203,101,301
742,3788,1203,101,301
743,3788,1203,101,301
744,3786,1198,105,314
745,3787,1200,103,308
746,3787,1200,103,308
747,3787,1200,103,308
748,3786,1198,105,313
749,3786,1198,105,314
750,3785,1195,107,320
751,3782,1190,113,333
752,3783,1193,111,326
753,3783,1193,111,326
754,3785,1198,107,320
755,3785,1197,107,320
756,3786,1199,105,314
757,3785,1197,107,320
758,3785,1198,107,320
759,3785,1201,107,320
760,3785,1202,107,320
761,3785,1203,107,320
762,3785,1203,107,320
763,3785,1203,107,320
764,3785,1203,107,320
765,3785,1204,107,320
766,3785,1205,107,320
767,3785,1205,107,320
768,3785,1207,107,320
769,3786,1209,105,314
770,3786,1210,105,313
771,3786,1210,105,313
772,3786,1210,105,314
773,3786,1212,105,314
774,3786,1213,105,314
775,3786,1213,105,313
776,3785,1212,107,320
777,3785,1213,107,320
778,3783,1211,111,327
779,3783,1215,111,326
780,3783,1214,111,326
781,3783,1214,111,327
782,3783,1215,111,327
783,3782,1214,113,332
784,3781,1213,115,339
785,3781,1213,115,340
786,3781,1214,115,340
787,3781,1216,115,339
788,3781,1214,115,340
789,3782,1214,113,333
790,3781,1216,115,339
791,3781,1216,115,339
792,3780,1213,117,347
793,3781,1213,115,340
794,3781,1214,115,340
795,3781,1216,115,339
796,3781,1216,115,339
797,3780,1214,117,347
798,3780,1214,117,346
799,3781,1223,115,339
800,3781,1224,115,340
801,3782,1229,113,333
802,3783,1234,111,326
803,3785,1239,107,320
804,3786,1248,105,314
805,3787,1252,103,308
806,3788,1258,101,302
807,3789,1263,99,296
808,3790,1269,97,289
809,3791,1273,95,284
810,3791,1275,95,284
811,3792,1279,93,278
812,3792,1283,93,273
813,3792,1286,93,273
814,3793,1290,91,268
815,3792,1287,93,274
816,3793,1287,91,268
817,3793,1288,91,268
818,3793,1289,91,267
819,3792,1288,93,273
820,3793,1290,91,267
821,3793,1290,91,267
822,3793,1290,91,268
823,3793,1290,91,268
824,3793,1291,91,267
825,3793,1290,91,268
826,3793,1291,91,268
827,3794,1295,89,262
828,3794,1295,89,263
829,3796,1302,85,252
830,3796,1305,85,252
831,3796,1306,85,252
832,3796,1306,85,253
833,3796,1307,85,252
834,3796,1306,85,252
835,3796,1306,85,252
836,3796,1305,85,253
837,3796,1304,85,253
838,3796,1301,85,252
839,3796,1299,85,253
840,3797,1301,83,247
841,3797,1300,83,247
842,3797,1299,83,247
843,3797,1298,83,247
844,3798,1299,81,243
845,3798,1299,81,243
846,3798,1298,81,243
847,3797,1295,83,248
848,3798,1296,81,242
849,3797,1293,83,247
850,3798,1294,81,242
851,3798,1293,81,242
852,3798,1292,81,242
853,3797,1289,83,248
854,3798,1290,81,243
855,3797,1288,83,247
856,3797,1286,83,248
857,3797,1287,83,247
858,3797,1286,83,247
859,3797,1285,83,248
860,3797,1285,83,247
861,3797,1284,83,247
862,3796,1280,85,253
863,3796,1279,85,252
864,3795,1276,87,257
865,3795,1274,87,258
866,3795,1274,87,257
867,3795,1273,87,257
868,3795,1272,87,257
869,3794,1269,89,262
870,3794,1267,89,262
871,3794,1266,89,262
872,3795,1266,87,258
873,3795,1265,87,257
874,3795,1265,87,257
875,3795,1263,87,258
876,3795,1262,87,258
877,3796,1264,85,253
878,3797,1265,83,247
879,3797,1264,83,247
880,3797,1263,83,248
881,3797,1262,83,247
882,3798,1264,81,242
883,3798,1263,81,243
884,3798,1262,81,243
885,3798,1261,81,242
886,3798,1259,81,243
887,3798,1258,81,242
888,3798,1257,81,242
889,3798,1257,81,238
890,3799,1259,79,233
891,3799,1258,79,234
892,3799,1257,79,233
893,3800,1257,77,229
894,3800,1257,77,229
895,3800,1256,77,228
896,3800,1255,77,228
897,3801,1255,75,224
898,3801,1256,75,220
899,3801,1254,75,219
900,3801,1253,75,220
901,3803,1256,71,211
902,3803,1256,71,212
903,3804,1257,69,207
904,3804,1257,69,203
905,3806,1268,65,195
906,3806,1267,65,191
907,3807,1267,63,188
908,3808,1267,61,184
909,3808,1268,61,180
910,3809,1269,59,177
911,3809,1268,59,177
912,3809,1267,59,177
913,3809,1266,59,174
914,3809,1266,59,173
915,3810,1267,57,170
916,3810,1266,57,170
917,3810,1268,57,167
918,3811,1269,55,163
919,3812,1270,53,160
920,3812,1270,54,160
921,3812,1267,53,160
922,3813,1268,53,157
923,3812,1267,53,157
924,3813,1265,53,157
925,3812,1264,53,157
926,3812,1263,53,157
927,3812,1261,53,157
928,3813,1262,51,153
929,3813,1264,51,154
930,3813,1263,51,154
931,3813,1258,51,153
932,3813,1257,51,153
933,3813,1257,51,153
934,3813,1256,51,153
935,3813,1256,51,151
936,3814,1257,49,148
937,3814,1257,49,148
938,3814,1256,49,148
939,3814,1255,49,148
940,3814,1256,49,147
941,3814,1260,49,147
942,3814,1260,49,148
943,nan,nan,nan,nan
944,nan,nan,nan,nan
945,nan,nan,nan,nan
946,nan,nan,nan,nan
947,nan,nan,nan,nan
948,nan,nan,nan,nan
949,nan,nan,nan,nan
950,nan,nan,nan,nan
951,nan,nan,nan,nan
952,nan,nan,nan,nan
953,nan,nan,nan,nan
954,nan,nan,nan,nan
955,nan,nan,nan,nan
956,nan,nan,nan,nan
957,nan,nan,nan,nan
958,nan,nan,nan,nan
959,nan,nan,nan,nan
960,nan,nan,nan,nan
961,nan,nan,nan,nan
962,nan,nan,nan,nan
963,nan,nan,nan,nan
964,nan,nan,nan,nan
965,nan,nan,nan,nan
966,nan,nan,nan,nan
967,nan,nan,nan,nan
968,nan,nan,nan,nan
969,nan,nan,nan,nan
970,nan,nan,nan,nan
971,nan,nan,nan,nan
972,nan,nan,nan,nan
973,nan,nan,nan,nan
974,nan,nan,nan,nan
975,nan,nan,nan,nan
976,nan,nan,nan,nan
977,nan,nan,nan,nan
978,nan,nan,nan,nan
979,nan,nan,nan,nan
980,nan,nan,nan,nan
981,nan,nan,nan,nan
982,nan,nan,nan,nan
983,nan,nan,nan,nan
984,nan,nan,nan,nan
985,nan,nan,nan,nan
986,nan,nan,nan,nan
987,nan,nan,nan,nan
988,nan,nan,nan,nan
989,nan,nan,nan,nan
990,nan,nan,nan,nan
991,nan,nan,nan,nan
992,nan,nan,nan,nan
993,nan,nan,nan,nan
994,nan,nan,nan,nan
995,nan,nan,nan,nan
996,nan,nan,nan,nan
997,nan,nan,nan,nan
998,nan,nan,nan,nan
999,nan,nan,nan,nan
1000,nan,nan,nan,nan
1001,nan,nan,nan,nan
1002,nan,nan,nan,nan
1003,nan,nan,nan,nan
1004,nan,nan,nan,nan
1005,nan,nan,nan,nan
1006,nan,nan,nan,nan
1007,nan,nan,nan,nan
1008,nan,nan,nan,nan
1009,nan,nan,nan,nan
1010,nan,nan,nan,nan
1011,nan,nan,nan,nan
1012,nan,nan,nan,nan
1013,nan,nan,nan,nan
1014,nan,nan,nan,nan
1015,nan,nan,nan,nan
1016,nan,nan,nan,nan
1017,nan,nan,nan,nan
1018,nan,nan,nan,nan
1019,nan,nan,nan,nan
1020,nan,nan,nan,nan
1021,nan,nan,nan,nan
1022,nan,nan,nan,nan
1023,nan,nan,nan,nan
1024,nan,nan,nan,nan
1025,nan,nan,nan,nan
1026,nan,nan,nan,nan
1027,nan,nan,nan,nan
1028,nan,nan,nan,nan
1029,nan,nan,nan,nan
1030,nan,nan,nan,nan
1031,nan,nan,nan,nan
1032,nan,nan,nan,nan
1033,nan,nan,nan,nan
1034,nan,nan,nan,nan
1035,nan,nan,nan,nan
1036,nan,nan,nan,nan
1037,nan,nan,nan,nan
1038,nan,nan,nan,nan
1039,nan,nan,nan,nan
1040,nan,nan,nan,nan
1041,nan,nan,nan,nan
1042,nan,nan,nan,nan
1043,nan,nan,nan,nan
1044,nan,nan,nan,nan
1045,nan,nan,nan,nan
1046,nan,nan,nan,nan
1047,nan,nan,nan,nan
1048,nan,nan,nan,nan
1049,nan,nan,nan,nan
1050,nan,nan,nan,nan
1051,nan,nan,nan,nan
1052,nan,nan,nan,nan
1053,nan,nan,nan,nan
1054,nan,nan,nan,nan
1055,nan,nan,nan,nan
1056,nan,nan,nan,nan
1057,nan,nan,nan,nan
1058,nan,nan,nan,nan
1059,nan,nan,nan,nan
1060,nan,nan,nan,nan
1061,nan,nan,nan,nan
1062,nan,nan,nan,nan
1063,nan,nan,nan,nan
1064,nan,nan,nan,nan
1065,nan,nan,nan,nan
1066,nan,nan,nan,nan
1067,nan,nan,nan,nan
1068,nan,nan,nan,nan
1069,nan,nan,nan,nan
1070,nan,nan,nan,nan
1071,nan,nan,nan,nan
1072,nan,nan,nan,nan
1073,nan,nan,nan,nan
1074,nan,nan,nan,nan
1075,nan,nan,nan,nan
1076,nan,nan,nan,nan
1077,nan,nan,nan,nan
1078,nan,nan,nan,nan
1079,nan,nan,nan,nan
1080,nan,nan,nan,nan
1081,nan,nan,nan,nan
1082,nan,nan,nan,nan
1083,nan,nan,nan,nan
1084,nan,nan,nan,nan
1085,nan,nan,nan,nan
1086,nan,nan,nan,nan
1087,nan,nan,nan,nan
1088,nan,nan,nan,nan
1089,nan,nan,nan,nan
1090,nan,nan,nan,nan
1091,nan,nan,nan,nan
1092,nan,nan,nan,nan
1093,nan,nan,nan,nan
1094,nan,nan,nan,nan
1095,nan,nan,nan,nan
1096,nan,nan,nan,nan
1097,nan,nan,nan,nan
1098,nan,nan,nan,nan
1099,nan,nan,nan,nan
1100,nan,nan,nan,nan
1101,nan,nan,nan,nan
1102,nan,nan,nan,nan
1103,nan,nan,nan,nan
1104,nan,nan,nan,nan
1105,nan,nan,nan,nan
1106,nan,nan,nan,nan
1107,nan,nan,nan,nan
1108,nan,nan,nan,nan
1109,nan,nan,nan,nan
1110,nan,nan,nan,nan
1111,nan,nan,nan,nan
1112,nan,nan,nan,nan
1113,nan,nan,nan,nan
1114,nan,nan,nan,nan
1115,nan,nan,nan,nan
1116,nan,nan,nan,nan
1117,nan,nan,nan,nan
1118,nan,nan,nan,nan
1119,nan,nan,nan,nan
1120,nan,nan,nan,nan
1121,nan,nan,nan,nan
1122,nan,nan,nan,nan
1123,nan,nan,nan,nan
1124,nan,nan,nan,nan
1125,nan,nan,nan,nan
1126,nan,nan,nan,nan
1127,nan,nan,nan,nan
1128,nan,nan,nan,nan
1129,nan,nan,nan,nan
1130,nan,nan,nan,nan
1131,nan,nan,nan,nan
1132,nan,nan,nan,nan
1133,nan,nan,nan,nan
1134,nan,nan,nan,nan
1135,nan,nan,nan,nan
1136,nan,nan,nan,nan
1137,nan,nan,nan,nan
1138,nan,nan,nan,nan
1139,nan,nan,nan,nan
1140,nan,nan,nan,nan
1141,nan,nan,nan,nan
1142,nan,nan,nan,nan
1143,nan,nan,nan,nan
1144,nan,nan,nan,nan
1145,nan,nan,nan,nan
1146,nan,nan,nan,nan
1147,nan,nan,nan,nan
1148,nan,nan,nan,nan
1149,nan,nan,nan,nan
1150,nan,nan,nan,nan
1151,nan,nan,nan,nan
1152,nan,nan,nan,nan
1153,nan,nan,nan,nan
1154,nan,nan,nan,nan
1155,nan,nan,nan,nan
1156,nan,nan,nan,nan
1157,nan,nan,nan,nan
1158,nan,nan,nan,nan
1159,nan,nan,nan,nan
1160,nan,nan,nan,nan
1161,nan,nan,nan,nan
1162,nan,nan,nan,nan
1163,nan,nan,nan,nan
1164,nan,nan,nan,nan
1165,nan,nan,nan,nan
1166,nan,nan,nan,nan
1167,nan,nan,nan,nan
1168,nan,nan,nan,nan
1169,nan,nan,nan,nan
