1,1718,760,302,896
2,1720,759,302,896
3,1724,760,302,896
4,1726,760,302,896
5,1729,759,302,896
6,1731,759,302,896
7,1734,759,302,896
8,1737,759,302,896
9,1739,758,302,896
10,1741,759,302,896
11,1744,759,302,896
12,1746,759,302,896
13,1749,759,302,896
14,1752,759,302,896
15,1754,759,302,896
16,1757,759,302,896
17,1759,759,302,896
18,1761,759,302,896
19,1764,760,302,896
20,1764,749,308,914
21,1768,751,308,914
22,1774,752,308,914
23,1777,752,308,914
24,1781,751,308,914
25,1785,750,308,914
26,1789,751,308,914
27,1791,742,314,933
28,1796,744,314,932
29,1799,736,320,951
30,1804,738,320,951
31,1809,738,320,951
32,1813,739,321,950
33,1818,738,320,951
34,1821,729,327,970
35,1827,733,327,970
36,1829,726,334,989
37,1831,718,341,1009
38,1839,723,341,1009
39,1840,714,347,1029
40,1843,710,354,1050
41,1850,714,354,1050
42,1855,715,354,1050
43,1857,704,361,1071
44,1865,706,361,1071
45,1866,697,368,1092
46,1872,700,368,1092
47,1874,691,376,1114
48,1882,695,375,1114
49,1886,696,376,1114
50,1891,695,375,1114
51,1892,686,383,1136
52,1900,691,383,1137
53,1905,691,383,1137
54,1912,692,383,1137
55,1916,693,383,1137
56,1923,696,383,1136
57,1929,696,383,1136
58,1932,686,390,1159
59,1940,691,391,1159
60,1944,683,398,1182
61,1953,688,398,1182
62,1959,679,407,1206
63,1973,682,407,1206
64,1979,674,414,1230
65,1991,669,423,1254
66,2008,674,423,1255
67,2024,676,423,1255
68,2040,677,422,1255
69,2059,681,423,1255
70,2072,683,423,1254
71,2093,685,423,1254
72,2110,684,423,1255
73,2131,683,422,1255
74,2150,681,423,1254
75,2169,677,423,1254
76,2195,675,423,1254
77,2214,675,423,1254
78,2232,672,423,1255
79,2246,674,423,1254
80,2265,686,415,1230
81,2283,690,406,1206
82,2293,679,407,1206
83,2305,677,406,1206
84,2319,676,406,1206
85,2332,674,407,1206
86,2346,670,407,1206
87,2361,666,407,1205
88,2372,665,406,1206
89,2384,665,407,1206
90,2398,666,407,1206
91,2411,665,406,1206
92,2426,666,406,1206
93,2440,667,407,1206
94,2458,668,407,1206
95,2479,668,406,1206
96,2498,667,406,1206
97,2520,666,406,1206
98,2545,666,406,1206
99,2563,652,414,1230
100,2584,639,423,1255
101,2602,626,431,1280
102,2632,610,440,1306
103,2644,599,449,1331
104,2669,600,449,1332
105,2682,585,458,1358
106,2706,588,458,1358
107,2724,586,458,1358
108,2739,571,466,1385
109,2758,575,467,1385
110,2771,557,476,1413
111,2794,561,477,1413
112,2804,546,486,1441
113,2828,550,486,1441
114,2843,554,486,1441
115,2864,552,486,1441
116,2887,556,486,1441
117,2910,560,485,1441
118,2931,561,486,1441
119,2959,562,486,1442
120,2986,560,486,1441
121,3016,562,486,1441
122,3047,561,485,1441
123,3075,558,486,1442
124,3105,560,486,1442
125,3134,553,486,1442
126,3149,548,486,1441
127,3170,541,486,1441
128,3202,535,486,1441
129,3216,518,495,1470
130,3254,530,485,1441
131,3270,526,486,1442
132,3295,538,476,1413
133,3320,546,467,1385
134,3335,541,466,1385
135,3355,538,467,1385
136,3386,542,456,1358
137,3403,557,447,1331
138,3423,556,448,1331
139,3443,552,448,1332
140,3464,554,448,1331
141,3485,552,448,1332
142,3511,563,439,1306
143,3527,560,439,1306
144,3547,558,439,1306
145,3565,553,439,1305
146,3586,545,439,1305
147,3608,540,439,1305
148,3636,532,439,1305
149,3652,529,439,1306
150,3670,529,439,1305
151,3687,529,439,1306
152,3703,535,439,1305
153,3716,524,439,1305
154,3734,531,439,1305
155,3745,531,439,1306
156,3757,530,439,1306
157,3767,534,439,1306
158,3778,536,439,1305
159,3788,536,439,1305
160,3803,549,431,1279
161,3810,544,431,1280
162,3818,545,431,1280
163,3826,546,430,1280
164,3833,544,431,1280
165,4,544,431,1280
166,13,542,431,1280
167,22,540,431,1279
168,32,535,431,1280
169,43,546,423,1254
170,48,544,422,1254
171,60,544,423,1255
172,64,543,423,1254
173,71,541,423,1254
174,75,541,423,1254
175,83,536,422,1254
176,86,540,423,1255
177,91,539,423,1255
178,96,542,423,1254
179,102,541,423,1255
180,107,541,423,1255
181,113,542,422,1254
182,116,544,423,1254
183,122,543,423,1254
184,124,541,423,1255
185,128,541,423,1255
186,130,541,423,1255
187,132,539,423,1255
188,137,542,423,1255
189,138,543,423,1255
190,142,544,423,1255
191,144,546,423,1254
192,145,543,423,1255
193,150,544,423,1255
194,151,545,423,1254
195,155,544,423,1254
196,154,544,423,1254
197,162,543,423,1255
198,161,543,423,1254
199,162,544,423,1255
200,163,545,423,1255
201,165,548,423,1254
202,170,544,423,1255
203,171,546,423,1255
204,172,548,422,1255
205,172,547,423,1255
206,174,548,423,1254
207,176,548,423,1255
208,179,549,423,1255
209,186,543,423,1255
210,186,546,423,1255
211,188,549,423,1254
212,190,547,423,1255
213,194,548,423,1255
214,196,549,423,1255
215,202,559,415,1230
216,204,560,415,1230
217,205,559,415,1230
218,205,559,415,1230
219,206,560,415,1230
220,207,561,415,1230
221,210,560,415,1230
222,217,559,414,1230
223,218,558,415,1230
224,219,556,415,1231
225,220,559,414,1230
226,221,561,414,1230
227,221,560,415,1230
228,228,556,415,1230
229,228,559,415,1230
230,228,559,415,1230
231,229,560,415,1230
232,230,561,414,1230
233,232,561,415,1230
234,234,560,414,1230
235,241,559,415,1230
236,241,559,415,1230
237,241,561,415,1230
238,242,562,414,1230
239,243,561,415,1230
240,245,561,415,1230
241,252,559,414,1230
242,252,560,414,1230
243,252,562,415,1230
244,254,562,415,1231
245,255,563,415,1230
246,257,561,414,1230
247,259,562,415,1230
248,265,559,415,1230
249,265,561,415,1230
250,267,562,414,1230
251,268,561,415,1230
252,270,561,414,1230
253,277,560,414,1230
254,277,561,414,1230
255,278,562,415,1230
256,279,562,414,1230
257,279,562,415,1230
258,281,562,415,1230
259,288,561,415,1230
260,289,562,414,1230
261,289,562,415,1230
262,290,563,414,1230
263,291,564,415,1230
264,293,562,414,1230
265,295,563,415,1230
266,303,561,415,1230
267,304,562,414,1230
268,304,562,415,1230
269,305,562,415,1230
270,312,561,414,1230
271,312,562,415,1230
272,312,561,415,1230
273,313,562,415,1230
274,314,563,415,1230
275,315,563,415,1230
276,316,562,415,1230
277,318,562,415,1230
278,325,561,415,1230
279,326,562,414,1230
280,326,563,414,1230
281,326,563,415,1230
282,328,562,414,1231
283,329,561,415,1230
284,338,561,415,1230
285,338,562,415,1230
286,339,561,415,1230
287,340,562,415,1230
288,342,563,414,1230
289,347,561,415,1230
290,348,561,415,1230
291,349,562,415,1230
292,350,563,415,1230
293,352,563,414,1230
294,353,564,415,1230
295,358,563,415,1230
296,359,564,414,1230
297,359,564,414,1230
298,360,564,414,1230
299,360,565,415,1230
300,361,565,414,1230
301,362,566,415,1230
302,364,565,415,1230
303,366,565,414,1230
304,375,565,414,1230
305,374,565,415,1230
306,374,564,415,1230
307,376,565,415,1230
308,377,565,415,1230
309,384,564,414,1230
310,383,565,414,1230
311,383,564,415,1230
312,386,565,414,1230
313,387,565,414,1230
314,388,565,415,1230
315,391,564,414,1230
316,396,563,415,1230
317,396,564,415,1230
318,397,564,415,1230
319,398,564,414,1230
320,399,565,415,1230
321,400,565,414,1230
322,401,565,415,1230
323,406,564,415,1230
324,408,566,414,1230
325,407,566,415,1230
326,407,566,414,1230
327,408,566,414,1230
328,410,567,414,1230
329,411,566,415,1230
330,413,567,414,1230
331,414,566,415,1230
332,419,567,414,1230
333,416,566,414,1230
334,418,567,415,1230
335,420,566,414,1230
336,422,568,415,1230
337,422,568,415,1230
338,424,567,414,1230
339,426,569,415,1230
340,431,568,415,1230
341,429,568,415,1230
342,431,568,415,1230
343,432,568,414,1230
344,435,568,414,1230
345,436,568,415,1230
346,439,568,414,1230
347,444,568,415,1230
348,442,568,415,1230
349,445,569,414,1230
350,446,569,415,1230
351,448,569,414,1230
352,450,568,414,1230
353,454,568,415,1230
354,453,569,415,1230
355,455,568,414,1230
356,457,568,415,1230
357,460,568,415,1230
358,462,569,415,1230
359,466,567,414,1230
360,466,567,414,1230
361,468,570,415,1230
362,469,568,415,1230
363,473,569,414,1230
364,474,567,414,1230
365,480,569,414,1230
366,478,568,415,1230
367,481,569,414,1230
368,483,569,414,1230
369,483,568,415,1230
370,486,569,415,1230
371,492,568,415,1230
372,491,570,415,1230
373,492,569,415,1230
374,495,569,415,1230
375,497,568,415,1230
376,503,569,415,1230
377,501,569,415,1230
378,503,568,415,1230
379,506,569,414,1230
380,508,569,414,1230
381,509,569,415,1230
382,516,570,414,1230
383,516,569,415,1230
384,518,569,415,1230
385,520,570,414,1230
386,522,569,414,1230
387,528,569,415,1230
388,528,569,414,1230
389,529,569,415,1230
390,531,570,415,1230
391,533,570,415,1230
392,537,568,415,1230
393,538,570,415,1230
394,539,569,415,1230
395,541,571,415,1230
396,542,571,415,1230
397,543,571,415,1230
398,545,570,415,1230
399,552,569,415,1230
400,553,569,414,1230
401,554,571,415,1230
402,555,571,415,1230
403,556,570,415,1230
404,558,571,415,1230
405,564,568,414,1230
406,565,570,414,1230
407,564,570,415,1230
408,566,570,415,1230
409,569,571,414,1230
410,570,570,415,1230
411,575,569,414,1230
412,575,570,414,1230
413,576,569,415,1230
414,578,570,415,1230
415,580,569,414,1230
416,581,570,415,1230
417,580,556,423,1255
418,583,558,423,1255
419,585,557,422,1255
420,586,558,423,1255
421,590,556,423,1255
422,589,559,423,1254
423,590,559,423,1254
424,592,557,423,1254
425,594,557,423,1255
426,590,546,431,1279
427,591,545,432,1280
428,591,547,432,1279
429,592,548,431,1280
430,592,549,431,1280
431,596,561,423,1255
432,591,561,422,1255
433,590,563,423,1254
434,591,564,423,1255
435,590,563,422,1255
436,588,564,423,1254
437,587,565,423,1255
438,587,568,422,1254
439,572,542,440,1305
440,570,538,449,1332
441,570,538,448,1332
442,561,539,449,1331
443,558,540,448,1331
444,550,539,448,1331
445,544,541,448,1331
446,537,543,449,1331
447,532,543,449,1331
448,527,539,448,1331
449,524,554,440,1305
450,514,548,440,1305
451,507,550,439,1305
452,499,552,440,1305
453,492,549,440,1306
454,489,551,440,1305
455,483,549,440,1305
456,478,547,440,1305
457,476,557,431,1280
458,478,562,431,1280
459,481,563,431,1279
460,480,562,432,1280
461,474,548,440,1306
462,481,552,440,1305
463,479,555,440,1305
464,479,542,448,1331
465,478,551,449,1331
466,477,550,449,1331
467,469,552,449,1331
468,465,552,449,1332
469,459,551,449,1331
470,455,548,448,1332
471,449,546,449,1331
472,443,550,449,1331
473,439,552,449,1331
474,433,555,449,1331
475,426,560,449,1331
476,418,566,449,1332
477,409,572,449,1332
478,399,577,449,1331
479,387,580,449,1332
480,374,582,448,1331
481,365,591,440,1306
482,350,590,440,1306
483,340,590,440,1305
484,326,593,440,1305
485,315,588,440,1305
486,297,578,449,1331
487,286,582,448,1331
488,265,571,458,1358
489,255,575,458,1358
490,238,575,458,1358
491,224,578,457,1358
492,208,593,449,1332
493,193,590,449,1332
494,177,591,449,1331
495,157,592,449,1331
496,137,594,449,1331
497,110,595,449,1331
498,95,600,449,1331
499,70,604,449,1331
500,44,594,458,1358
501,25,589,467,1385
502,3,580,476,1413
503,3826,571,484,1441
504,3809,578,484,1441
505,3792,580,484,1441
506,3778,578,485,1441
507,3763,582,485,1441
508,3750,581,484,1441
509,3736,579,484,1441
510,3722,580,484,1441
511,3710,582,485,1441
512,3702,583,485,1441
513,3690,584,485,1441
514,3674,586,484,1442
515,3661,603,475,1413
516,3641,603,475,1413
517,3622,605,475,1413
518,3600,605,475,1413
519,3581,607,475,1413
520,3563,609,475,1413
521,3548,610,475,1413
522,3530,611,475,1413
523,3519,613,476,1413
524,3505,611,475,1412
525,3492,609,475,1413
526,3479,608,475,1412
527,3464,610,475,1413
528,3448,610,476,1413
529,3431,612,475,1413
530,3414,614,475,1413
531,3400,616,475,1413
532,3382,617,475,1413
533,3366,619,475,1413
534,3347,619,476,1413
535,3327,619,476,1413
536,3306,622,476,1413
537,3284,622,476,1413
538,3256,607,486,1441
539,3231,607,485,1441
540,3214,608,486,1441
541,3198,609,486,1441
542,3181,607,486,1441
543,3157,587,495,1470
544,3132,568,505,1500
545,3115,573,505,1499
546,3104,574,506,1499
547,3093,559,516,1529
548,3075,561,515,1529
549,3058,556,515,1529
550,3044,554,515,1529
551,3031,547,516,1530
552,3014,562,505,1499
553,2995,554,506,1499
554,2986,553,505,1500
555,2974,550,505,1499
556,2967,548,506,1500
557,2956,561,496,1470
558,2945,559,495,1470
559,2937,560,495,1470
560,2925,561,495,1470
561,2925,574,486,1441
562,2915,572,485,1441
563,2912,583,476,1413
564,2906,580,476,1413
565,2907,594,467,1385
566,2903,590,467,1385
567,2901,588,467,1385
568,2900,588,466,1385
569,2901,587,466,1385
570,2902,586,467,1385
571,2901,586,467,1386
572,2901,588,467,1386
573,2903,589,467,1385
574,2906,590,467,1385
575,2910,592,467,1385
576,2911,591,467,1385
577,2920,603,458,1358
578,2924,602,457,1358
579,2928,599,458,1358
580,2936,610,449,1332
581,2939,606,449,1331
582,2946,618,440,1305
583,2952,626,432,1280
584,2959,634,423,1255
585,2965,642,414,1230
586,2971,649,407,1206
587,2976,659,399,1182
588,2979,655,398,1183
589,2981,653,399,1183
590,2985,652,399,1182
591,2988,652,398,1182
592,2992,651,398,1182
593,2995,652,399,1182
594,2998,652,399,1182
595,3000,654,399,1182
596,3003,656,398,1182
597,3005,656,398,1182
598,3007,656,398,1182
599,3008,659,398,1182
600,3014,671,391,1159
601,3014,670,391,1159
602,3015,668,390,1159
603,3015,666,390,1159
604,3018,667,390,1159
605,3019,669,391,1159
606,3021,669,391,1159
607,3024,669,391,1159
608,3027,669,390,1159
609,3029,670,390,1159
610,3030,670,391,1159
611,3032,670,391,1159
612,3035,670,390,1159
613,3037,670,391,1159
614,3040,671,391,1159
615,3042,670,390,1159
616,3044,670,391,1159
617,3046,670,390,1159
618,3047,669,391,1159
619,3049,669,391,1159
620,3051,669,391,1160
621,3054,669,390,1159
622,3056,668,390,1160
623,3058,669,390,1159
624,3060,669,391,1159
625,3062,669,391,1159
626,3064,669,391,1160
627,3067,670,390,1159
628,3070,670,390,1159
629,3072,671,391,1159
630,3075,671,391,1159
631,3077,672,391,1159
632,3080,672,391,1159
633,3083,672,391,1159
634,3086,672,390,1159
635,3088,671,391,1159
636,3090,671,391,1159
637,3093,671,390,1159
638,3095,671,391,1159
639,3097,671,391,1159
640,3100,671,391,1160
641,3102,671,391,1159
642,3105,671,391,1159
643,3108,671,391,1159
644,3110,670,390,1160
645,3113,670,391,1159
646,3115,670,391,1159
647,3117,670,390,1159
648,3119,670,391,1159
649,3122,670,391,1159
650,3124,670,391,1159
651,3126,670,391,1159
652,3129,670,390,1159
653,3131,670,391,1159
654,3134,670,390,1160
655,3136,670,391,1159
656,3139,670,391,1159
657,3141,671,390,1159
658,3143,671,390,1159
659,3145,671,391,1159
660,3147,672,391,1159
661,3149,672,390,1159
662,3151,672,391,1159
663,3152,671,391,1159
664,3155,672,390,1159
665,3157,672,391,1159
666,3159,672,391,1159
667,3161,672,391,1159
668,3163,672,391,1159
669,3164,672,391,1159
670,3166,672,391,1159
671,3168,672,391,1159
672,3170,672,391,1159
673,3172,672,391,1159
674,3174,672,390,1159
675,3176,672,391,1159
676,3178,673,391,1159
677,3180,673,391,1160
678,3182,674,391,1159
679,3183,674,391,1159
680,3185,674,391,1159
681,3186,674,391,1159
682,3188,674,391,1159
683,3189,674,391,1159
684,3190,674,390,1159
685,3190,674,391,1159
686,3190,675,391,1159
687,3190,675,391,1159
688,3190,676,391,1159
689,3194,688,383,1136
690,3193,687,383,1137
691,3194,686,383,1137
692,3194,686,383,1136
693,3193,686,383,1137
694,3193,686,383,1136
695,3192,687,383,1136
696,3193,687,383,1137
697,3193,687,383,1137
698,3193,687,383,1136
699,3193,686,383,1137
700,3193,686,383,1136
701,3193,686,383,1137
702,3194,686,383,1136
703,3193,687,383,1136
704,3194,688,383,1136
705,3194,688,383,1136
706,3197,689,383,1137
707,3197,689,383,1137
708,3196,680,391,1159
709,3198,683,391,1159
710,3197,674,399,1182
711,3202,677,398,1183
712,3202,667,406,1206
713,3207,667,406,1206
714,3211,668,407,1206
715,3215,668,406,1206
716,3221,678,399,1183
717,3225,677,398,1182
718,3228,678,399,1182
719,3233,679,398,1182
720,3237,678,399,1182
721,3240,678,399,1182
722,3244,680,398,1182
723,3249,681,398,1182
724,3252,680,399,1183
725,3255,679,398,1183
726,3259,679,399,1182
727,3262,681,398,1182
728,3264,680,398,1183
729,3266,682,398,1182
730,3269,681,399,1183
731,3272,682,399,1182
732,3274,681,398,1182
733,3277,681,398,1182
734,3279,682,399,1182
735,3281,681,398,1182
736,3284,681,399,1183
737,3286,680,398,1183
738,3290,682,398,1182
739,3290,681,399,1182
740,3293,681,399,1183
741,3296,682,398,1183
742,3298,682,398,1182
743,3299,682,399,1183
744,3301,683,399,1182
745,3304,683,398,1182
746,3306,683,398,1183
747,3308,684,399,1182
748,3310,683,398,1182
749,3312,684,399,1182
750,3314,683,398,1182
751,3316,683,399,1182
752,3319,683,398,1182
753,3321,683,398,1182
754,3322,682,399,1182
755,3325,682,398,1182
756,3326,682,399,1182
757,3329,681,398,1183
758,3331,681,398,1182
759,3333,681,398,1182
760,3335,681,398,1182
761,3337,681,399,1182
762,3339,680,398,1183
763,3341,680,399,1183
764,3344,681,399,1182
765,3345,680,399,1182
766,3347,679,399,1183
767,3350,679,398,1182
768,3353,679,398,1182
769,3355,678,399,1183
770,3357,677,399,1183
771,3360,677,398,1182
772,3363,678,398,1182
773,3365,678,398,1182
774,3367,678,399,1182
775,3369,678,398,1183
776,3371,678,399,1183
777,3373,678,399,1182
778,3375,679,398,1182
779,3377,679,398,1183
780,3379,681,398,1182
781,3381,683,398,1182
782,3383,683,398,1182
783,3385,683,398,1182
784,3386,683,398,1182
785,3387,683,399,1182
786,3389,683,399,1182
787,3391,683,399,1182
788,3393,683,399,1182
789,3396,683,398,1183
790,3398,683,399,1183
791,3400,684,399,1182
792,3402,684,399,1182
793,3405,683,398,1183
794,3407,683,398,1182
795,3408,684,399,1182
796,3410,684,398,1182
797,3412,684,399,1182
798,3414,684,399,1182
799,3417,684,398,1182
800,3418,684,399,1182
801,3420,684,399,1183
802,3422,684,399,1182
803,3425,684,398,1183
804,3426,684,399,1183
805,3429,684,398,1182
806,3431,684,398,1182
807,3432,684,399,1182
808,3435,684,399,1183
809,3437,684,398,1182
810,3438,684,399,1182
811,3440,684,399,1182
812,3442,684,398,1182
813,3446,684,397,1183
814,3448,684,398,1182
815,3450,684,398,1182
816,3452,683,398,1183
817,3453,682,398,1183
818,3455,682,398,1182
819,3457,682,397,1183
820,3458,683,398,1182
821,3460,682,398,1183
822,3462,682,397,1183
823,3464,682,397,1183
824,3466,682,397,1182
825,3468,682,397,1183
826,3470,681,397,1183
827,3472,681,397,1182
828,3473,681,398,1182
829,3476,680,397,1182
830,3477,680,398,1182
831,3478,679,398,1182
832,3480,678,398,1182
833,3483,677,397,1182
834,3480,663,406,1206
835,3482,664,405,1206
836,3486,662,405,1205
837,3488,663,406,1206
838,3491,662,405,1206
839,3493,663,405,1206
840,3492,662,405,1206
841,3494,661,406,1206
842,3496,662,406,1206
843,3497,662,406,1206
844,3498,661,405,1206
845,3499,661,406,1206
846,3500,660,405,1205
847,3499,659,406,1206
848,3499,660,406,1206
849,3499,659,406,1206
850,3500,658,405,1206
851,3494,646,414,1230
852,3501,660,405,1205
853,3499,656,405,1206
854,3495,654,405,1206
855,3491,652,406,1205
856,3488,652,405,1205
857,3488,662,398,1183
858,3484,659,397,1182
859,3479,660,398,1182
860,3475,661,397,1182
861,3469,664,398,1182
862,3463,663,398,1182
863,3462,675,390,1159
864,3455,683,383,1136
865,3448,680,383,1136
866,3446,691,376,1114
867,3440,689,375,1114
868,3441,698,368,1092
869,3434,695,368,1093
870,3433,696,368,1092
871,3427,684,375,1114
872,3427,687,375,1114
873,3428,686,375,1114
874,3428,686,375,1114
875,3428,686,376,1114
876,3430,685,375,1114
877,3430,686,376,1114
878,3432,688,375,1114
879,3433,686,375,1114
880,3436,687,375,1114
881,3437,688,375,1114
882,3439,687,375,1114
883,3440,687,376,1114
884,3443,688,375,1114
885,3444,688,376,1114
886,3446,688,376,1114
887,3448,687,376,1114
888,3451,688,376,1114
889,3452,687,376,1114
890,3455,688,375,1114
891,3457,687,375,1114
892,3459,687,375,1114
893,3461,687,375,1114
894,3463,688,375,1114
895,3465,688,375,1114
896,3467,689,375,1114
897,3469,689,374,1114
898,3471,690,374,1115
899,3474,690,375,1114
900,3476,689,375,1114
901,3478,690,374,1114
902,3480,690,374,1114
903,3483,691,374,1114
904,3485,692,375,1114
905,3486,691,374,1114
906,3488,692,375,1114
907,3490,691,375,1114
908,3493,692,374,1114
909,3496,692,374,1114
910,3498,691,375,1114
911,3500,691,375,1114
912,3503,690,374,1115
913,3505,690,375,1114
914,3508,690,374,1114
915,3511,689,375,1114
916,3515,688,375,1114
917,3520,686,374,1115
918,3523,688,375,1114
919,3528,688,374,1114
920,3532,688,375,1114
921,3538,688,374,1114
922,3543,687,374,1114
923,3548,688,374,1114
924,3553,688,374,1114
925,3559,688,374,1114
926,3566,687,374,1114
927,3572,688,375,1114
928,3578,686,374,1114
929,3585,687,375,1114
930,3591,686,374,1114
931,3597,686,374,1114
932,3602,685,375,1114
933,3608,685,375,1114
934,3614,686,374,1114
935,3620,686,375,1115
936,3624,686,375,1114
937,3633,696,367,1092
938,3638,697,367,1092
939,3641,697,367,1092
940,3646,698,367,1092
941,3651,699,367,1092
942,3654,699,368,1092
943,3659,699,368,1092
944,3662,699,367,1092
945,3665,700,367,1092
946,3669,699,367,1093
947,3672,700,367,1092
948,3675,700,368,1092
949,3678,701,368,1092
950,3679,701,367,1092
951,3682,701,367,1092
952,3684,701,367,1092
953,3686,701,367,1092
954,3688,702,368,1092
955,3690,701,367,1092
956,3692,701,367,1092
957,3695,701,367,1092
958,3697,702,367,1092
959,3700,701,367,1092
960,3702,701,367,1092
961,3703,700,367,1092
962,3706,699,367,1093
963,3708,698,367,1093
964,3710,698,367,1092
965,3711,696,367,1092
966,3714,696,368,1092
967,3716,694,367,1092
968,3717,695,368,1092
969,3720,694,367,1093
970,3722,693,367,1092
971,3724,693,367,1092
972,3725,693,367,1093
973,3728,694,367,1092
974,3730,693,367,1093
975,3732,693,367,1092
976,3734,693,368,1092
977,3737,693,367,1092
978,3740,693,367,1092
979,3742,693,368,1092
980,3745,693,368,1092
981,3748,693,367,1092
982,3750,692,367,1092
983,3752,693,367,1092
984,3755,693,367,1092
985,3757,693,367,1092
986,3759,693,367,1092
987,3761,692,367,1093
988,3763,692,367,1092
989,3765,693,368,1092
990,3767,693,368,1092
991,3769,693,368,1093
992,3772,693,367,1093
993,3774,694,367,1092
994,3776,694,367,1093
995,3777,693,368,1093
996,3780,695,367,1092
997,3781,695,367,1092
998,3783,696,367,1092
999,3785,695,367,1093
1000,3787,696,367,1092
1001,3788,696,367,1093
1002,3790,698,367,1092
1003,3791,699,367,1092
1004,3792,699,367,1092
1005,3792,698,367,1092
1006,3792,701,367,1092
1007,3794,703,367,1092
1008,3795,702,368,1092
1009,3797,702,367,1092
1010,3795,692,374,1114
1011,3798,695,375,1114
1012,3799,694,375,1114
1013,3801,693,374,1114
1014,3806,702,367,1092
1015,3805,700,367,1092
1016,3804,700,367,1092
1017,3807,698,367,1093
1018,3808,699,367,1092
1019,3807,698,367,1093
1020,3809,698,367,1092
1021,3810,698,367,1092
1022,3812,698,367,1092
1023,3813,698,367,1093
1024,3815,698,368,1092
1025,3816,698,368,1092
1026,3819,699,367,1092
1027,3821,700,368,1092
1028,3823,699,367,1092
1029,3823,698,367,1092
1030,3825,698,367,1093
1031,3825,698,367,1092
1032,3827,698,367,1093
1033,3828,699,367,1092
1034,3829,699,367,1092
1035,3829,700,367,1092
1036,3832,699,368,1093
1037,3833,700,367,1092
1038,3835,700,368,1092
1039,3836,700,367,1093
1040,3838,701,367,1092
1041,3839,700,368,1092
1042,3840,700,368,1092
1043,2,701,368,1092
1044,7,711,361,1071
1045,8,710,361,1070
1046,9,708,361,1071
1047,10,708,361,1071
1048,11,708,361,1071
1049,11,708,361,1071
1050,13,709,360,1070
1051,15,709,360,1071
1052,17,709,361,1071
1053,19,709,361,1071
1054,21,709,361,1071
1055,23,709,361,1071
1056,25,710,361,1070
1057,27,710,361,1070
1058,30,710,360,1071
1059,31,709,361,1071
1060,37,719,354,1050
1061,38,718,353,1050
1062,40,717,354,1050
1063,43,717,354,1050
1064,44,718,354,1049
1065,47,717,354,1050
1066,50,718,354,1050
1067,53,718,354,1049
1068,54,718,354,1050
1069,57,717,354,1050
1070,60,718,354,1050
1071,63,719,353,1050
1072,66,718,353,1050
1073,67,719,354,1049
1074,71,718,353,1050
1075,73,718,354,1050
1076,76,718,353,1049
1077,75,706,361,1071
1078,79,710,361,1071
1079,81,710,361,1071
1080,83,710,361,1071
1081,86,710,361,1071
1082,88,711,361,1071
1083,91,712,361,1070
1084,92,712,361,1071
1085,95,712,361,1071
1086,98,712,361,1071
1087,102,713,361,1071
1088,103,714,361,1070
1089,107,714,361,1070
1090,109,713,361,1071
1091,112,712,361,1071
1092,114,712,361,1070
1093,116,711,361,1071
1094,117,711,361,1071
1095,119,711,361,1071
1096,121,711,361,1071
1097,124,711,361,1071
1098,126,711,361,1071
1099,128,710,361,1071
1100,130,710,361,1071
1101,133,710,361,1071
1102,135,710,360,1071
1103,137,709,361,1071
1104,139,708,361,1071
1105,141,709,361,1071
1106,142,710,361,1071
1107,145,709,361,1071
1108,147,710,361,1070
1109,149,709,361,1070
1110,151,710,361,1071
1111,153,709,361,1071
1112,155,710,361,1071
1113,156,710,361,1071
1114,158,709,361,1071
1115,160,709,361,1071
1116,162,709,360,1071
1117,164,710,361,1071
1118,165,711,361,1070
1119,167,711,361,1070
1120,169,711,361,1070
1121,170,710,361,1071
1122,173,710,361,1070
1123,174,710,361,1071
1124,176,710,361,1071
1125,178,710,361,1071
1126,179,710,361,1071
1127,181,710,361,1071
1128,182,709,361,1071
1129,184,709,361,1071
1130,186,709,361,1071
1131,188,709,361,1071
1132,190,709,361,1071
1133,192,708,361,1070
1134,194,708,361,1071
1135,196,708,361,1071
1136,198,708,361,1071
1137,200,707,361,1071
1138,201,708,361,1071
1139,204,708,360,1071
1140,206,708,361,1070
1141,208,708,361,1071
1142,210,708,361,1070
1143,212,709,361,1071
1144,214,710,361,1070
1145,217,709,361,1071
1146,218,709,361,1071
1147,219,709,361,1071
1148,222,709,361,1071
1149,224,710,361,1070
1150,226,709,361,1071
1151,228,710,360,1071
1152,230,710,360,1071
1153,232,710,360,1071
1154,234,711,361,1070
1155,235,711,361,1071
1156,237,711,361,1071
1157,239,711,361,1071
1158,242,711,361,1070
1159,244,710,361,1071
1160,245,710,361,1071
1161,247,711,361,1070
1162,249,710,361,1071
1163,250,710,361,1071
1164,252,710,361,1071
1165,254,710,361,1071
1166,256,710,361,1071
1167,258,710,361,1071
1168,260,710,361,1071
1169,263,710,361,1071
