1.0
0.8720666161998486
0.8212927756653993
0.8360617399438728
0.8436050364479788
0.8323888404533566
0.843448423761527
0.8157843328775152
0.8002207505518764
0.7428475823991969
0.6564863292611983
0.6106090373280944
0.6231578947368421
0.614619211634137
0.6266245596987732
0.6110351117191063
0.582046332046332
0.6011998736975055
0.7278003482298316
0.7101496777013001
0.6881427707199032
0.6790768354069712
0.6477331943720688
0.6547144754316069
0.6756644862134636
0.7039489820946775
0.6546950991395436
0.6267706836378567
0.618066561014263
0.6172854992473658
0.6655774132409646
0.7209366013966862
0.7469844286863074
0.765216134162209
0.7023411371237458
0.6707035395467882
0.7081081081081081
0.7836582447744387
0.7866805411030177
0.7901390644753477
0.8113148896487411
0.7550246763464702
0.7144807810473135
0.6961306845711912
0.7197121448178648
0.7556497175141242
0.7520033388981636
0.7491599462365591
0.757201646090535
0.7502632502632502
0.8021098581302292
0.7990177559501322
0.7110114112942554
0.660210402123685
0.5597625072999806
0.547909152938883
0.5310451214809101
0.5995119570522206
0.5913763848687493
0.565593087195601
0.6282258064516129
0.5707231766279189
0.4973162675474814
0.4750156805352289
0.47732365809412014
0.45450625269512723
0.4647143014422548
0.4797136038186158
0.5092592592592593
0.5253029223093372
0.5186170212765957
0.525626204238921
0.5309244362389556
0.5439342015078821
0.5664266553720175
0.560126582278481
0.5358901656469184
0.5618744313011829
0.5765765765765766
0.6254936029063339
0.6227428013665203
0.6139188069594035
0.5733063700707786
0.5591182364729459
0.5348117586384734
0.5188839741408643
0.5415143603133159
0.5652173913043478
0.563076923076923
0.5783602900167317
0.6049971390425329
0.6415955546735463
0.6624412185647107
0.6610100184011449
0.6897802432259441
0.6714623147949323
0.6985245540629818
0.6979591836734694
0.6964204802899864
0.7069974256962321
0.6651173599814083
0.7645305514157973
0.7178729689807977
0.6940187839841819
0.6906077348066298
0.6880265509318356
0.7058823529411765
0.6216216216216216
0.6882022471910112
0.6720893141945774
0.6204858831254104
0.6334114496149983
0.7663280116110305
0.7509077705156136
0.7507418397626113
0.7346938775510204
0.7206703910614525
0.7835626626998884
0.7835626626998884
0.7730263157894737
0.6117609864053114
0.5615314494074749
0.5655526992287918
0.5340909090909091
0.4936361367606688
0.43528561099060015
0.4117647058823529
0.41768927992590876
0.5003661215523554
0.4844961240310077
0.45073832001936576
0.4501008064516129
0.5052521008403361
0.49540561827251245
0.48290373487638083
0.48290373487638083
0.46899426784783743
0.47127631920977386
0.525033467202142
0.48556430446194226
0.47127631920977386
0.46153846153846156
0.46153846153846156
0.46153846153846156
0.46153846153846156
0.4518056638087815
0.4379825012866701
0.42045454545454547
0.387891226269882
0.4159178433889602
0.45629786110377607
0.5120759837177747
0.52
0.5608465608465608
0.5775401069518716
0.5945945945945946
0.6231300345224395
0.5412641457355782
0.5571667596207474
0.5899772209567198
0.6231300345224395
0.6410703897614892
0.5884009009009009
0.6055776892430279
0.6192319142601965
0.5711805555555556
0.6796352583586626
0.6242979603901863
0.7436856875584659
0.6732495511669659
0.6782659982306104
0.7494620350445742
0.7157360406091371
0.706038291605302
0.7667673716012084
0.7420315758117366
0.7082005215879456
0.7927710843373494
0.7197341808725802
0.7098888572242804
0.6781163434903047
0.7443132738266628
0.6994005138452755
0.6443835616438356
0.7253060062624538
0.6784824148435337
0.622112639501687
0.7251845775225595
0.6684155299055614
0.7396061269146609
0.7470071827613727
0.7833468067906225
0.7508532423208191
0.6946236559139785
0.7846153846153846
0.7633302151543498
0.6678445229681979
0.6927175843694494
0.8451739343459088
0.834640221402214
0.8065025965229171
0.7513988808952837
0.7253731343283583
0.7052238805970149
0.7342694632065411
0.7557121096725057
0.7922705314009661
0.808542525290371
0.7554190751445087
0.7532580364900087
0.758992180712424
0.8130021913805697
0.8487426035502958
0.8330464716006885
0.8124076809453471
0.7895973680087733
0.8155251141552512
0.875158831003812
0.8906021749715956
0.8123770615826903
0.7263481868058344
0.7980049875311721
0.7436160656999872
0.7523433645781944
0.7546251217137293
0.7912060613588374
0.7921593030491599
0.7685417413113579
0.7482334169136083
0.0
0.8053309032919467
0.7604515050167224
0.7436793422404934
0.7814652473387602
0.8118361153262519
0.7683270676691729
0.6991341991341992
0.6438152011922503
0.6312769010043041
0.6179692003623487
0.6077124494168056
0.6610031040679627
0.6725818545363659
0.6544971788914703
0.729156139464376
0.658380920389654
0.6518768452129903
0.6635071090047393
0.7182292961949763
0.7019592163134746
0.7019592163134746
0.7180202438829999
0.7236042012161416
0.8418565400843881
0.8259151962075323
0.7617768074565455
0.7229504192786779
0.6966798849234118
0.7218132506780318
0.687254605859257
0.663885402052721
0.6498948742115566
0.6596608204087548
0.635885031303358
0.6580631245955856
0.6295929903900509
0.707033817836535
0.7020322773460849
0.6716812211051588
0.6882206977083637
0.6774382219622752
0.7140295831465711
0.6624235528374343
0.6529024959343845
0.655765797929311
0.6801086801086801
0.6650067581987622
0.6691621076878779
0.7245154608669921
0.7401080565707929
0.7232724640012871
0.7897040798459114
0.7121080139372822
0.7599063231850117
0.7453638331921303
0.793335340760815
0.6990905496243575
0.7233714109292991
0.6989159337287789
0.7286379018612521
0.8335981838819523
0.7384160368057837
0.732532751091703
0.8054340317752705
0.7172050098879367
0.778602924112323
0.8330554894022386
0.7396557619970363
0.807825086306099
0.7356418918918919
0.7163522012578616
0.7881040892193308
0.8478992508956682
0.7846542469213768
0.8240590085692592
0.831727681438664
0.7605898964543458
0.797752808988764
0.6749269668580639
0.7472924187725631
0.6551758895272654
0.6871794871794872
0.7348660620122337
0.7392166584035696
0.7632649013190519
0.7707000098454267
0.7970238095238096
0.807322154975692
0.811263168258344
0.8149848588453649
0.8104651162790698
0.8184901637755596
0.8283112101540548
0.796787377625701
0.8060041801254038
0.8060041801254038
0.8212843295638126
0.8212843295638126
0.8212843295638126
0.8394860289618601
0.803265306122449
0.8009888751545118
0.8260230849947534
0.8418712955122777
0.8331922099915327
0.7645841952834092
0.7710441222488786
0.7556104129263914
0.7625410485788698
0.7547597461468721
0.7362039660056657
0.7506855575868373
0.739641593425408
0.732865867450803
0.7188691945254656
0.7050968172713109
0.7266968325791855
0.7266968325791855
0.7266968325791855
0.7856894755123307
0.7594036697247707
0.7509178522257917
0.7736450584484591
0.7540181691125087
0.7521804861030352
0.7098121085594989
0.6842745054702177
0.6814872021182701
0.6524760119113268
0.7121418826739427
0.6953731847348869
0.7199738191338497
0.6852010265183918
0.7216076321932406
0.6667325167917819
0.6504385179881869
0.5928825048418335
0.6122077133313089
0.593584087340163
0.5679326120107472
0.5799329234209055
0.6380449141347424
0.6442027578170518
0.6963806113313723
0.6339075249320036
0.6124964818463271
0.6570048309178744
0.6431293979671618
0.6516354398221658
0.6657004007161735
0.6608015252015729
0.6757776408992916
0.6905464756281949
0.6936850738108256
0.7479458434516483
0.7060371290746967
0.6808329111899112
0.6817022945675623
0.644633580192329
0.6141690158233708
0.6319087653744356
0.6331756192596716
0.6462335577326547
0.6532548937213293
0.6494761330638998
0.671506292064227
0.6597024579560156
0.6476390939650026
0.633151300995824
0.6318989710009355
0.6071794871794872
0.6181193141323943
0.5902301115898495
0.6018289833789466
0.5922429328384303
0.5660856982701308
0.5963830716109487
0.6168245649398643
0.6120563274199405
0.6062969886890912
0.5922963670367275
0.6062503316177641
0.5867297096635536
0.5618183185818519
0.009310541902634176
0.0
0.0
0.0
0.0
0.0
0.0
0.0
0.0
0.0
0.0
0.0
0.0
0.0
0.0
0.0
0.0
0.0
0.0
0.0
0.0
0.0
0.0
0.0
0.0
0.0
0.0
0.0
0.0
0.0
0.0
0.0
0.0
0.0
0.0
