1.0
0.9966442953020134
0.9152542372881356
0.864406779661017
0.98
0.975609756097561
0.975609756097561
0.9285714285714286
1.0
0.8611599297012302
0.826580226904376
0.9279437609841827
0.7484076433121019
0.8434504792332268
0.8245614035087719
0.8245614035087719
0.8434504792332268
0.7135135135135136
0.6403622250970246
0.5766710353866317
0.6705577172503242
0.7101449275362319
0.8693009118541033
0.9695121951219512
0.7323943661971831
0.9054878048780488
0.9054878048780488
0.8222849083215797
0.9062937062937063
1.0
0.828125
0.9321148825065274
0.7343941248470012
0.9503916449086162
0.9070904645476773
0.8637951105937136
0.828125
0.8555555555555555
0.9101654846335697
0.9545454545454546
0.9256198347107438
0.8630952380952381
0.9305993690851735
0.7586547972304649
0.8771060455896927
0.7978723404255319
0.8841463414634146
0.8093306288032455
0.868020304568528
0.7943262411347518
0.8243654822335026
0.7051671732522796
0.6121372031662269
0.6999117387466902
0.6343612334801763
0.5911894273127754
0.6551126516464472
0.6489270386266094
0.6660884648742411
0.8205128205128205
1.0
1.0
0.8631256384065373
0.8207253886010363
0.9246646026831785
0.8387096774193549
0.8012879484820608
1.0
0.8707482993197279
0.9789674952198852
0.851063829787234
0.8762886597938144
0.9064039408866995
0.794392523364486
0.9630266552020637
0.9371231696813093
0.8859934853420195
0.8975609756097561
0.8144796380090498
0.9256128486897718
1.0
1.0
1.0
1.0
0.8837209302325582
1.0
1.0
0.8793718772305497
0.785242951409718
0.8263684520306063
0.7223796033994334
0.8028169014084507
0.6876790830945558
0.7145196506550219
0.6209677419354839
0.6200317965023847
0.6583333333333333
0.7817896389324961
0.9194097616345063
0.8055096418732782
0.797281993204983
0.9086783891094725
0.8225806451612904
0.9092409240924092
0.9907235621521335
0.9426386233269598
0.9937733499377335
0.8117461982170949
0.9642445213379469
0.9247311827956989
0.9354838709677419
0.782608695652174
0.8048076923076923
0.8369954011241697
0.821969696969697
0.9138609532138172
0.7913076058448857
0.7476828012358393
0.8519564340459863
0.9611890999174236
0.97
0.7840766986244269
0.8344940598115527
0.9792626728110599
0.8432349559218091
0.8819018404907976
0.7125890736342043
0.7689175432643366
0.7481481481481481
0.7004420265215913
0.6231742940603701
0.801007556675063
0.8335071254779284
0.7015177065767285
0.9704102219233356
0.8560105680317041
0.8156462585034013
0.7723880597014925
0.6924499229583976
0.8830884651453579
0.8557457212713936
0.8734939759036144
0.9253561253561253
0.8561525129982669
0.7930581120168289
0.9212598425196851
0.7872872872872873
0.6890459363957597
0.6883057090239411
0.5902992776057792
0.6184391586396697
0.6652946679139382
0.5978990873084209
0.712008072653885
0.6566164154103853
0.6346600035695164
0.6074037993180711
0.63870117026537
0.6925531914893617
0.6323552487054762
0.6059678653404744
0.5755914598961339
0.8080710561884533
0.7423159399571122
0.8467933491686461
0.7175678010019002
0.8516875602700097
0.7973775865601311
0.8610381741062412
0.7622601279317697
0.8520795660036167
0.7588206863218946
0.7958795562599049
0.8205128205128205
0.7718543555077585
0.8191489361702128
0.779491454772822
0.8075870160344153
0.9304278288684527
0.8807779405887838
0.8
0.8061317677756034
0.8368317290966021
0.8382642998027613
0.7864602531023467
0.8239453217063398
0.8275779087955721
0.7504442250740375
0.8855347207912632
0.8707275157532939
0.7668376355839569
0.8530009723327145
0.7272862897210204
0.809277490405473
0.7295093691889573
0.7269515592091854
0.8811568007230004
0.7697180867912575
0.8514112761314845
0.851486524034454
0.7700793757567604
0.8794788273615635
0.7912029323558813
0.6962472653839681
0.7916066652952067
0.6863997913678446
0.7410800385728061
0.6947503474820913
0.7905411994149195
0.7857465042850699
0.6991885700974493
0.6492024294200094
0.8080911535014723
0.702284478016941
0.7237464522232734
0.6643096921648454
0.5579390733666373
0.6480269309893398
0.6413036743292645
0.7121888569506453
0.7555225082876351
0.7297799238555112
0.7358888693511517
0.7857831818314676
0.778173402171978
0.6422272833450129
0.6671442364593391
0.6186621218576907
0.5629820051413882
0.5535164143505482
0.47931507744591856
0.5257019136750943
0.6120363846006022
0.6200227531285551
0.7287517011010763
0.7071243937149662
0.7188792198975499
0.7063655030800822
0.7185997419960126
0.6492642002475588
0.7323286909798351
0.6649592549476135
0.7503861997940268
0.698415032199253
0.7506959777287127
0.8570122880064994
0.9374039506728138
0.888573074707125
0.785447063224841
0.7126412503960291
0.8454946767073488
0.803076923076923
0.818162889960787
0.8578127930969799
0.7510841566402556
0.7585385724133609
0.8525410016915496
0.783531848783014
0.7404063205417607
0.7171932158297306
0.7692334194659776
0.916800187580601
0.9340659340659341
0.8666536889234963
0.8215566931355557
0.7506237473925313
0.8127922364358182
0.7818080873507911
0.7671232876712328
0.7842352705811744
0.7837673523153308
0.0
0.8065131948343627
0.0
0.0
0.0
0.0
0.0
0.0
0.0
0.0
0.0
0.589627425789438
0.6209386281588448
0.6372831354920279
0.6228786480153377
0.6095938649346584
0.6483602087715198
0.683273201811622
0.7070878898339409
0.703331890956296
0.6968337073049115
0.728713216089152
0.797565249469704
0.8166358595194085
0.7137437162098075
0.7981027015879563
0.629186849428012
0.685680268427319
0.6967663880334359
0.7227609811751283
0.7424326421998004
0.7700968250394056
0.7948562416595899
0.8345252774352651
0.818215892053973
0.9012178619756428
0.8642183762487688
0.9033409480296973
0.8910669280313638
0.7315381476948184
0.8177083333333334
0.8241469816272966
0.7470938474624327
0.7764179104477612
0.7355300859598853
0.7427007299270073
0.6810506566604128
0.6918647571238742
0.6810885185751414
0.6330029466916689
0.6142963514519731
0.6865173892329681
0.6511071214841412
0.6746440472584065
0.7129032258064516
0.7368238557558946
0.777511961722488
0.7669441141498217
0.7764606265876376
0.8617021276595744
0.860637509266123
0.9023066485753053
0.9436619718309859
0.9987127225917185
0.9304703476482618
0.9843273835437527
0.9693225394120153
0.9621633652348097
0.9924259300512364
0.9557522123893806
0.8969984884474196
0.9403630077787382
0.9151376146788991
0.8797250859106529
0.9009628610729024
0.8433707350583924
0.8370577281191807
0.9844997651479568
0.9042844120328167
0.9085580304806565
0.9667190775681341
0.9435483870967742
0.9814864502280655
0.8943089430894309
0.9349638688160089
0.9125874125874126
0.9150670523271102
0.8299531981279251
0.8903193859866304
0.9461847389558233
0.9383873560139299
0.9383873560139299
0.8710089399744572
0.8959537572254336
0.8340807174887892
0.9058171745152355
0.9749800372637742
0.9736842105263158
1.0
0.8977151965993624
0.7983259220507455
0.8657445077298617
0.8345986984815619
0.9291677888499865
0.7816901408450704
0.9407603890362511
0.8986745213549338
0.7994814174589455
0.8089887640449438
0.89375
0.8459214501510574
0.8536029621190544
0.7824406405300939
0.829823562891292
0.9076343072573044
0.9375402446877013
0.7673352435530086
0.9466840052015605
0.968039336201598
0.8787878787878788
0.7640674093116252
0.9799516073280332
0.8787564766839379
0.8718300205620287
0.9087849209020532
0.8325404376784015
0.9118236472945892
1.0
0.9626168224299065
0.9285714285714286
0.9221140472878998
0.7974350542584676
0.8692628650904033
0.79628400796284
0.8630187293426368
0.935210181257231
0.7246585190510424
1.0
1.0
0.9354545454545454
1.0
0.8584070796460177
0.9245858761987794
0.9711538461538461
0.7534502051473331
0.810730882974229
1.0
0.9160599571734476
0.8962264150943396
0.8569815581482876
0.9338205440519691
1.0
0.8063989552726085
0.8825770696224454
0.9250567751703255
0.824260138838144
0.9494949494949495
0.8886978942844864
0.814874696847211
0.8551221603086155
0.8372379778051788
0.9245982694684796
0.8296892980437284
0.821319018404908
0.8124076809453471
0.9397441188609162
1.0
0.9433615299742553
0.9405940594059405
0.9873417721518988
0.8956692913385826
0.8918512955313556
0.9583333333333334
0.9010812975570685
0.9238754325259516
0.8073434125269978
0.8375634517766497
0.8268416596104996
0.8638676844783715
0.8920353982300885
0.8173836698858647
0.7727463312368973
0.8958858102434929
0.7962888261395724
0.9081632653061225
0.770764119601329
0.7236180904522613
0.7337684644452078
0.7950491445212959
0.7045454545454546
0.6121673003802282
0.6429308565531475
0.8881711748082358
0.8149882903981265
0.7150415721844293
1.0
0.8287073750991277
0.8745589964719718
0.8201790073230268
0.7723577235772358
1.0
0.9297872340425531
1.0
0.9752593774940144
0.94
0.8884826325411335
0.6475081847944707
0.5681950087057458
0.5768025078369906
0.50941475826972
0.75809199318569
0.8823529411764706
0.9023041474654377
0.8206896551724138
0.889744824265768
0.9108433734939759
0.8579881656804734
0.8354609929078014
0.8408759124087591
0.8668813741277509
1.0
0.8292565947242206
1.0
0.873015873015873
0.8511434511434511
0.8779582366589327
0.9277673545966229
0.7861271676300579
0.8748456154796213
0.8135593220338984
0.8682170542635659
0.9666666666666667
0.9464114832535885
1.0
0.9594894561598224
0.8875346260387812
0.8367670364500792
0.975093399750934
0.9166666666666666
0.7692307692307693
0.9072737368128817
0.9072737368128817
0.9869540555870675
0.9405099150141643
0.9387521465369204
0.8971553610503282
0.7243460764587525
0.9624765478424016
0.9250936329588015
0.8075766686710764
0.7030985915492958
0.8807339449541285
0.793002915451895
0.8636655948553055
0.884393063583815
0.7619047619047619
1.0
1.0
0.9479695431472082
0.8742857142857143
0.7250755287009063
1.0
1.0
0.8691232528589581
1.0
0.8706030150753769
0.8216216216216217
1.0
1.0
1.0
0.9363449691991786
0.8837209302325582
0.8113879003558719
0.8664666166541636
0.9451540195341849
1.0
0.8199445983379502
0.705765407554672
1.0
0.9852216748768473
1.0
0.9123823316437364
1.0
0.8445378151260504
0.8119030124908155
0.8854625550660793
0.9836065573770492
1.0
0.9097978227060654
0.9540140296180826
0.7452364149611856
0.9524617996604414
0.967714528462192
0.9100169779286927
0.9269521410579346
0.7680722891566265
0.912751677852349
1.0
0.9111514052583862
0.9237132352941176
0.8864059590316573
0.8733705772811918
0.8653846153846154
0.851528384279476
0.8746846089150546
0.9090909090909091
0.8412424503882657
0.7843137254901961
0.9147005444646098
0.9785932721712538
0.9785932721712538
0.9164969450101833
0.8061420345489443
0.8883495145631068
0.9037900874635568
0.9649805447470817
0.8575581395348837
0.8283220174587779
0.8729388942774006
1.0
1.0
0.9682539682539683
0.9206349206349206
1.0
1.0
0.8676814988290398
0.8696655132641292
0.7508232711306256
1.0
1.0
1.0
1.0
0.9655172413793104
1.0
1.0
0.9827586206896551
0.8900662251655629
1.0
1.0
0.8900662251655629
0.825
0.8674698795180723
0.6834701055099648
0.959731543624161
0.631578947368421
