1.0
0.9545338658961503
0.9532518588154859
0.9125703706502437
0.9597288676236044
0.982285501427921
0.9287582217291386
0.9360760003220353
0.9782256196432708
0.908681493798933
0.9917208752217622
0.973994568250307
0.9317041239362863
0.968193893518687
0.8849106620305023
0.8844477883319226
0.8099530570515221
0.8165137614678899
0.8110630989972855
0.7844007940654059
0.7703797535164806
0.7584276651324792
0.6965093354980865
0.7316817376712967
0.6823262387049805
0.7965001545448062
0.738191368429305
0.8063577059560996
0.8600892998798758
0.8300524220738259
0.8165976383503701
0.8112994350282486
0.8899681830632756
0.8902096914165776
0.8839947754445896
0.881191282673995
0.7952542372881356
0.84362319127457
0.9168095029298042
0.8348072161301733
0.9660310258139677
0.8272106540262965
0.8714734708300013
0.7993923688678403
0.6951113121587127
0.8015072885333686
0.7740040858018387
0.8941935483870967
0.8744266147333859
0.7973304196320468
0.8392390898918314
0.7868715472819275
0.8075365022003322
0.8000352930796153
0.7497174985530414
0.7824970828471411
0.6531831332988636
0.6899940186277023
0.7087225539291218
0.6793938108369276
0.7066432898389472
0.789765527823954
0.8200528835846495
0.8835191336935062
0.9269283953586244
0.8691827850827986
0.795689999692582
0.7760968800694156
0.8058523400546453
0.7620906263340855
0.7975702249601043
0.8200023780001019
0.7821585671119464
0.7878232987276313
0.8609400924763966
0.8765789073200426
0.8587402161759224
0.8386517076226826
0.804499553375422
0.759902232503328
0.7863574882115127
0.7850208653634966
0.7765888014688479
0.7505629069665231
0.7857346119916906
0.7433880023640662
0.6934522514683489
0.8147823964083052
0.7789700792421896
0.7785449787008937
0.7140741270384425
0.7121398899376189
0.727157313020425
0.7708510354900493
0.8210787789514133
0.743085567939613
0.7679977550638616
0.7463094587206124
0.783887535276692
0.6738769929011986
0.7261892619240033
0.7960576642675108
0.7696089230020058
0.8019079728746025
0.7973238212500905
0.7738248551191242
0.7660664148596618
0.8259210639315904
0.7672848491332588
0.8242575783908639
0.8565705809289049
0.8663061289663946
0.8172878100752101
0.9091887975365046
0.8447843390039517
0.8449042820800705
0.8894305627196718
0.7788976636040521
0.828009828009828
0.78875003674168
0.783627701368626
0.7584001038051059
0.8360979445029348
0.7771880036060614
0.7831609034703452
0.7837436745815493
0.733699003726927
0.756544163827722
0.7480551574740801
0.746139365804335
0.7186341095087718
0.676890856299681
0.7793663852998344
0.871090947224338
0.735158414146425
0.8009355883411299
0.7549515188234847
0.6464584648263716
0.5801678596325135
0.4854008566560756
0.4831415380757627
0.48256595626359605
0.5055325600383364
0.5196625852510669
0.5152175767989466
0.5159851120837021
0.42543739259117813
0.402455923357513
0.47220112736710707
0.464741596554238
0.4297391311003027
0.4352799370767235
0.4430728936970668
0.41132833030336974
0.4187595054956433
0.4043529021337147
0.30290779718959315
0.3018518934390586
0.310995329563904
0.2757152515943547
0.21437278075149716
0.22576614872045264
0.24996891981311783
0.0
0.0
0.0
0.0
0.0
0.0
0.0
0.7103987392006944
0.7994265648658226
0.7569574655402999
0.8378555815011824
0.8090726318951771
0.7310077152458939
0.7590246274851791
0.7969516755750953
0.7534561620997734
0.8353399628696947
0.828108037893057
0.8413543263201895
0.8927336639861319
0.8571948649166506
0.7510475390649429
0.8078028155479748
0.7825276928373261
0.7152810412112048
0.7498286497601097
0.7542584601408131
0.7688396501457726
0.7970879561383092
0.7763458338170982
0.8432766615146832
0.8504068553323252
0.8494623655913979
0.8110622139146049
0.855325807157158
0.8254560144184456
0.7949323493234932
0.7768359238923079
0.7433227087559018
0.7626191811553561
0.7483247016019751
0.7459396547163489
0.7830971049457177
0.7688382976477419
0.8620531622364803
0.9416873449131513
0.846309403437816
0.8282893998878295
0.7169324077803312
0.7241858311467819
0.5471502590673575
0.3690417140022721
0.2007711755809792
0.16998268517830017
0.12258796821793416
0.07929282235867034
0.09618532488790833
0.09054788101193972
0.11585720773447444
0.11441034265293253
0.10102016659601293
0.08885116596320818
0.04745408614643402
0.0
0.0
0.0
0.0
0.0
0.0
0.0
0.0
0.0
0.0
0.0
0.0
0.0
0.0
0.0
0.0
0.0
0.0
0.0
0.0
0.0
0.0
0.0
0.0
0.0
0.0
0.0
0.0
0.0
0.0
0.0
0.0
0.0
0.0
0.0
0.0
0.0
0.0
0.0
0.0
0.0
0.0
0.0
0.0
0.0
0.0
0.0
0.0
0.0
0.0
0.0
0.0
0.0
0.0
0.0
0.0
0.0
0.0
0.0
0.0
0.0
0.0
0.0
0.0
0.0
0.0
0.0
0.0
0.0
0.0
0.0
0.0
0.0
0.0
0.0
0.0
0.0
0.0
0.0
0.0
0.0
0.0
0.0
0.0
0.0
0.0
0.0
0.0
0.0
0.0
0.0
0.0
0.0052925254419258745
0.0013201270902012262
