1,1905,861,79,293
2,1906,857,77,296
3,1907,861,79,292
4,1915,862,80,289
5,1908,854,86,304
6,1915,859,82,299
7,1920,854,86,303
8,1924,865,82,298
9,1922,863,89,300
10,1926,857,86,308
11,1926,864,93,300
12,1929,863,90,302
13,1938,860,87,306
14,1943,862,90,306
15,1943,853,93,324
16,1947,863,94,313
17,1942,859,106,314
18,1947,860,106,326
19,1950,853,107,327
20,1953,850,113,341
21,1956,855,111,329
22,1956,855,124,343
23,1959,845,129,353
24,1957,847,132,340
25,1958,842,142,348
26,1959,852,150,341
27,1970,845,131,363
28,1963,842,142,352
29,1978,843,126,359
30,1973,835,133,369
31,1984,847,131,353
32,1986,848,127,356
33,1993,840,125,376
34,1991,842,125,358
35,2004,832,117,386
36,2000,835,125,383
37,2007,825,122,390
38,2016,820,107,421
39,2018,818,113,434
40,2017,812,114,443
41,2026,808,109,454
42,2032,809,107,445
43,2035,812,116,449
44,2039,810,113,450
45,2039,801,119,462
46,2052,801,115,462
47,2053,810,121,468
48,2054,800,123,476
49,2046,803,141,467
50,2053,809,143,468
51,2042,809,166,470
52,2062,803,148,467
53,2070,816,143,459
54,2064,810,159,473
55,2075,786,158,489
56,2089,783,144,498
57,2085,800,155,480
58,2089,800,161,475
59,2097,788,165,495
60,2098,799,169,485
61,2100,801,173,488
62,2108,779,170,512
63,2122,786,167,511
64,2118,780,172,512
65,2131,780,162,528
66,2122,780,175,539
67,2122,785,180,538
68,2132,780,179,558
69,2136,768,191,592
70,2161,740,173,632
71,2153,733,182,656
72,2164,713,176,674
73,2164,699,189,703
74,2172,675,173,736
75,2183,691,179,712
76,2184,698,187,697
77,2193,702,181,697
78,2206,688,183,710
79,2204,688,186,721
80,2210,688,194,705
81,2222,718,186,681
82,2224,695,190,706
83,2238,696,193,699
84,2239,691,202,709
85,2243,665,210,739
86,2260,678,208,730
87,2252,681,216,756
88,2259,689,218,769
89,2265,651,236,806
90,2262,669,263,778
91,2276,656,271,811
92,2271,660,289,804
93,2289,660,281,805
94,2284,671,304,785
95,2303,661,289,799
96,2325,683,282,816
97,2342,644,290,846
98,2339,621,304,887
99,2367,627,292,864
100,2380,683,282,831
101,2403,613,270,867
102,2404,615,283,903
103,2412,599,295,932
104,2424,579,302,955
105,2448,581,297,988
106,2446,597,321,988
107,2472,566,315,1037
108,2474,571,345,1015
109,2472,572,369,1017
110,2497,537,377,1055
111,2505,560,391,1050
112,2524,545,400,1053
113,2535,530,380,1085
114,2545,518,388,1095
115,2562,493,385,1130
116,2584,565,410,1036
117,2616,528,395,1111
118,2649,493,406,1115
119,2644,523,387,1172
120,2702,494,368,1120
121,2718,489,372,1114
122,2753,483,374,1152
123,2765,516,394,1136
124,2784,540,407,1110
125,2820,502,418,1145
126,2853,506,414,1134
127,2868,485,449,1148
128,2896,480,428,1138
129,2939,491,417,1139
130,2984,484,401,1150
131,3019,503,415,1138
132,3040,528,435,1089
133,3105,494,407,1102
134,3138,500,397,1116
135,3188,521,366,1063
136,3197,539,390,1051
137,3218,553,433,1069
138,3243,510,440,1153
139,3275,501,510,1175
140,3307,479,479,1215
141,3328,454,455,1333
142,3347,461,431,1305
143,3380,464,436,1300
144,3399,453,421,1330
145,3394,448,436,1394
146,3410,479,410,1379
147,3410,495,428,1387
148,3436,472,428,1430
149,3484,414,361,1469
150,3531,419,314,1470
151,3543,449,305,1399
152,3588,428,266,1476
153,3585,418,262,1469
154,3607,429,258,1461
155,3604,463,270,1435
156,3583,410,337,1485
157,3594,371,286,1533
158,3582,399,295,1495
159,3606,426,256,1471
160,3566,390,285,1514
161,3590,438,254,1454
162,3562,471,283,1431
163,3537,416,313,1484
164,3559,437,289,1461
165,3556,444,286,1438
166,3518,492,329,1387
167,3503,657,337,1206
168,3449,734,393,1129
169,3435,713,424,1156
170,3374,836,441,1038
171,3361,825,471,1035
172,3357,827,487,1023
173,3329,844,493,1001
174,3322,869,523,966
175,3328,882,501,979
176,3294,874,536,998
177,3286,885,564,1002
178,3259,893,567,969
179,3251,898,612,958
180,3260,894,603,988
181,3267,916,591,944
182,3219,892,641,974
183,3258,900,609,959
184,3211,890,654,966
185,3214,865,660,986
186,3208,886,661,996
187,3185,899,685,957
188,3159,866,713,1006
189,3184,880,681,947
190,3292,930,594,928
191,3203,842,625,1014
192,3280,924,587,943
193,3342,975,504,848
194,3553,920,338,906
195,3542,759,334,908
196,3480,829,376,1002
197,3429,931,426,939
198,3376,934,477,925
199,3376,975,484,823
200,3464,1061,389,744
201,3034,826,488,674
202,3427,1096,437,722
203,3442,1093,419,711
204,3453,1112,418,677
205,3454,1100,406,687
206,3485,1102,373,692
207,3452,1113,414,688
208,3522,1086,336,706
209,3520,1106,337,695
210,3568,1101,284,687
211,3580,1103,283,694
212,3575,1127,284,675
213,3546,1124,309,667
214,3543,1117,317,672
215,3593,1097,263,698
216,3609,1109,248,699
217,3653,1148,205,649
218,3447,854,221,603
219,3434,886,257,568
220,3439,873,250,561
221,3434,863,257,568
222,3487,883,217,551
223,3519,889,195,537
224,3534,898,184,509
225,3550,888,172,513
226,3559,891,170,516
227,3571,882,162,517
228,3588,883,147,511
229,3357,858,127,488
230,3352,864,128,454
231,3603,888,147,456
232,3609,889,154,455
233,3608,885,158,478
234,3618,890,147,475
235,3621,899,150,480
236,3625,900,140,471
237,3638,906,140,464
238,3638,915,139,441
239,3647,914,132,432
240,3654,905,127,435
241,3658,914,124,412
242,3666,916,122,416
243,3673,910,119,403
244,3677,910,119,385
245,3678,911,115,387
246,3675,911,120,380
247,3685,909,110,377
248,3686,905,110,367
249,3683,917,113,359
250,3692,911,107,342
251,3694,916,106,338
252,3693,921,121,314
253,3693,929,129,308
254,3693,929,129,308
255,3655,906,110,299
256,3308,887,162,322
257,3286,951,182,381
258,3300,885,157,432
259,3035,878,172,388
260,3042,884,169,384
261,3049,893,164,380
262,3058,896,161,379
263,2691,1171,166,412
264,2337,879,160,393
265,2804,685,169,343
266,2817,680,176,333
267,2841,669,173,348
268,2874,661,151,354
269,2886,664,166,362
270,2914,659,182,372
271,2933,651,180,395
272,2953,647,202,407
273,2958,654,232,432
274,3020,653,262,413
275,3044,647,240,421
276,3087,638,227,458
277,3107,633,266,472
278,3154,624,252,465
279,3195,620,233,442
280,3243,605,213,426
281,3285,595,195,360
282,3323,595,195,326
283,3354,588,209,301
284,3395,591,197,293
285,3428,597,201,294
286,3473,596,194,298
287,3498,614,213,269
288,3541,620,210,303
289,3572,627,227,347
290,3615,637,217,350
291,3664,640,176,339
292,3705,637,137,334
293,3750,638,112,281
294,3790,639,111,284
295,3790,639,111,284
296,3681,848,149,298
297,3684,837,157,331
298,3283,901,160,371
299,3022,575,185,373
300,2460,855,154,358
301,2471,890,142,303
302,2482,899,96,287
303,2496,913,77,272
304,2501,922,81,261
305,2510,912,80,264
306,2503,917,80,254
307,2555,907,95,244
308,2515,913,74,249
309,2574,909,64,246
310,2659,912,64,222
311,2602,915,67,229
312,2527,915,69,241
313,2600,918,78,235
314,2596,916,95,231
315,2560,919,66,235
316,2539,918,63,242
317,2579,927,71,221
318,2609,918,55,232
319,2543,925,61,232
320,2549,922,61,235
321,2548,921,66,236
322,2550,922,68,227
323,2550,923,68,219
324,2552,925,64,216
325,2556,924,67,213
326,2562,925,67,206
327,2554,927,78,206
328,2562,927,68,209
329,2565,926,64,208
330,2568,929,68,208
