1,1905,861,79,293
2,1911,865,70,286
3,1909,879,78,277
4,1911,876,78,288
5,1911,864,86,297
6,1917,867,82,283
7,1919,866,82,287
8,1923,866,83,293
9,1921,865,90,302
10,1927,871,79,287
11,1933,865,84,298
12,1933,869,86,298
13,1927,876,92,294
14,1934,874,92,301
15,1943,865,84,317
16,1947,863,91,322
17,1945,868,101,310
18,1949,864,97,317
19,1950,880,101,295
20,1949,874,108,298
21,1955,874,108,305
22,1957,863,109,317
23,1958,868,106,320
24,1963,867,110,314
25,1958,865,128,321
26,1967,863,129,326
27,1973,862,128,328
28,1971,857,129,342
29,1974,852,134,339
30,1980,851,126,339
31,1988,846,118,355
32,1990,846,121,355
33,1988,853,124,346
34,1988,850,129,341
35,2004,849,115,360
36,2007,842,111,401
37,2005,840,121,386
38,2020,841,99,394
39,2022,825,108,423
40,2027,821,106,441
41,2018,832,120,434
42,2039,824,103,426
43,2039,829,105,431
44,2038,817,113,446
45,2057,816,97,453
46,2052,806,112,457
47,2062,816,100,446
48,2056,816,116,450
49,2053,810,127,458
50,2068,819,113,460
51,2075,821,118,459
52,2071,826,125,442
53,2068,827,138,439
54,2076,824,144,449
55,2075,810,143,465
56,2084,803,140,478
57,2084,821,153,467
58,2101,804,132,492
59,2088,816,174,467
60,2105,811,160,480
61,2110,806,165,478
62,2109,820,166,463
63,2120,804,152,482
64,2125,804,156,492
65,2131,808,160,488
66,2143,790,142,533
67,2137,783,160,559
68,2151,768,156,582
69,2142,769,171,588
70,2170,765,155,613
71,2170,771,158,614
72,2168,761,162,641
73,2181,756,166,635
74,2176,763,170,633
75,2187,770,164,633
76,2194,741,167,664
77,2202,723,176,676
78,2198,726,187,678
79,2209,711,177,698
80,2221,700,167,712
81,2233,713,162,684
82,2228,719,190,691
83,2243,714,179,686
84,2252,705,172,700
85,2264,700,172,718
86,2258,687,204,730
87,2263,702,202,726
88,2263,693,213,738
89,2275,726,216,700
90,2283,721,209,699
91,2272,707,241,727
92,2283,711,254,734
93,2291,737,244,700
94,2293,741,275,698
95,2312,733,270,717
96,2329,729,280,760
97,2342,678,283,813
98,2353,707,277,792
99,2359,706,293,779
100,2372,717,285,766
101,2394,737,269,752
102,2413,711,270,781
103,2416,709,275,788
104,2439,703,268,820
105,2452,695,275,865
106,2458,687,278,871
107,2478,685,283,865
108,2481,682,299,854
109,2489,708,313,801
110,2515,713,306,789
111,2510,708,342,802
112,2529,694,332,816
113,2538,688,337,828
114,2552,675,354,880
115,2571,664,361,922
116,2592,668,358,935
117,2631,658,355,954
118,2659,628,359,994
119,2665,609,364,1022
120,2673,596,395,1023
121,2714,597,387,1024
122,2742,588,385,1023
123,2781,597,361,1016
124,2791,592,382,1025
125,2851,584,357,1021
126,2844,584,394,1005
127,2880,586,393,999
128,2912,583,389,991
129,2950,592,387,974
130,2975,589,389,969
131,nan,nan,nan,nan
132,nan,nan,nan,nan
133,3066,612,395,897
134,3120,604,369,911
135,3157,614,370,909
136,3208,612,361,899
137,3214,603,366,942
138,3255,614,363,887
139,3286,610,356,858
140,3333,622,328,899
141,3353,620,334,915
142,3348,618,342,923
143,3365,618,347,928
144,3371,648,379,894
145,3406,640,366,901
146,3409,644,397,895
147,3427,638,409,889
148,3444,622,394,899
149,3458,595,381,944
150,3509,624,347,896
151,3538,620,346,879
152,3583,670,312,815
153,3603,667,309,810
154,3604,642,324,819
155,3636,660,306,808
156,3672,643,277,813
157,3664,639,297,823
158,3654,635,321,794
159,3676,659,335,797
160,3675,674,342,770
161,3720,682,306,752
162,3743,669,275,749
163,3751,675,276,750
164,3755,677,278,760
165,3765,703,287,733
166,3778,717,275,719
167,3784,718,271,714
168,3811,710,240,728
169,3825,716,228,735
170,3837,725,220,703
171,22,748,213,693
172,38,730,200,703
173,34,730,194,691
174,51,740,191,670
175,57,749,188,646
176,75,756,183,620
177,80,750,170,620
178,95,757,161,613
179,95,775,170,600
180,116,771,156,591
181,114,770,164,604
182,110,767,175,590
183,118,788,171,556
184,125,793,168,551
185,135,789,169,560
186,142,801,165,543
187,139,807,171,516
188,135,804,177,528
189,141,794,169,534
190,161,795,160,545
191,167,786,154,541
192,179,793,143,522
193,190,801,142,506
194,196,804,132,496
195,204,806,133,482
196,204,805,136,468
197,215,818,136,463
198,218,826,134,445
199,230,821,121,451
200,229,823,124,462
201,239,812,117,456
202,243,813,114,447
203,253,830,109,452
204,253,813,110,459
205,261,824,114,454
206,259,828,118,450
207,261,828,121,447
208,270,826,115,451
209,276,822,103,453
210,282,829,101,448
211,292,833,93,434
212,293,827,91,441
213,294,833,89,432
214,304,832,77,389
215,301,831,80,377
216,307,832,75,356
217,308,834,68,346
218,316,860,81,314
219,306,849,98,300
220,305,843,97,296
221,304,837,95,293
222,303,831,94,289
223,317,834,116,297
224,308,844,125,317
225,303,908,174,324
226,302,878,181,295
227,296,880,180,316
228,293,870,181,314
229,282,861,195,333
230,263,857,214,342
231,247,854,236,348
232,228,855,247,384
233,214,843,251,435
234,212,840,266,455
235,195,837,275,465
236,201,850,210,438
237,184,850,209,436
238,167,854,219,420
239,147,851,235,416
240,121,853,253,394
241,106,853,246,395
242,115,846,232,400
243,73,837,237,417
244,65,840,231,428
245,31,830,270,425
246,9,817,284,460
247,4,823,264,486
248,3823,812,261,537
249,3804,816,271,561
250,3776,815,280,573
251,3745,796,306,618
252,3688,807,356,638
253,3654,794,416,716
254,3633,771,387,752
255,3616,775,360,741
256,3596,785,355,740
257,3560,791,333,746
258,3524,798,372,764
259,3502,771,326,768
260,3479,791,337,725
261,3455,789,341,696
262,3433,781,351,750
263,3415,772,319,753
264,3380,769,325,748
265,3357,759,288,792
266,3312,758,319,767
267,3285,767,325,766
268,3259,786,351,734
269,3243,775,344,731
270,3215,786,362,729
271,3202,796,349,692
272,3131,791,409,695
273,3087,811,410,616
274,3078,809,435,641
275,3023,683,414,603
276,3053,643,355,626
277,3080,635,281,634
278,3160,622,218,606
279,3188,625,226,585
280,3230,612,216,553
281,3275,602,196,536
282,3314,602,195,484
283,3352,593,207,472
284,3384,597,209,427
285,3430,608,197,409
286,3475,607,187,394
287,3509,614,189,355
288,3543,624,199,340
289,3587,633,201,331
290,3623,635,200,289
291,3671,644,214,260
292,3714,648,228,243
293,3753,643,212,233
294,3796,669,174,263
295,3813,664,173,259
296,16,660,154,287
297,64,670,144,298
298,101,680,148,264
299,115,676,145,277
300,115,680,149,266
301,122,691,174,235
302,150,697,165,242
303,180,711,154,226
304,194,726,160,225
305,219,740,150,221
306,253,752,135,220
307,270,755,133,179
308,296,770,123,148
309,311,777,115,128
310,328,783,109,119
311,343,784,108,115
312,358,791,101,113
313,368,793,102,110
314,383,794,100,104
315,399,791,96,107
316,414,795,89,102
317,427,798,84,96
318,440,801,84,97
319,451,806,89,96
320,465,810,88,97
321,481,813,78,95
322,492,822,74,93
323,502,827,77,94
324,511,831,76,92
325,528,835,71,90
326,542,838,70,84
327,552,839,71,89
328,564,837,69,86
329,571,836,68,84
330,583,836,65,82
