1.0
0.9387351778656127
0.8911408957175547
0.8217296284733063
0.7968898762297684
0.783349101229896
0.783349101229896
0.783349101229896
0.7351287363125185
0.7567225561531161
0.6978776529338327
0.6910856134157105
0.6918657393407922
0.6733067729083665
0.7168525402726146
0.7168525402726146
0.7495195387572069
0.7495195387572069
0.6964285714285714
0.709758393473486
0.7226890756302521
0.7440789473684211
0.7478510028653295
0.7279206693523397
0.7513880320789637
0.7279206693523397
0.7279206693523397
0.7338331771321462
0.7338331771321462
0.7398425196850393
0.7521613832853026
0.7327502429543246
0.7068573285667858
0.7124140189977072
0.6859395532194481
0.6859395532194481
0.6859395532194481
0.6911618669314796
0.6911618669314796
0.6641221374045801
0.6641221374045801
0.6641221374045801
0.6641221374045801
0.6690070210631895
0.6641221374045801
0.6943396226415094
0.6943396226415094
0.6943396226415094
0.6943396226415094
0.6943396226415094
0.6408498971898561
0.6408498971898561
0.6362708404219122
0.6502086230876217
0.6454953400069037
0.6292291594000697
0.6246537396121884
0.6246537396121884
0.6885369532428356
0.755892928485817
0.729593972373378
0.7710583153347732
0.8098744045041143
0.8098744045041143
0.7837384744341995
0.880349344978166
0.9255605381165919
0.8389679715302492
0.8802816901408451
0.7665615141955836
0.7054146156758804
0.9039735099337748
0.8100979653353428
0.8299856527977044
0.765943671090968
0.7597944765574823
0.8
0.8258602711157456
0.8184636582845333
0.8184636582845333
0.8442211055276382
0.8280792980175495
0.87
0.8537690067939179
0.8537690067939179
0.846104520679705
0.8154636061612806
0.747689722766732
0.7253390055836214
0.7195990503824848
0.7385260949383687
0.7038183694530443
0.7618048268625394
0.7618048268625394
0.7373658025661168
0.7247608926673751
0.739268680445151
0.7451923076923077
0.7512116316639742
0.7705714285714286
0.7705714285714286
0.7705714285714286
0.8189022600528324
0.777009507346586
0.8072916666666666
0.8143607705779334
0.779705117085863
0.8808432630614116
0.8363309352517986
0.8778928136419001
0.9417721518987342
0.9417721518987342
0.9417721518987342
0.9326230021936697
0.9326230021936697
0.8972922502334267
0.8972922502334267
0.8363309352517986
0.7865266841644795
0.8096343586767266
0.8096343586767266
0.7725580063019192
0.7788045047646549
0.7487061529614721
0.7429386590584879
0.7429386590584879
0.7429386590584879
0.7725580063019192
0.7487061529614721
0.7487061529614721
0.7429386590584879
0.7372593431483578
0.7372593431483578
0.7372593431483578
0.7316661983703288
0.7316661983703288
0.7261572783045176
0.7261572783045176
0.7261572783045176
0.7261572783045176
0.7261572783045176
0.7485428809325562
0.7261572783045176
0.7261572783045176
0.7207306947135345
0.7261572783045176
0.7261572783045176
0.7261572783045176
0.7261572783045176
0.7099236641221374
0.6676415846849242
0.7878612716763006
0.7578462424416931
0.7578462424416931
0.7637840975043528
0.7698157355952032
0.7698157355952032
0.7698157355952032
0.7759433962264151
0.7759433962264151
0.750887573964497
0.750887573964497
0.750887573964497
0.7567084078711985
0.7567084078711985
0.7567084078711985
0.7567084078711985
0.750887573964497
0.750887573964497
0.750887573964497
0.750887573964497
0.750887573964497
0.7059319651391622
0.7059319651391622
0.7059319651391622
0.7059319651391622
0.7111299915038233
0.7111299915038233
0.7111299915038233
0.7164051355206847
0.7164051355206847
0.7164051355206847
0.7164051355206847
0.7111299915038233
0.7111299915038233
0.7111299915038233
0.7164051355206847
0.7164051355206847
0.7164051355206847
0.7164051355206847
0.7164051355206847
0.6871270247229326
0.6871270247229326
0.6871270247229326
0.7111299915038233
0.7111299915038233
0.7111299915038233
0.7111299915038233
0.7111299915038233
0.7111299915038233
0.7111299915038233
0.7111299915038233
0.7111299915038233
0.7111299915038233
0.7177914110429447
0.7177914110429447
0.6940451745379876
0.6940451745379876
0.6940451745379876
0.6940451745379876
0.7177914110429447
0.7177914110429447
0.7123804001159757
0.7123804001159757
0.7123804001159757
0.7123804001159757
0.7123804001159757
0.7123804001159757
0.7123804001159757
0.7123804001159757
0.7355658198614319
0.7355658198614319
0.7413441955193483
0.7413441955193483
0.7355658198614319
0.7355658198614319
0.7298768261243197
0.7298768261243197
0.7298768261243197
0.7298768261243197
0.7298768261243197
0.7298768261243197
0.7017994858611826
0.6619449741214928
0.6405693950177936
0.6405693950177936
0.6302610548748002
0.647089807742955
0.6365562913907284
0.6581837664077149
0.6797520661157025
0.7130525765105937
0.679970067348466
0.6652982371407873
0.686221345822036
0.7012795275590551
0.7070955069972993
0.7078350012204052
0.7078350012204052
0.6809338521400778
0.6854345165238678
0.662902037809968
0.6624535315985131
0.7090032154340836
0.7040979244278872
0.7040979244278872
0.7274655355249204
0.7449947312961012
0.7928928373126041
0.7712665406427222
0.7656836461126005
0.7656836461126005
0.7601809954751131
0.7703537338573835
0.7464033850493653
0.7464033850493653
0.7409689162699524
0.7409689162699524
0.7556675062972292
0.7556675062972292
0.806219406852865
0.806219406852865
0.7838745800671892
0.7366462928514483
0.7287870900572618
0.700570835495589
0.700570835495589
0.7385120350109409
0.7332971211298207
0.7332971211298207
0.750408719346049
0.7568733153638814
0.7568733153638814
0.762214983713355
0.830997526793075
0.7735605473792926
0.804928664072633
0.804928664072633
0.7935341660543718
0.7566024268379729
0.779781680113906
0.779781680113906
0.7969924812030075
0.7855488652153775
0.8074792243767313
0.8168631006346329
0.8515033279779665
0.8217054263565892
0.8418266048974189
0.7556067910291343
0.7556067910291343
0.7736282078030461
0.65315142198309
0.6701109835438194
0.7386454183266933
0.7750660972137482
0.7518248175182481
0.7891903085524954
0.732222673709874
0.7562062380649268
0.8200089325591782
0.8182648401826484
0.812514169122648
0.7533714285714286
0.7480708125283704
0.7561837455830389
0.7448275862068966
0.7448275862068966
0.763922253767198
0.7499447269511387
0.7374252160425437
0.7614821388950521
0.7760517799352751
0.8018173950670705
0.7538334024036469
0.7538334024036469
0.7348595213319459
0.7348595213319459
0.7376734258271078
0.7425870219166308
0.7425870219166308
0.72776222270084
0.72776222270084
0.7439468609385044
0.678407044226536
0.6776278274092378
0.6555370061213133
0.6555370061213133
0.6788239672497208
0.6749306197964847
0.690148596587782
0.6764542936288088
0.6861207368229072
0.6821396192203083
0.692390139335477
0.6976826463824518
0.7160804020100503
0.7129293975487657
0.7459174714661985
0.7872191011235955
0.8061490359562272
0.8187134502923976
0.8307508939213349
0.8193089766903621
0.8465232082518229
0.8343558282208589
0.8634046890927625
0.76171875
0.8357859531772576
0.762610340479193
0.7778998587348925
0.7400602409638555
0.7032054951345164
0.6748637697359229
0.6784729278560023
0.6699535145795182
0.7379862700228833
0.7417016958979562
0.7508437270726339
0.7661610955676631
0.7994518044769301
0.7818459191456903
0.7813863305865245
0.8282304099636741
0.8644825018615041
0.906444489058422
0.9113453192808432
0.0
0.0
0.0
0.0
0.0
0.0
0.0
0.0
0.0
0.0
0.0
0.0
0.0
0.0
0.0
0.0
0.0
0.0
0.0
0.0
0.0
0.0
0.0
0.0
0.0
0.0
0.0
0.0
0.0
0.0
0.0
0.0
0.0
0.0
0.0
0.0
0.0
0.0
0.0
0.0
0.0
0.0
0.0
0.0
0.0
0.0
0.0
0.0
0.0
0.0
0.0
0.0
0.0
0.0
0.0
0.0
0.0
0.0
0.0
0.0
0.0
0.0
0.0
0.0
0.0
0.0
0.0
0.0
0.0
0.0
0.0
0.0
