1.0
1.0
0.9475860828913063
0.979323808678676
1.0
0.9186829633325019
0.9442563167491534
0.9045226130653267
0.949614700652045
0.9133917396745932
0.9099128719381884
0.8327935222672065
0.8470814839628172
0.9441168931043322
0.9768376890131981
0.9286142771445711
0.9110485340400861
0.9397103401818794
0.9605568445475638
0.914582656706723
0.920863309352518
0.9147212958551691
0.9325681492109039
0.9429311562917027
0.949768875192604
0.9091113948771877
0.9543506053997142
1.0
0.9418622029591989
0.953189536484626
0.934561776517836
0.927215662830668
0.8961136585732542
0.9420289855072463
0.9099484797910166
0.9732079348771042
0.9005100098957144
0.9893272962483829
1.0
0.9851851851851852
0.9530416221985059
0.962363206152026
0.9235955056179775
0.9671641791044776
0.9645010046885466
0.9965584669534611
0.99252408477842
0.9927536231884058
0.9925265004194311
0.9896907216494846
1.0
0.932069970845481
1.0
0.9152775653769689
0.901776225899499
0.9149018097805159
0.9701492537313433
0.934228187919463
0.9403995377249463
0.9924116670618923
0.9721078393287235
0.9437626223395992
0.9159752602202443
0.9723674383868559
0.9253064167267484
0.8963533050420772
0.8702811533759977
0.9121462264150944
0.9287707446027317
0.9225382932166302
0.9264439452134212
0.9365355357530971
0.936807015001087
0.897293795883115
0.9045956537228358
0.9097483580547561
0.9153259949195597
0.8822030298739912
0.8818103199769386
0.8847772456827746
0.8567452863007027
0.8742624332677719
0.8789756299049979
0.8641720074426297
0.8707845953895615
0.8846948982994332
0.8833510074231177
0.8926263025986018
0.8896190987124464
0.9046763786336726
0.8840864440078585
0.8839285714285714
0.8522837080461251
0.8333544866099759
0.8268178012494365
0.8667318982387475
0.8325969563082966
0.8572564369151734
0.8597877067390768
0.8343949044585988
0.8498427206362396
0.8575980534152134
0.8498201438848921
0.8637064786249449
0.8952760387023335
0.831814548361311
0.8538441625679524
0.8473078503904644
0.763921644125716
0.8113207547169812
0.8027115940584189
0.8317476469091835
0.7614018242918867
0.7505720823798627
0.7973676456143797
0.8033769322235434
0.7779097387173397
0.7924466338259442
0.7860033325398714
0.7540603248259861
0.734377758164166
0.7487983371584462
0.7561278863232682
0.7658041419313908
0.7629145549924424
0.7949386434125949
0.8051953878594823
0.8299791811242193
0.8024767528976247
0.8072183098591549
0.7810564663023679
0.7619714610872801
0.7780458383594693
0.8048648159869789
0.8177877219969235
0.838018611865064
0.7994434409022116
0.7885764243042401
0.7612669178177759
0.7467610033997979
0.8014090708938794
0.7733513827112745
0.756573531548109
0.7637231503579952
0.7338325706097166
0.7638645512668719
0.7585011077930836
0.7320230558442785
0.6986659331591253
0.7520061138708445
0.7740471011065923
0.8118644908486682
0.8024333444227936
0.8080721747388414
0.7623630300142925
0.7728194726166329
0.7678871346993618
0.7221458046767538
0.803836010549029
0.8043589624179202
0.7936372674336032
0.804519453505413
0.8248974008207934
0.8423918423918424
0.7854424357754519
0.7801114444920703
0.7912014185076915
0.8201805474665114
0.8257370054305664
0.7984381696109709
0.8149201909630129
0.8033776771393528
0.793984962406015
0.8067038014267566
0.8126199734212728
0.7864738409187579
0.7705950991831972
0.7858740659654466
0.7756595506665424
0.7474337332907524
0.774181633501085
0.8117738187451587
0.7903830331840205
0.7881161635460451
0.7766428984390056
0.7588686947225192
0.7475490196078431
0.7448151487826871
0.6990082720168183
0.7025204760396399
0.6847860755456326
0.6857563760243072
0.6774325988777884
0.6822567306808784
0.6573708792454541
0.6655237918732335
0.703777152608034
0.7176075080543494
0.7060151436768095
0.6930749773302153
0.6868896541963485
0.7069032009255688
0.7313223430375307
0.6892224528210821
0.7183737911979475
0.7442251797460608
0.7289845662054842
0.739227895392279
0.7080659945004583
0.7021276595744681
0.733402489626556
0.7302382602206705
0.6900677678949597
0.7209390382430897
0.7001709036530656
0.7117986309491726
0.6970592811576163
0.6921376697189769
0.682432085451651
0.690395539110949
0.6941597014140777
0.7287832579661373
0.729400010516906
0.6954674954674954
0.6699984778527576
0.6525821596244131
0.6660109951076815
0.7150975272615574
0.6886628366626258
0.655068685450717
0.6217336032769905
0.6125877978239912
0.5983618066931898
0.670637000333508
0.6640919366993218
0.6624383368569415
0.6168801671663486
0.6267436945188107
0.6266061250120761
0.5953254780761058
0.5770925110132159
0.6147095487409624
0.6016851396760118
0.5724422525288109
0.6178047908473364
0.6178047908473364
0.6155134778415148
0.5977248703880808
0.5832293486398802
0.6054717861029069
0.6054717861029069
0.5705946734768332
0.6024096385542169
0.5938757833596576
0.6206272296469837
0.5827123695976155
0.6130974192535203
0.6185021074246191
0.6224373266626788
0.5878126519366863
0.5915515929107318
0.6341228164183903
0.6222935044105854
0.5840962316372152
0.5929933576173131
0.5829997893406362
0.6181978409341264
0.6181978409341264
0.6417450812660394
0.587636678575295
0.6016506653191848
0.5908798972382787
0.6017596665894883
0.6094356005788713
0.6282007511095937
0.6283284851197136
0.641656596726354
0.6614563682423328
0.6164059283655825
0.6471711385790373
0.6515123138870681
0.6830738560850579
0.6623431354186177
0.6069037064981609
0.6510424295688687
0.6305803571428571
0.6458823529411765
0.611417714647607
0.5915875169606513
0.6079196876742889
0.619968611521418
0.6238713445038409
0.6055004097987433
0.6278656311406382
0.6105706267539757
0.6150591403019521
0.6320446239661474
0.6126326068622664
0.6236497309730151
0.6182523478971008
0.607757375696307
0.6035238680598238
0.6041675212272858
0.6275740833751884
0.6276885792184187
0.6299427324788656
0.6608124889125422
0.6434236186348863
0.6348620704448925
0.6749107376121223
0.6666089516059216
0.6475626653230886
0.5867861958383441
0.5601217656012176
0.5344401271635465
0.5832432821842807
0.6023186043927553
0.6163241636765612
0.5522136922915133
0.5569695486487432
0.5744333635539438
0.5344418052256532
0.5495495495495496
0.5565414775072225
0.526060606060606
0.5597861927735934
0.538621715418939
0.5298631146031552
0.5294809542479718
0.5339620389160797
0.5341795509827495
0.5932665642976647
0.6361221514310252
0.6216227476304551
0.6225237276259634
0.6222949056857386
0.6091132356810806
0.6175466419965198
0.6233243967828418
0.6415057727757835
0.6460031442737937
0.6396590048608906
0.6430374830064091
0.6430374830064091
0.6477550621148391
0.6382440653703925
0.6323201839476899
0.6323201839476899
0.659782264546141
0.6620973975779438
0.677459126239614
0.6567424182437248
0.6672405697292221
0.6477089569422059
0.6415239265688609
0.6413101299490843
0.6401008437950195
0.6405622489959839
0.6402699778453295
0.6357362557832976
0.6326969406522809
0.6391873872460585
0.6360349029164374
0.6560651655079381
0.6776217825994469
0.6832067326083393
0.6800704511583796
0.6887325142581505
0.6824882733973643
0.7174571140262361
0.7511601318178761
0.7696389195148843
0.7379583746283449
0.7348145128414186
0.7335812517541398
0.7060849598163031
0.7042045214451722
0.6815155416590031
0.6954494358632749
0.6814219212865003
0.7031935155246489
0.696045197740113
0.6694778941877146
0.6178524661719773
0.685080831408776
0.6660137120470128
0.6699177380424609
0.6282976887799119
0.6505000442517037
0.6984142285631657
0.7022274958200744
0.5914281162037283
0.59154499669329
0.6608878091872792
0.642146257031588
0.6680537592082326
0.6183659986787051
0.6487648875165417
0.6884658454647257
0.6728426253438886
0.6780106240149437
0.6980119167010795
0.6998750223174434
0.7022555496042373
0.6954084675014908
0.7529509879394406
0.7303184713375797
0.7495337920390972
0.7432449575034885
0.7532508721852205
0.8053691275167785
0.8050989600805099
0.7953950811093669
0.7838941840108928
0.7761463163317878
0.8063122053431115
0.8043449724337096
0.7364292828685259
0.7327143299288146
0.7254746835443038
0.7364359214218896
0.7401360544217687
0.723680605030964
0.7217575494242885
0.6799234368353892
0.6806844391996996
0.6579259738858314
0.6384644871584251
0.6664883944806931
0.6560852254385021
0.6385630498533724
0.6790067263440045
0.6292917648238183
0.6309996481881691
0.6590683845391476
0.6552369691595231
0.6130374479889042
0.6226330252310767
0.6137102334285433
0.6137102334285433
0.6123280186758059
0.611602264825668
0.619014504271806
0.6539130434782608
0.6539130434782608
0.6577369052379048
0.648307798413715
0.6577369052379048
0.625
0.6216427385486863
