1,716,367,85,123
2,726,366,86,125
3,731,362,87,126
4,729,351,89,129
5,730,340,90,128
6,734,338,90,129
7,735,339,89,128
8,733,334,94,133
9,734,335,91,128
10,734,339,91,130
11,732,343,91,132
12,722,348,93,135
13,724,365,92,132
14,735,377,91,130
15,738,371,89,129
16,741,365,90,132
17,750,367,90,131
18,754,367,89,130
19,754,360,91,133
20,761,362,90,132
21,766,364,89,133
22,768,364,90,133
23,772,365,90,133
24,773,362,91,133
25,775,359,91,133
26,781,360,90,132
27,781,359,95,137
28,783,358,95,138
29,787,358,93,138
30,787,358,92,133
31,782,353,91,132
32,782,353,93,134
33,783,358,90,130
34,772,353,95,136
35,769,349,97,139
36,772,355,94,136
37,771,358,94,136
38,771,360,92,134
39,770,360,92,135
40,770,360,93,136
41,768,358,96,139
42,764,354,97,139
43,762,353,96,139
44,762,358,96,140
45,763,365,95,139
46,763,367,94,137
47,762,366,95,139
48,763,365,95,139
49,768,371,94,136
50,768,375,96,139
51,771,379,94,139
52,779,390,94,138
53,781,399,93,137
54,785,408,89,132
55,785,412,89,131
56,786,417,89,131
57,794,432,88,129
58,799,447,88,127
59,798,454,88,127
60,790,452,92,134
61,789,455,95,135
62,789,462,94,136
63,786,463,97,139
64,784,465,98,139
65,781,466,100,141
66,781,470,99,139
67,781,474,99,140
68,779,479,98,138
69,777,483,97,138
70,775,487,97,138
71,771,490,99,137
72,773,492,98,138
73,776,496,99,138
74,775,499,99,139
75,771,503,100,139
76,772,515,98,135
77,769,517,101,138
78,765,519,102,138
79,766,520,100,136
80,772,523,100,136
81,779,533,103,137
82,780,550,104,135
83,776,558,107,137
84,778,559,106,136
85,778,560,107,137
86,772,566,109,137
87,772,570,109,137
88,776,577,110,136
89,778,582,110,135
90,775,581,110,137
91,773,582,111,137
92,772,589,113,136
93,771,593,115,137
94,770,595,116,137
95,770,599,115,137
96,770,613,117,133
97,776,623,121,134
98,777,628,123,134
99,770,631,122,133
100,768,632,126,136
101,774,640,126,133
102,775,642,128,135
103,772,646,131,136
104,774,656,133,134
105,776,668,135,132
106,774,671,141,134
107,760,673,143,136
108,748,675,145,136
109,748,680,149,137
110,754,685,146,134
111,754,681,146,135
112,755,677,143,135
113,757,681,147,136
114,759,687,150,135
115,761,683,148,136
116,760,683,148,137
117,763,691,149,133
118,764,693,154,136
119,766,692,150,134
120,767,694,151,135
121,770,698,157,137
122,769,701,159,137
123,767,697,156,137
124,765,698,154,135
125,766,705,157,135
126,767,707,159,134
127,766,702,156,135
128,766,703,156,135
129,767,709,160,134
130,765,709,160,135
131,764,704,154,133
132,760,704,159,136
133,756,708,158,134
134,746,708,158,133
135,745,700,153,134
136,733,696,151,134
137,721,692,147,134
138,719,694,145,132
139,720,703,151,131
140,723,701,151,132
141,724,696,147,132
142,728,695,146,132
143,735,701,150,131
144,738,702,151,132
145,742,699,152,135
146,749,698,151,134
147,752,701,150,130
148,751,703,150,131
149,751,705,153,131
150,757,707,153,131
151,759,706,155,133
152,761,706,151,130
153,758,702,153,134
154,758,701,153,135
155,763,699,151,134
156,767,699,150,133
157,768,699,151,133
158,771,703,154,136
159,776,706,153,132
160,769,703,156,135
161,770,702,151,132
162,768,702,152,133
163,769,705,154,132
164,768,704,153,132
165,764,702,153,134
166,764,703,153,133
167,764,702,153,133
168,765,700,151,133
169,763,699,151,134
170,761,701,153,133
171,763,700,152,133
172,759,697,153,136
173,757,695,156,139
174,764,697,149,134
175,764,697,149,133
176,762,695,152,135
177,762,695,152,135
178,763,694,149,135
179,761,693,151,137
180,758,691,154,139
181,753,689,153,139
182,755,689,149,136
183,752,685,155,142
184,755,682,148,139
185,756,678,146,138
186,760,674,142,139
187,754,667,151,146
188,758,663,144,144
189,759,656,146,150
190,759,653,148,151
191,760,648,146,152
192,762,642,144,151
193,763,634,143,155
194,765,631,142,155
195,764,626,142,157
196,766,619,139,157
197,765,617,139,157
198,764,614,138,157
199,762,610,137,157
200,760,604,135,157
201,760,595,134,160
202,757,586,132,159
203,756,584,128,157
204,753,581,131,160
205,746,573,129,159
206,741,564,125,158
207,743,564,126,160
208,742,565,127,160
209,732,558,125,159
210,733,551,121,156
211,734,548,122,160
212,733,548,121,157
213,728,538,121,158
214,724,526,118,157
215,716,512,117,158
216,716,499,117,159
217,718,492,119,164
218,718,485,118,163
219,715,474,118,167
220,711,464,117,166
221,707,456,116,166
222,704,451,116,166
223,704,445,116,166
224,701,432,117,167
225,691,421,118,169
226,692,417,119,172
227,695,417,118,170
228,692,412,117,169
229,685,401,115,167
230,689,398,118,171
231,690,400,122,176
232,686,395,123,179
233,682,384,122,177
234,681,371,122,174
235,671,361,122,176
236,673,356,123,175
237,683,354,125,178
238,691,353,123,175
239,700,352,121,173
240,703,351,121,173
241,709,344,122,173
242,712,340,120,169
243,711,328,120,168
244,710,316,121,166
245,712,315,120,165
246,712,315,120,165
247,710,309,120,166
248,708,304,121,166
249,706,301,122,166
250,707,305,119,164
251,706,302,119,164
252,702,297,119,163
253,692,291,121,163
254,694,292,121,164
255,696,293,118,161
256,690,289,118,161
257,686,282,120,161
258,687,285,117,160
259,687,288,117,159
260,686,285,117,160
261,682,282,117,159
262,679,279,118,160
263,679,280,119,159
264,679,277,118,161
265,679,276,118,160
266,677,273,120,160
267,680,273,117,157
268,680,272,117,157
269,680,270,116,153
270,680,265,119,157
271,685,270,117,154
272,693,273,114,152
273,692,269,115,152
274,695,264,115,152
275,693,258,117,152
276,694,246,119,152
277,700,231,122,151
278,696,219,126,149
279,691,205,131,150
280,700,190,136,148
281,711,180,143,151
282,713,176,143,149
283,714,179,143,151
284,712,182,141,152
285,711,181,139,149
286,703,175,143,152
287,696,170,146,153
288,696,169,146,153
289,693,170,146,153
290,693,170,144,151
291,690,165,145,151
292,687,161,148,152
293,690,166,146,152
294,691,165,145,149
295,689,162,146,148
296,688,160,144,146
297,684,155,145,145
298,678,134,157,145
299,697,115,172,143
300,708,113,173,143
301,714,118,170,144
302,714,118,170,145
303,713,115,171,144
304,713,115,170,142
305,711,116,168,139
306,716,121,160,139
307,713,117,164,139
308,704,111,169,138
309,701,108,170,138
310,694,105,172,135
311,695,105,171,136
312,681,99,177,136
313,657,87,191,137
314,648,82,196,137
315,639,77,201,136
316,626,74,202,132
317,633,75,199,130
318,615,72,203,128
319,602,68,208,127
320,600,67,210,127
321,603,68,204,126
322,587,63,212,124
323,579,61,215,122
324,576,59,218,122
325,572,58,220,120
326,555,59,219,115
327,549,51,232,113
328,565,46,248,118
329,562,43,249,118
330,558,42,257,117
331,543,36,276,114
332,549,22,319,111
333,585,8,349,121
334,589,10,342,121
335,595,10,336,123
336,606,13,322,123
337,610,12,322,126
338,607,12,325,125
339,620,15,309,126
340,626,17,303,126
341,626,18,306,126
342,629,19,300,126
343,632,20,300,127
344,632,19,300,127
345,632,20,300,126
346,629,18,303,129
347,632,20,299,129
348,632,20,299,129
349,626,19,300,126
350,635,22,291,126
351,643,26,283,126
352,638,23,285,127
353,632,22,294,127
354,635,22,291,130
355,638,22,291,129
356,635,22,294,130
357,640,25,286,130
358,640,24,288,129
359,640,25,288,129
360,643,25,285,129
361,643,26,283,129
362,646,27,280,129
363,648,28,278,129
364,648,27,280,132
365,650,29,276,131
366,654,32,268,132
367,653,33,269,133
368,649,34,264,131
369,649,35,262,134
370,660,44,244,135
371,673,54,226,133
372,672,54,224,131
373,669,52,230,133
374,675,57,222,134
375,680,61,215,134
376,678,59,220,136
377,684,65,211,136
378,692,71,202,136
379,702,85,184,132
380,703,89,181,132
381,705,97,173,132
382,708,103,167,134
383,705,104,171,136
384,702,107,169,137
385,706,117,161,136
386,711,129,153,135
387,716,131,151,136
388,716,122,159,140
389,715,118,162,141
390,714,132,151,139
391,711,164,137,137
392,710,172,136,140
393,709,172,138,144
394,717,188,130,141
395,719,196,129,145
396,722,209,125,144
397,729,213,125,147
398,734,221,124,148
399,735,227,123,147
400,738,232,121,149
401,743,246,118,147
402,745,252,116,148
403,747,258,115,148
404,749,263,115,148
405,753,274,114,149
406,759,290,109,145
407,759,294,109,146
408,760,300,108,146
409,762,302,108,148
410,766,306,108,148
411,770,322,105,144
412,773,331,103,145
413,775,335,104,147
414,776,334,105,149
415,783,340,105,150
416,788,353,104,149
417,789,370,103,147
418,789,377,104,148
419,793,377,106,152
420,802,375,105,154
421,801,367,109,159
422,802,372,111,161
423,806,373,112,165
424,811,376,113,165
425,819,371,114,167
426,818,377,113,167
427,821,377,113,166
428,834,390,112,165
429,839,403,114,166
430,835,404,114,165
431,826,397,115,168
432,824,396,117,171
433,825,398,118,171
434,826,396,117,172
435,826,393,118,173
436,826,396,118,174
437,828,397,118,173
438,832,400,117,173
439,832,399,118,174
440,832,398,118,174
441,833,398,117,174
442,835,398,117,174
443,835,395,117,174
444,833,392,117,174
445,833,392,117,174
446,834,392,117,173
447,834,392,118,174
448,833,392,117,173
449,831,387,118,174
450,831,386,119,174
