1.0
0.8120840266222962
0.93190770962296
0.821551132463967
0.821551132463967
0.8082788671023965
0.8254837531945965
0.8807947019867549
0.8895219222194699
0.8895219222194699
0.8743608473338204
0.976936723832052
0.8572370590174745
0.9158169046000453
0.9158169046000453
0.9824561403508771
0.8471550762365192
0.8690582959641255
0.8307096149188665
0.8307096149188665
0.9967754417644783
0.9067765789792702
0.9266770670826833
0.8916013154566153
0.8916013154566153
0.961287200580692
0.848199954138959
0.8942614240170031
0.7106357694592988
0.7106357694592988
0.9171760009978795
0.9037923135657928
0.9851851851851852
0.9782232120762188
0.9782232120762188
0.9549256505576208
0.9403723780344097
0.9383292383292383
0.9489222118088098
0.9417828276912265
0.9242424242424242
0.9576770470121438
0.8628558517849073
0.8746458923512748
0.8746458923512748
0.9015203085999546
0.7796610169491526
0.7333972668424839
0.8707037643207856
0.8707037643207856
0.9144035751117222
0.801056338028169
0.875995449374289
0.832986984578366
0.832986984578366
0.9044499661170092
0.8716105847762169
0.898671275791293
0.9238453276047262
0.9378714208535927
0.9684962650211107
0.8738461538461538
0.85989941496459
0.9051094890510949
0.9051094890510949
0.9466666666666667
0.8718994953291098
0.7573815277923716
0.6717214265655714
0.6717214265655714
0.7271186440677966
0.820039620477531
0.7690604239164821
0.7832167832167832
0.7832167832167832
0.8218372366591808
0.7965707027942421
0.7246376811594203
0.7991096798636105
0.7991096798636105
0.8728536385936222
0.8183833904454747
0.8007889546351085
0.7621720934980096
0.7621720934980096
0.7621720934980096
0.8068602611576691
0.9275618374558304
0.901770083641315
0.8960185543100117
0.854180796434454
0.8334455883767921
0.8619325673384818
0.8841463414634146
0.8787878787878788
0.8581397403056267
0.8746135348677431
0.838150289017341
0.839134446028684
0.839134446028684
0.795463849995906
0.8614940156830375
0.8430232558139535
0.7932421560740145
0.8114558472553699
0.7692307692307693
0.7887369010479162
0.8277156487057168
0.7533916189327706
0.7667825824009676
0.8295059151009047
0.8724651091063305
0.7885747510720256
0.7977009863052579
0.8111032028469751
0.810022137250956
0.8228362454286875
0.844035455714189
0.8426395939086294
0.8426395939086294
0.7752069624283592
0.7834648418406536
0.8048980148714101
0.7787622410232496
0.7787622410232496
0.6749362681091836
0.7863851285705032
0.7513459991336098
0.6861621757743641
0.6861621757743641
0.7482865287802511
0.7445832578912427
0.7967862266857962
0.7852941176470588
0.7852941176470588
0.7944526471208606
0.8495380092398152
0.7694578372527797
0.766302146618064
0.766302146618064
0.7946831718329866
0.7585092315980214
0.8052893829053277
0.7373293435571349
0.7373293435571349
0.8560351863607509
0.8205335489086499
0.7591413268103412
0.780238924838228
0.780238924838228
0.7329412248591288
0.725599576529989
0.6780085259493919
0.6944455034119934
0.6944455034119934
0.6243048329805174
0.6331477823666727
0.6235631167545007
0.6772443721182533
0.6886613576033371
0.6672902191341529
0.7170010559662091
0.6845385390889928
0.7201007133864876
0.7114427860696517
0.7089653544236558
0.7356416195139113
0.7009196776857151
0.7064534397669966
0.7064534397669966
0.7111293171868199
0.6595671842523536
0.694666504677439
0.6266366000138062
0.6360324170306186
0.6323388516298657
0.5936102096307342
0.5888692430748506
0.5501935918298636
0.5516484753010015
0.540484997944924
0.5503930499621899
0.5545384417588068
0.5161174785100286
0.525257172905643
0.5437535468179976
0.4941611640988017
0.49918166939443537
0.4737045416919596
0.47593656377978727
0.4908920690116357
0.509735344782586
0.5318490235030056
0.49732569016381645
0.49732569016381645
0.5177070414771945
0.5142681506406108
0.4953072716885661
0.4579521982885807
0.4579521982885807
0.4349864206257673
0.40956371875738146
0.4328565393204176
0.36024564400960657
0.36024564400960657
0.2860266914308824
0.275329094395663
0.24242665235169758
0.21003579388127236
0.21003579388127236
0.0
0.14283235740620256
0.12101438070202566
0.11931956137177854
0.11931956137177854
0.10099182133187436
0.06957101578128473
0.019970329795732055
0.0
0.0
0.0
0.0
0.0
0.0
0.0
0.0
0.0
0.0
0.0
0.0
0.0
0.0
0.0
0.0
0.0
0.0
0.0
0.0
0.0
0.0
0.0
0.0
0.0
0.0
0.0
0.0
0.0
0.0
0.0
0.0
0.0
0.0
0.0
0.0
0.0
0.0
0.0
0.0
0.0
0.0
0.0
0.0
0.0
0.0
0.0
0.0
0.0
0.0
0.0
0.0
0.0
0.0
0.0
0.0
0.0
0.0
0.0
0.0
0.0
0.0
0.0
0.0
0.0
0.0
0.0
0.0
0.0
0.0
0.0
0.0
0.0
0.0
0.0
0.0
0.0
0.0
0.0
0.0
0.0
0.0
0.0
0.0
0.0
0.0
0.0
0.0
0.0
0.0
0.0
0.0
0.0
0.0
0.0
0.0
0.0
0.0
0.0
0.0
0.0
0.0
0.0
0.0
0.0
0.0
0.0
0.0
0.0
0.0
0.0
0.0
0.0
0.0
0.0
0.0
0.0
0.0
0.0
0.0
0.0
0.0
0.0
0.0
0.0
0.0
0.0
0.0
0.0
0.0
0.0
0.0
0.0
0.0
0.0
0.0
0.0
0.0
0.0
0.0
0.0
0.0
0.0
0.0
0.0
0.0
0.0
0.0
0.0
0.0
0.0
0.0
0.0
0.0
0.0
0.0
0.0
0.0
0.0
0.0
0.0
0.0
0.0
0.0
0.0
0.0
0.0
0.0
0.0
0.0
0.0
0.0
0.0
0.0
0.0
0.0
0.0
0.0
0.0
0.0
0.0
0.0
0.0
0.0
0.0
0.0
0.0
0.0
0.0
0.0
0.0
0.0
0.0
0.0
0.0
0.0
0.0
0.0
0.0
0.0
0.0
0.0
0.0
0.0
0.0
0.0
0.0
0.0
0.0
0.0
0.0
0.0
0.0
0.0
0.0
0.0
0.0
0.0
0.0
0.0
0.0
0.0
0.0
0.0
0.0
0.0
0.0
0.0
0.0
0.0
0.0
0.0
0.0
0.0
0.0
0.0
0.0
0.0
0.0
0.0
0.0
0.0
0.0
0.0
0.0
0.0
0.0
0.0
0.0
0.0
0.0
0.0
0.0
0.0
0.0
0.0
0.0
0.0
0.0
0.0
0.0
0.0
0.0
0.0
0.0
0.0
0.0
0.0
0.0
0.0
0.0
0.0
0.0
0.0
0.0
0.0
0.0
0.0
