1.0
0.9890327986945208
0.9689018392383215
0.9689018392383215
0.9689018392383215
0.9416139334082442
0.9416139334082442
0.9416139334082442
0.9540762059688419
0.9540762059688419
0.9608187670805745
0.9608187670805745
0.9608187670805745
0.963905612883282
0.963905612883282
0.9598109266791249
0.9598109266791249
0.9598109266791249
0.9694561681174712
0.9759497160500634
0.9759497160500634
0.972554949107538
0.972554949107538
0.970418560787463
0.95877183028475
0.95877183028475
0.9608187670805745
0.9608187670805745
0.9401671973093365
0.9633673688072328
0.9570547704651525
0.9488742847147605
0.9086432687270822
0.9029057406094968
0.9241514685721407
0.9231983713152045
0.8740814233104075
0.8477321742592654
0.8658589703211799
0.8167781053496991
0.8357824396825907
0.840945627696144
0.7977133028103104
0.757244528650198
0.7547598409899273
0.7457948893192087
0.7160759511783308
0.7096766005691288
0.6966488843377872
0.7192371739621599
0.6842277952161692
0.7246403592767428
0.6992245631118703
0.7084213728635433
0.6918462551780825
0.6834436563186777
0.6562376125488419
0.6595909861160189
0.6277310860300042
0.6306832651716028
0.6115418170281952
0.6170169639125854
0.612125670222002
0.5981350448938636
0.6013147834430236
0.6107627505811122
0.6099094278098134
0.6031966224366707
0.6128829492901428
0.6438555867785198
0.6409627322829806
0.668614855983579
0.6937090213820514
0.7186421563099131
0.7277725075148869
0.7035819262526254
0.711834248661226
0.6715793253957292
0.6744226234607473
0.6607929515418502
0.6363902506386798
0.6184749407591053
0.6327879342873219
0.6219578106063087
0.6156296026565651
0.6551178846333978
0.6342541615389597
0.6313920090616109
0.628714365462845
0.651505392553206
0.6715460598602382
0.6786918695270213
0.6639782224771932
0.6787322954666118
0.7093235669693531
0.6706291944387183
0.6582337411480307
0.6681719230179908
0.6478209392794723
0.676378653402998
0.6337236300915483
0.6569001282030119
0.6593737454837415
0.6423322692025268
0.6213786995238467
0.6230956110506939
0.5987165483342436
0.6011266831547128
0.5760141502595181
0.5648913850657169
0.5680261138964631
0.5713544421023361
0.5829021316629942
0.5704552187222277
0.5683966321459993
0.5461993761819387
0.531820426626331
0.5307655725341186
0.5168449430385251
0.5237142549673733
0.5583218744368271
0.5285145920419261
0.5142397052031544
0.5586261111447058
0.5552957668655158
0.5562370023064998
0.5794249441779794
0.5967820463473015
0.6068044323723687
0.5951736880250706
0.5940716344174557
0.5908391525624335
0.5965602396283904
0.6180589680589681
0.6621703241393195
0.6537193611751644
0.6685089008846816
0.7150269986317436
0.6849301637386244
0.7548379225556995
0.7979508066312406
0.7727172029138486
0.7386517803527345
0.7262680236094898
0.7854472505275121
0.65749083553313
0.7299447780237297
0.7921524779385203
0.834404133358778
0.8296782843735068
0.8277525792326715
0.7755767195767196
0.7658588991253408
0.7913097775183592
0.7705593122328033
0.7277318775951571
0.7001920520017728
0.0
0.0
0.0
0.0
0.0
0.0
0.0
0.6998135572460908
0.6901586951730219
0.735063796388937
0.7025903477668513
0.6674583159905002
0.6867863777089783
0.6795297040184053
0.6990989961875116
0.6816214030545055
0.6318645652117467
0.6318645652117467
0.6318645652117467
0.5655250684291341
0.5518558628056017
0.5549877244642897
0.5549877244642897
0.5773159171321124
0.5773159171321124
0.5773159171321124
0.5817843314690917
0.5770804051222524
0.5770804051222524
0.5770804051222524
0.5770804051222524
0.5770804051222524
0.5731387121178407
0.5731387121178407
0.547701778132127
0.547701778132127
0.547701778132127
0.547701778132127
0.5573017874360305
0.5573017874360305
0.5573017874360305
0.547366078878567
0.547366078878567
0.547366078878567
0.547366078878567
0.547366078878567
0.5704622322435174
0.5704622322435174
0.5704622322435174
0.5595359945411122
0.5595359945411122
0.5595359945411122
0.5595359945411122
0.5595359945411122
0.539149589480008
0.539149589480008
0.539149589480008
0.536219415416336
0.536219415416336
0.536219415416336
0.5490881041912348
0.5490881041912348
0.5490881041912348
0.5580113775430737
0.5580113775430737
0.5580113775430737
0.5580113775430737
0.5703875123774769
0.5703875123774769
0.5703875123774769
0.5703875123774769
0.5703875123774769
0.5703875123774769
0.5703875123774769
0.5429038681900609
0.5429038681900609
0.5429038681900609
0.5429038681900609
0.5573017874360305
0.5573017874360305
0.5573017874360305
0.5869408008188423
0.5869408008188423
0.5869408008188423
0.5596109131229673
0.5596109131229673
0.5596109131229673
0.5596109131229673
0.5596109131229673
0.5596109131229673
0.5673083698316688
0.5673083698316688
0.5673083698316688
0.5673083698316688
0.5460836157856873
0.5460836157856873
0.5460836157856873
0.538441856066927
0.538441856066927
0.538441856066927
0.5692893062169018
0.5692893062169018
0.5692893062169018
0.5731387121178407
0.5731387121178407
0.5731387121178407
0.5731387121178407
0.5731387121178407
0.5537701598697605
0.5537701598697605
0.5537701598697605
0.5537701598697605
0.5490881041912348
0.5490881041912348
0.5490881041912348
0.5475858488466958
0.5475858488466958
0.5475858488466958
0.5416672847289179
0.5416672847289179
0.5416672847289179
0.5416672847289179
0.5677275323191943
0.5677275323191943
0.5677275323191943
0.5677275323191943
0.5661657815883941
0.5661657815883941
0.5661657815883941
0.5661657815883941
0.5661657815883941
0.5677275323191943
0.5677275323191943
0.5677275323191943
0.5677275323191943
0.558841198851879
0.558841198851879
0.558841198851879
0.558841198851879
0.5681306577761626
0.5681306577761626
0.5681306577761626
0.5681306577761626
0.5611362456426612
0.5611362456426612
0.5611362456426612
0.5611362456426612
0.5595819952384837
0.5595819952384837
0.5595819952384837
0.5595819952384837
0.5652557646238625
0.5652557646238625
0.5652557646238625
0.5652557646238625
0.5652557646238625
0.5786571232546497
0.5786571232546497
0.5786571232546497
0.5892508131242142
0.5892508131242142
0.5892508131242142
0.5844536334810584
0.5844536334810584
0.5844536334810584
0.5844536334810584
0.5844536334810584
0.5844536334810584
0.5844536334810584
0.5844536334810584
0.6137251193270953
0.6137251193270953
0.6137251193270953
0.6137251193270953
0.5993090838186548
0.6078745399737392
0.612191766088985
0.612191766088985
0.612191766088985
0.612191766088985
0.6044909190974134
0.6087940225368901
0.6174698460958046
0.6218429426555998
0.6218429426555998
0.6218429426555998
0.5996855139880758
0.6039415339136147
0.6168465664525528
0.625565912117177
0.6299609466270569
0.5954520207795603
0.5996855139880758
0.6082202608351995
0.6168465664525528
0.5941841299740994
0.6026867283608146
0.6069721300228078
0.6069721300228078
0.6069721300228078
0.6069721300228078
0.601907651000738
0.601907651000738
0.601907651000738
0.601907651000738
0.601907651000738
0.601907651000738
0.6081587242722047
0.6081587242722047
0.6081587242722047
0.6081587242722047
0.6002195414106277
0.6002195414106277
0.6002195414106277
0.6002195414106277
0.601907651000738
0.601907651000738
0.601907651000738
0.601907651000738
0.6088004598638951
0.6088004598638951
0.6088004598638951
0.6088004598638951
0.6088004598638951
0.5999465972430826
0.5999465972430826
0.5999465972430826
0.5993754960059928
0.5993754960059928
0.5993754960059928
0.5993754960059928
0.5993754960059928
0.5982733236665171
0.5982733236665171
0.5982733236665171
0.5982733236665171
0.5830999835282491
0.5872133349480892
0.595504498821342
0.6038827390554597
0.6038827390554597
0.5858107195402886
0.5940746666862392
0.5982390233312851
0.6066333531833363
0.5781346150345004
0.5905049192841074
0.5946715626575223
0.6073035145428721
0.6073035145428721
0.6073035145428721
0.5755924987855212
0.5755924987855212
0.5755924987855212
0.5755924987855212
0.5755924987855212
0.59771922342339
0.59771922342339
0.59771922342339
0.59771922342339
0.589894786810709
0.589894786810709
0.589894786810709
0.6046018276762402
0.6046018276762402
0.6046018276762402
0.6046018276762402
0.6046018276762402
0.6046018276762402
0.5912829984349155
0.5912829984349155
0.5912829984349155
0.5912829984349155
0.5912717103872358
0.5912717103872358
0.5912717103872358
0.5912717103872358
0.5952623790467643
0.5952623790467643
0.5786604361370716
0.5786604361370716
0.6062381782442606
0.6062381782442606
0.6062381782442606
0.625790490744072
0.625790490744072
0.6691617488325167
0.6691617488325167
0.6727029262629223
0.6727029262629223
0.6881816158468729
0.6881816158468729
0.6549094375595805
0.6890744457097919
0.6890744457097919
0.727310498844426
0.7223395637361703
0.718798889914045
0.6714969163714256
0.6714969163714256
0.7300849956135935
0.6967337684547548
0.723481850543734
0.723481850543734
0.7001853870944442
0.655105246622683
0.6853389572782927
0.6899532632835029
0.6802794126311793
0.6486234760601739
0.6737870281619426
0.6737870281619426
0.7045672910248918
0.6668356326700611
0.6779064454632825
0.6823900780514666
0.6555187318068979
0.7238106991607992
0.7646386652311472
0.6596943529850283
0.6685914299030633
0.7212475759326005
0.8100852202755291
0.8903621963157426
0.8827195003886169
0.8974813426501246
0.8955312473501229
0.9282891658441119
0.9282891658441119
0.9113713944645264
0.7331624512069427
0.8530368990056385
0.8204683784110605
0.8264947135907873
0.8324310947505181
0.8254173531880499
0.8493222303409005
0.8261675965949529
0.7879262124367747
0.8272934400119686
0.8265645374664928
0.7849186158520018
0.7920649558039631
0.8560559808387733
0.0
0.0
0.7295198600152547
0.746045337779981
0.7974374482001657
0.7944984679713687
0.7433701657458563
0.7323583573203655
0.7363894453085119
0.7403468899521531
0.73130586914326
0.7257260805800068
0.7682352381405528
0.7767728278649091
0.7824629419159564
0.7725743129556927
0.7550993977854044
0.7308219219418577
0.7032018345248753
0.7401299858295117
0.7816030479303879
0.820786084225467
0.7662515166344759
0.7827388309294132
0.7163722246853791
0.7557615106309163
0.731968149528857
0.8013650901424053
0.8166796875
0.7958601020187054
0.7827563266258284
0.7874644716599014
0.7861888824929781
0.7840682894744434
0.7932608537030281
0.7864573235837946
0.780925591244609
0.7743774574049803
0.7847213964832704
0.8019349756136422
0.7797381851982546
0.7569240795047246
0.7637045674866881
0.7432177087463596
0.7386688843773696
0.7064710853871373
0.6999953487650972
0.7082593910018372
0.6823861366741554
0.6516943656778098
0.6128685044549423
0.570521314918971
0.7107840547707847
0.6478780991040202
0.6991724947947253
0.7022780832678712
0.6441578148710166
0.6663038572147066
0.6663038572147066
0.7385404240634111
0.7396981779090179
0.7396981779090179
0.7707969012437087
0.7567273460829245
0.7683554608118159
0.742067770946132
0.8045821725721846
0.8272533839212469
0.8382290907069445
0.8623772796956909
0.8623772796956909
0.8604695191215449
0.8738464073829928
0.8551181590754027
0.8644246444431952
0.8530257305090322
0.8678661793646332
0.8460330714168469
0.8112207538617107
0.784076829975722
0.8202870319558367
0.8201530138988862
0.8011497739665722
0.8063553898380544
0.778308711685575
0.7530364072087312
0.7168102201152878
0.7074393898928751
0.665942192930076
0.665942192930076
0.665942192930076
0.6605667914087449
0.6319857290673827
0.6319857290673827
0.5984135166306327
0.5984135166306327
0.5984135166306327
0.5836862442613345
0.5836862442613345
0.5836862442613345
0.5745637130926864
0.5745637130926864
0.5745637130926864
0.5427664513449573
0.5427664513449573
0.5427664513449573
0.49666664194765997
0.49666664194765997
0.46329246272890073
0.4693442483158523
0.4693442483158523
0.49231773150619923
0.4981350615837517
0.4981350615837517
0.4981350615837517
0.4901655451124335
0.4901655451124335
0.495248653198029
0.495248653198029
0.495248653198029
0.4901655451124335
0.4901655451124335
0.4901655451124335
0.5024971913549349
0.5024971913549349
0.5024971913549349
0.5208640775979058
0.5208640775979058
0.5465426715315476
0.5465426715315476
0.5465426715315476
0.5475195502968234
0.5475195502968234
0.5608482677553684
0.5608482677553684
0.5608482677553684
0.563268514810365
0.563268514810365
0.563268514810365
0.5596716059271125
0.5596716059271125
0.5596716059271125
0.5596716059271125
0.5700925568839182
0.5700925568839182
0.5700925568839182
0.5700925568839182
0.5669724634564184
0.5669724634564184
0.5669724634564184
0.5669724634564184
0.566021573956993
0.566021573956993
0.566021573956993
0.566021573956993
0.5417097725123755
0.5500354124718647
0.5500354124718647
0.5562708118571037
0.5562708118571037
0.5562708118571037
0.5510679323642836
0.5510679323642836
0.5510679323642836
0.5598676940647735
0.5598676940647735
0.5598676940647735
0.5598676940647735
0.5692783482217352
0.5692783482217352
0.5692783482217352
0.5692783482217352
0.5796847246068328
0.5796847246068328
0.5796847246068328
0.5815419529723256
0.5815419529723256
0.5815419529723256
0.589542909136639
0.5936277436412788
0.5936277436412788
0.5848619424599344
0.5848619424599344
0.5888501742160279
0.5928585290122259
0.5756034549382284
0.5756034549382284
0.5756034549382284
0.5677223509939837
0.5677223509939837
0.5560474227853254
0.5578562728380024
0.5578562728380024
0.5656545784423023
0.5696496604727447
0.5657547623558905
0.5657547623558905
0.5739349101643646
0.5739349101643646
0.5778048130002886
0.5778048130002886
0.5816937929417969
0.5863183616221607
0.5744831261487596
0.5429168737859286
0.5621928017904502
0.5694257212186573
0.5855480758006149
0.5746286146021707
0.5952747980963113
0.5901895339553827
0.6110408374873952
0.6073411594623995
0.579003673301228
0.6036546988231406
0.5948677259724803
0.6156709840723689
0.602758783797884
0.584106703063186
0.6045704664914586
0.6015121018892816
0.6219222665684578
0.6005623747705882
0.6207566793405057
0.6206223217439404
0.6246555116466292
0.6204930145083288
0.6124567242785152
0.6368083258704442
0.6123899099338629
0.6163974625513087
0.6285405463468342
0.6102123898545678
0.618306740869846
0.5922643585658679
0.6000640367584197
0.6158949007110402
0.6199016845953595
0.590364815380913
0.5942220802336726
0.605906962386954
0.5976625167389258
0.6015377356609805
0.6093448457773237
0.5865322767812738
0.5942282961413141
0.6078987187873742
0.6118180071933392
0.6197141849211579
0.5890018448011932
0.5967105782125108
0.6044944710871547
0.6123546280070097
0.5898579157006123
0.5976462154250552
0.6055111964939665
0.6134539969834087
0.5990988300717353
0.6069901902596146
0.6149598225355699
0.5832044271474786
0.5909689470922346
0.60275958373508
0.610717579289237
0.5948476669988056
0.6066956732734808
0.6106842249071994
0.6227695881774326
0.5946576484509466
0.6025661815380873
0.6105535486324253
0.5900067225507278
0.5727737673476998
0.5804780769848493
0.5882582380632145
0.5961153762975778
0.595109855490742
0.6030598280123374
0.6110894422433437
0.6005753918675248
0.6085926629789256
0.620770303908964
0.6040283274178495
0.6119442623501925
0.6239657525663561
0.5971479798468817
0.6089123729890992
0.6128724455218874
0.5985757694634867
0.6063298835445744
0.6141595891100742
0.5826421917377461
0.5902367740279232
0.5979045956028256
0.605646721033637
0.58204849800941
0.5896954388563418
0.597416662790775
0.5875901422644522
0.595273478083615
0.6030315444489963
0.6108654369679827
0.6227608995197389
0.595273478083615
0.6069389431292805
0.6108654369679827
0.581978377180692
0.5857606657826147
0.5933797612093127
0.6010724249599325
0.6088397277432781
0.6206330237867934
0.5807296143013924
0.5845637939718474
0.5922882258923815
0.6000883368578848
0.6079652445257439
0.5789102043779243
0.5865322767812738
0.5942282961413141
0.5981043730337379
0.5745086689994475
0.5821469643494468
0.5898597311513735
0.5937443825274132
0.6128379183041562
0.620816212550365
0.6248350329934014
0.616619873527328
0.6206170923534209
0.62867112532713
0.6291241604824656
0.6385837187394349
0.6426653504442251
0.6025209842932605
0.6076716920065753
0.6115577953886795
0.6128659661506377
0.6141762624348954
0.6220515633571037
0.6079581996141208
0.6000624506005992
0.6127130826337244
0.6099760166703799
0.6351768901474801
0.6365303879110547
0.6365303879110547
0.66633032856446
0.6999793117248256
0.707562608309188
0.7165821757734211
0.7266403459296861
0.7409617007883028
0.7324880756593616
0.7313486667700597
0.7373071193423206
0.7160604655476213
0.7085121615556108
0.7085121615556108
0.683118810044883
0.6466497283062258
0.6466497283062258
0.6488258836009451
0.662821492422163
0.6336149663598127
0.6319115792596989
0.6141704248753858
0.6064404629894043
0.6064404629894043
0.5820551237168456
0.5503886317788063
0.5259644907222
0.5259644907222
0.5201050117915783
0.49334816462736375
0.49334816462736375
0.49334816462736375
0.4818676286840359
0.48721238052158955
0.48721238052158955
0.48721238052158955
0.48721238052158955
0.4937525490341478
0.4937525490341478
0.4937525490341478
0.5010641058915131
0.5010641058915131
0.5010641058915131
0.5061901424900724
0.5061901424900724
0.5061901424900724
0.5061901424900724
0.5032609461378459
0.5032609461378459
0.5032609461378459
0.5142919646862961
0.5142919646862961
0.5142919646862961
0.4987745779616838
0.4987745779616838
0.4987745779616838
0.4987745779616838
0.4987745779616838
0.5010474407222706
0.5010474407222706
0.5010474407222706
0.5010474407222706
0.5010474407222706
0.5010474407222706
0.5032609461378459
0.5032609461378459
0.5032609461378459
0.5128124316367506
0.5128124316367506
0.5128124316367506
0.517970166520206
0.517970166520206
0.517970166520206
0.5128124316367506
0.5128124316367506
0.5083739641460114
0.5083739641460114
0.52167561474802
0.52167561474802
0.5294839792118509
0.5294839792118509
0.5213252335266524
0.5463003954627808
0.5717309860150527
0.5443922365204968
0.5585112319838087
0.5581251720725346
0.5450747245960557
0.5450747245960557
0.5450747245960557
0.5491590120204918
0.5475700632084913
0.5475700632084913
0.5475700632084913
0.5285175912112768
0.5196967273187227
0.536766210429587
0.536766210429587
0.536766210429587
0.536766210429587
0.5056267554546976
0.5056267554546976
0.5018768252078645
0.5018768252078645
0.5018768252078645
0.46390057546303015
0.47789437659724054
0.47789437659724054
0.47789437659724054
0.47789437659724054
0.47789437659724054
0.46357032060796105
0.46357032060796105
0.46357032060796105
0.47989792729923963
0.47989792729923963
0.47989792729923963
0.47525592191405786
0.47525592191405786
0.47525592191405786
0.47525592191405786
0.47525592191405786
0.4587933343252492
0.4587933343252492
0.4587933343252492
0.4537758237180203
0.4537758237180203
0.43846102345510946
0.43846102345510946
0.43846102345510946
0.43846102345510946
0.4358211397838264
0.4358211397838264
0.4358211397838264
0.4358211397838264
0.4358211397838264
0.4358211397838264
0.45799686813043755
0.45799686813043755
0.45799686813043755
0.4382850362832286
0.44702661687471174
0.44702661687471174
0.44702661687471174
0.44702661687471174
0.45691245610902814
0.45691245610902814
0.45691245610902814
0.4646446611764531
0.4646446611764531
0.4646446611764531
0.4646446611764531
0.4646446611764531
0.4646446611764531
0.4533342260310659
0.4533342260310659
0.4533342260310659
0.0
0.0
0.0
0.0
0.0
0.0
0.0
0.0
0.0
0.0
0.0
0.0
0.0
0.0
0.0
0.0
0.0
0.0
0.0
0.0
0.0
0.0
0.0
0.0
0.0
0.0
0.0
0.0
0.0
0.0
0.0
0.0
0.0
0.0
0.0
0.0
0.0
0.0
0.0
0.0
0.0
0.0
0.0
0.0
0.0
0.0
0.0
0.0
0.0
0.0
0.0
0.0
0.0
0.0
0.0
0.0
0.0
0.0
0.0
0.0
0.4299598563279104
0.4299598563279104
0.4299598563279104
0.4285851962503197
0.4285851962503197
0.4285851962503197
0.4285851962503197
0.4285851962503197
0.4308366908954776
0.4308366908954776
0.4308366908954776
0.4308366908954776
0.4308366908954776
0.4184655300222387
0.4184655300222387
0.4184655300222387
0.4184655300222387
0.4184655300222387
0.4112431847412333
0.4112431847412333
0.4112431847412333
0.4112431847412333
0.4112431847412333
0.4112431847412333
0.4152776387823257
0.4152776387823257
0.4152776387823257
0.4152776387823257
0.4216304774895658
0.4216304774895658
0.4216304774895658
0.43105231357751034
0.43103863704604345
0.43103863704604345
0.43103863704604345
0.43103863704604345
0.4170979078008926
0.4170979078008926
0.4170979078008926
0.41849671555034923
0.41849671555034923
0.41849671555034923
0.41849671555034923
0.4260335725725132
0.4260335725725132
0.40857632170102975
0.40857632170102975
0.40857632170102975
0.40857632170102975
0.43060977101613673
0.43060977101613673
0.43060977101613673
0.43060977101613673
0.4501962935914498
0.4501962935914498
0.4501962935914498
0.4195386320585106
0.4195386320585106
0.4195386320585106
0.4195386320585106
0.4231269670043705
0.4231269670043705
0.4231269670043705
0.43437354033675124
0.43437354033675124
0.43437354033675124
0.43437354033675124
0.4370046339202966
0.4370046339202966
0.4370046339202966
0.443276267303315
0.443276267303315
0.443276267303315
0.45226849757913234
0.45226849757913234
0.45226849757913234
0.45226849757913234
0.4409514206062044
0.4409514206062044
0.4409514206062044
0.4409514206062044
0.42223812154081697
0.42223812154081697
0.420816945370161
0.420816945370161
0.420816945370161
0.41592064145194113
0.41592064145194113
0.41592064145194113
0.41592064145194113
0.4047817625799277
0.4047817625799277
0.4047817625799277
0.4047817625799277
0.4047817625799277
0.4023708558211257
0.4023708558211257
0.4023708558211257
0.4023708558211257
0.4023708558211257
0.4194079313182536
0.4194079313182536
0.4194079313182536
0.4194079313182536
0.4341833576144456
0.4341833576144456
