1.0
0.8055975794251135
0.8266993263931415
0.8479169893139229
0.8683584456780333
0.8472609099350047
0.9027557808045613
0.891287345534178
0.8618322888689943
0.8621096051856216
0.8515715948777648
0.8117795895417487
0.7480273540241978
0.7360886343831694
0.6613154426740147
0.6545713269299182
0.6928054815378759
0.7579055178594291
0.7919717927854625
0.7848537005163512
0.733392382639504
0.7074586869138008
0.6595744680851063
0.7416651809591728
0.7769245176999439
0.7982685725790215
0.8025078369905956
0.8004694835680751
0.7510300176574456
0.8508206939538749
0.8902289452166803
0.800156893508531
0.7053011590347711
0.7418463239358761
0.9295199182839632
0.722617094951704
0.8081494057724957
0.9082313681868743
0.7788117394416607
0.8566520328306929
0.9061784897025171
0.8167885754092651
0.7169995129079396
0.7126733311834892
0.7672131147540984
0.8258756494050612
0.7849445069969438
0.6894114252740912
0.6946532406750815
0.6332179930795848
0.6351145038167939
0.6650071123755334
0.6027033015732329
0.5611211765959714
0.5125531484106094
0.7260289334978132
0.8729565623540402
0.8075999126446822
0.7947081231339442
0.8648771095254276
0.7533265097236438
0.7435141509433962
0.8273423688862699
0.8553803975325566
0.7986466892218463
0.7486493667522806
0.7584399965638691
0.7348220516399162
0.7026196636481242
0.5518134715025906
0.6244961240310077
0.7416760495415795
0.7526728439059159
0.6154256535325051
0.6627315953434989
0.6847585471837337
0.725726917190954
0.655421686746988
0.6984633977900553
0.6924563098269957
0.6074313408723748
0.5517658233313185
0.6005597014925373
0.5651418115279049
0.715138592750533
0.6269140494020342
0.5702146690518783
0.6691449814126395
0.7735191637630662
0.7380695605284443
0.6682821755519656
0.6443976854287218
0.6087503494548504
0.5891812865497076
0.6023289200829478
0.5280306660277911
0.5491157415513921
0.5321205230244457
0.5875706214689266
0.6425571628558097
0.634765625
0.7223587223587223
0.6888633754305397
0.799373040752351
0.7109737248840804
0.704225352112676
0.5491419656786272
0.5590851334180432
0.6298463789319678
0.7705217074060562
0.7332402234636871
0.7383241758241759
0.7522679692951849
0.7446808510638298
0.8105369807497467
0.8781228899392303
0.7853403141361257
0.663021582733813
0.718326458456099
0.6010884353741497
0.6076054009368972
0.740108169655565
0.49580022701475596
0.6050420168067226
0.5965482741370686
0.6888379204892966
0.7030481809242871
0.7670663078052361
0.7482419127988749
0.6808126410835215
0.6737588652482269
0.6617480136208853
0.7012811867835469
0.6248162922527819
0.6555183946488294
0.712629137676576
0.6708860759493671
0.6996381182147166
0.70040959625512
0.6736526946107785
0.5969468327776803
0.5150804289544236
0.5626190888619436
0.7767289539587748
0.7683741648106904
0.7779489813388119
0.692406075139888
0.7697704081632653
0.7049357883335912
0.6992503307364398
0.7266532445408084
0.6778425655976676
0.5990710019907101
0.5883554647599591
0.5941618425914521
0.6196814832422154
0.6474419706300332
0.6225788599889319
0.5632627516428497
0.5033449825262107
0.5265136123527021
0.5174825174825175
0.560624493106245
0.6072127769191139
0.6860754023981852
0.6864944482211648
0.7172755867408662
0.7136498516320475
0.7457364341085271
0.6786188579017264
0.6684599865501009
0.6463775922434689
0.6276923076923077
0.6565745209887377
0.6738925541941565
0.691683569979716
0.6607634112792297
0.7164179104477612
0.8931701972242513
0.881578947368421
0.8943410415491634
0.7860335195530727
0.7561374795417348
0.7105263157894737
0.7129080118694362
0.650319829424307
0.6959302325581396
0.7019892173266407
0.6899283289324784
0.6838102136906917
0.7012794363063231
0.7349137931034483
0.6642857142857143
0.7532097004279601
0.6822861199858005
0.694364161849711
0.7706738131699847
0.8178694158075601
0.8466956701885229
0.6836407377706496
0.7237288135593221
0.7576030637530975
0.8024337866857552
0.710353227771011
0.720613709477852
0.8347547974413646
0.82025522671735
0.6471350790770029
0.7961573101170819
0.8120300751879699
0.7619047619047619
0.7732154137713203
0.6704342653182629
0.7034611786716558
0.7503328894806924
0.628301271600913
0.6433566433566433
0.7482993197278912
0.7887411073306526
0.653444116858751
0.8266072919565822
0.7407037684052907
0.5805515239477503
0.6096625766871165
0.6010362694300518
0.41811175337186895
0.34146341463414637
0.25942303642872183
0.3105590062111801
0.26741594806704777
0.25477707006369427
0.540264341190898
0.5652301809089572
0.7216618225337664
0.7493212669683258
0.8253719655442443
0.8295501444490301
0.781799379524302
0.7426796805678794
0.7204349796103308
0.768393659806009
0.715576694411415
0.789712556732224
0.7717192799373859
0.7740825688073395
0.79963789981895
0.7321274763135228
0.816933638443936
0.8150991682661548
0.7405004633920297
0.8167730173199635
0.8825310323947926
0.793778801843318
0.8628398791540786
0.8249206807037784
0.809056821459475
0.6990897269180755
0.9850924269528921
0.8088235294117647
0.6623494660304476
0.6733419465977606
0.5192307692307693
0.5624219725343321
0.5945283789301756
0.6220657276995305
0.609308362692379
0.6385964912280702
0.6176836861768369
0.5777777777777777
0.6738064984570703
0.7223622614332013
0.6804680468046804
0.540235150404642
0.5684062059238364
0.6055160885917259
0.6036036036036037
0.4134284622244872
0.44365944198299606
0.516310066643283
0.48769797788624364
0.37573529411764706
0.34891131173659057
0.44114392714273554
0.3170049487197877
0.35789473684210527
0.30228262303734
0.3549154963104023
0.2768277833659802
0.16254483670001887
0.15435116636401733
0.17810204387586828
0.014727824036193868
0.0
0.0
0.0
0.0
0.0
0.0
0.0
0.0
0.0
0.0
0.0
0.0
0.0
0.0
0.0
0.0
0.0
0.0
0.0
0.0
0.0
0.0
0.0
0.0
0.0
0.0
0.0
0.0
0.0
0.0
0.0
0.0
0.0
0.0
0.0
0.0
0.0
0.0
0.0
0.0
0.0
0.0
0.0
0.0
0.0
0.0
0.0
0.0
0.0
0.0
0.0
0.0
0.0
0.0
0.0
0.0
0.0
0.0
0.0
0.0
0.0
0.0
0.0
0.0
0.0
0.0
0.0
0.0
0.0
0.0
0.0
0.0
0.0
0.0
0.0
0.0
0.0
0.0
0.0
0.0
0.0
0.0
0.0
0.0
0.0
0.0
0.0
0.0
0.0
0.0
0.0
0.0
0.0
0.0
0.0
0.0
0.0
0.0
0.0
0.0
0.0
0.0
0.0
0.0
0.0
0.0
0.0
0.0
0.0
0.0
0.0
0.0
0.0
0.0
0.015351351351351352
0.0
0.0
0.0
0.0
0.0
0.0
0.0
0.0
0.0
0.0
0.0
0.0
0.0
0.0
0.0
0.0
0.0
0.0
0.0
0.0
0.0
0.0
0.0
0.0
0.0
0.0
0.0
0.0
0.0
0.0
0.0
0.0
0.0
0.0
0.0
0.0
0.0
0.0
0.0
0.0
0.0
0.0
0.0
0.0
0.0
0.0
0.0
0.0
0.0
0.0
0.0
0.0
0.0
0.0
0.0
0.0
0.0
0.0
0.0
0.0
0.0
0.0
0.0
0.0
0.0
0.0
0.0
0.0
0.0
0.0
0.0
0.0
0.0
0.0
0.0
0.0
0.0
0.0
0.0
0.0
0.0
0.0
0.0
0.0
0.0
0.0
0.0
0.0
0.0
0.0
0.0
0.0
0.0
0.0
0.0
0.0
0.0
0.0
0.0
0.0
0.0
0.0
0.0
0.0
0.0
0.0
0.0
0.0
0.0
0.0
0.0
0.0
0.0
0.0
0.0
0.0
0.0
0.0
0.0
0.0
0.0
0.0
0.0
0.0
0.0
0.0
0.0
0.0
0.0
0.0
0.0
0.0
0.0
0.0
0.0
0.0
0.0
0.0
0.0
0.0
0.0
0.0
0.0
0.0
0.0
0.0
0.0
0.0
0.0
0.0
0.0
0.0
0.0
0.0
0.0
0.0
0.0
0.0
0.0
0.0
0.0
0.0
