1,1508,524,78,77
2,1501,521,77,77
3,1500,523,79,76
4,1501,523,79,76
5,1500,524,80,76
6,1499,523,81,77
7,1499,525,82,77
8,1499,524,83,77
9,1499,525,83,78
10,1499,524,84,79
11,1499,523,84,80
12,1498,521,85,81
13,1491,520,84,83
14,1485,519,85,84
15,1482,518,86,85
16,1482,517,86,86
17,1485,517,87,87
18,1494,517,87,87
19,1503,518,85,86
20,1513,518,83,84
21,1524,518,81,82
22,1534,517,81,79
23,1545,515,79,78
24,1560,515,76,73
25,1574,513,75,72
26,1578,504,74,68
27,1577,492,72,70
28,1575,477,72,71
29,1577,465,70,69
30,1586,456,68,68
31,1587,454,68,68
32,1593,448,68,67
33,1594,449,69,67
34,1597,455,70,69
35,1603,467,70,69
36,1605,480,70,68
37,1607,498,71,68
38,1611,488,73,69
39,1607,450,73,70
40,1612,418,73,69
41,1614,389,74,66
42,1611,366,74,66
43,1611,346,75,63
44,1611,331,77,64
45,1613,317,77,65
46,1616,306,79,65
47,1617,296,81,65
48,1616,291,83,67
49,1616,292,84,68
50,1617,293,84,71
51,1621,303,84,72
52,1629,314,84,74
53,1635,327,84,77
54,1635,348,84,78
55,1643,376,82,79
56,1652,412,83,77
57,1637,369,88,83
58,1618,331,93,85
59,1608,297,98,84
60,1599,273,100,82
61,1587,250,106,81
62,1577,235,110,82
63,1566,227,114,84
64,1554,221,119,86
65,1543,216,121,87
66,1532,214,128,88
67,1537,219,130,91
68,1521,219,128,91
69,1513,222,126,91
70,1507,227,122,92
71,1505,245,116,95
72,1501,278,111,96
73,1499,307,107,97
74,1491,348,98,94
75,1484,404,94,86
76,1480,383,99,93
77,1467,368,102,96
78,1471,337,110,101
79,1467,332,111,101
80,1458,329,110,100
81,1454,322,110,100
82,1451,323,108,98
83,1448,332,104,98
84,1443,342,101,97
85,1447,368,97,94
86,1442,387,95,90
87,1442,404,94,88
88,1441,438,90,83
89,1440,460,87,80
90,1435,422,89,85
91,1428,393,88,86
92,1427,357,89,87
93,1425,342,87,83
94,1429,328,86,81
95,1427,323,83,77
96,1431,317,85,75
97,1427,315,82,71
98,1423,319,78,69
99,1422,318,74,66
100,1423,322,70,62
101,1422,329,68,61
102,1423,337,63,59
103,1424,347,62,57
104,1425,361,58,55
105,1423,370,57,55
106,1424,391,54,54
107,1424,404,52,53
108,1423,422,51,53
109,1423,433,52,51
110,1421,420,51,53
111,1416,405,52,54
112,1413,394,52,54
113,1408,386,53,54
114,1404,378,54,53
115,1403,371,54,53
116,1401,365,53,53
117,1397,362,52,53
118,1390,361,53,53
119,1390,364,54,53
120,1383,370,54,54
121,1383,380,53,53
122,1382,397,53,53
123,1377,405,53,53
124,1376,432,53,51
125,1374,458,52,49
126,1363,451,54,52
127,1359,425,56,54
128,1355,400,57,56
129,1350,381,59,56
130,1342,367,60,57
131,1337,354,60,56
132,1333,344,61,56
133,1331,337,61,57
134,1327,332,63,57
135,1325,330,64,60
136,1321,335,65,61
137,1314,341,66,61
138,1306,354,65,61
139,1303,366,66,61
140,1297,386,64,61
141,1294,407,64,59
142,1286,432,63,59
143,1284,468,61,57
144,1278,448,63,63
145,1270,411,66,68
146,1266,384,68,70
147,1256,358,71,70
148,1252,337,74,70
149,1243,319,75,71
150,1236,309,76,70
151,1232,298,78,69
152,1227,289,80,67
153,1217,285,81,67
154,1210,286,82,68
155,1202,293,83,69
156,1200,298,83,71
157,1192,312,81,73
158,1186,331,80,74
159,1178,354,77,75
160,1173,386,75,74
161,1166,424,75,71
162,1156,454,75,70
163,1142,428,78,78
164,1133,394,79,82
165,1124,366,82,86
166,1118,347,83,85
167,1113,335,85,85
168,1105,330,84,82
169,1101,327,84,81
170,1094,327,83,79
171,1088,332,81,79
172,1085,337,80,78
173,1079,349,78,78
174,1074,369,76,76
175,1071,389,73,74
176,1068,410,72,72
177,1060,439,71,69
178,1052,432,71,71
179,1047,399,71,73
180,1041,371,72,74
181,1034,347,72,71
182,1023,330,71,69
183,1014,315,71,67
184,1003,305,71,65
185,995,295,71,66
186,985,288,72,65
187,979,287,71,63
188,970,289,70,63
189,960,293,70,63
190,951,299,70,62
191,943,311,69,63
192,934,323,69,64
193,925,340,68,64
194,916,364,68,63
195,907,386,66,63
196,897,422,64,61
197,892,401,68,65
198,889,372,69,67
199,886,346,70,67
200,879,324,69,66
201,877,309,69,64
202,877,297,68,61
203,875,290,67,60
204,870,284,65,59
205,870,280,65,57
206,869,282,64,56
207,867,284,62,55
208,860,286,61,53
209,860,294,59,52
210,856,301,58,52
211,855,310,56,51
212,855,324,54,51
213,849,337,54,51
214,847,357,51,51
215,845,379,50,49
216,840,401,50,49
217,837,427,48,47
218,836,415,52,49
219,833,402,53,51
220,830,388,53,53
221,830,377,55,55
222,824,373,57,55
223,815,366,57,55
224,811,359,59,56
225,803,363,60,57
226,798,356,61,56
227,777,377,60,55
228,761,395,57,55
229,763,406,63,53
230,743,375,59,59
231,736,346,60,59
232,752,312,68,60
233,742,295,71,62
234,745,279,73,62
235,740,269,75,63
236,735,265,76,63
237,733,264,74,64
238,727,264,74,63
239,726,266,72,62
240,723,269,73,62
241,723,279,70,62
242,720,285,69,60
243,718,297,67,60
244,717,312,65,58
245,714,328,63,57
246,716,347,61,56
247,713,366,61,53
248,706,391,58,51
249,704,395,58,53
250,706,380,58,55
251,709,365,60,55
252,717,357,62,55
253,718,347,62,56
254,718,344,61,56
255,715,341,63,55
256,718,340,62,55
257,716,341,63,55
258,720,352,62,55
259,718,363,62,54
260,716,372,62,54
261,718,387,61,55
262,717,405,59,54
263,719,432,57,53
264,717,426,58,55
265,714,405,60,59
266,709,388,61,61
267,707,375,61,62
268,705,364,63,61
269,704,355,66,57
270,700,357,67,57
271,697,361,67,58
272,687,364,67,59
273,678,368,68,59
274,676,381,68,61
275,674,397,68,62
276,666,418,68,61
277,650,447,66,60
278,642,444,66,64
279,636,408,69,68
280,625,384,71,71
281,604,360,69,72
282,588,345,70,72
283,583,313,74,70
284,556,295,75,67
285,545,293,76,67
286,535,275,78,66
287,532,287,83,70
288,513,281,82,69
289,490,279,81,69
290,423,358,59,64
291,400,354,59,65
292,370,408,53,59
293,360,411,55,61
294,356,430,59,59
295,362,484,61,58
296,341,492,61,58
297,319,499,61,58
298,296,504,60,58
299,273,508,60,59
300,249,512,60,59
301,225,516,59,59
302,199,521,58,58
303,175,525,57,58
304,153,529,56,58
305,131,534,56,58
306,106,538,54,58
307,83,542,55,58
308,60,545,54,58
309,37,548,54,58
310,14,552,53,58
311,1909,556,53,57
312,1886,557,52,58
313,1863,560,51,57
314,1840,564,50,57
315,1816,569,48,56
316,1795,569,48,56
317,1770,567,47,54
318,1749,565,46,54
319,1728,563,45,54
320,1705,562,44,53
321,1685,562,43,52
322,1664,561,43,52
323,1642,560,42,51
324,1619,558,41,51
325,1599,559,40,50
326,1578,559,40,50
327,1556,564,40,49
328,1536,562,39,49
329,1516,557,39,48
330,1495,553,38,47
331,1476,550,37,47
332,1456,547,36,46
333,1437,542,36,47
334,1418,539,35,46
335,1398,534,35,46
336,1379,531,34,45
337,1359,527,33,45
338,1340,521,33,45
339,1320,516,33,44
340,1301,509,33,44
341,1282,503,31,44
342,1263,498,31,44
343,1243,492,31,43
344,1223,487,30,42
345,1210,450,32,37
346,nan,nan,nan,nan
347,1190,441,31,38
348,1172,433,30,38
349,1158,400,29,37
350,1138,393,29,36
351,nan,nan,nan,nan
352,nan,nan,nan,nan
353,1117,387,28,36
354,1096,382,28,36
355,1075,376,28,36
356,1054,371,28,35
357,1033,366,27,34
358,nan,nan,nan,nan
359,1012,361,25,37
360,990,356,25,35
361,968,351,25,35
362,nan,nan,nan,nan
363,nan,nan,nan,nan
364,nan,nan,nan,nan
365,946,344,27,37
366,924,340,27,35
367,902,335,26,35
368,880,331,25,38
369,nan,nan,nan,nan
370,858,326,24,37
371,835,322,23,37
372,812,318,22,36
373,789,314,21,34
374,768,313,24,38
375,746,311,22,39
376,727,320,22,40
377,704,316,21,39
378,683,316,20,39
379,659,310,19,39
380,632,298,20,38
381,607,294,19,36
382,582,289,17,36
383,nan,nan,nan,nan
384,553,279,18,34
385,526,275,16,31
386,501,273,14,30
387,476,270,14,30
388,453,269,13,31
389,nan,nan,nan,nan
390,427,268,12,29
391,401,266,11,29
392,376,265,9,27
393,350,262,9,25
394,323,262,8,23
395,297,261,7,22
396,272,261,4,21
397,245,260,3,20
398,219,261,2,18
399,193,261,1,18
400,167,262,0,16
401,140,263,1918,14
402,118,264,1918,15
403,92,265,1916,14
404,52,261,1911,6
405,33,261,1910,7
406,15,273,1914,8
407,1,277,1914,10
408,1896,279,1915,8
409,1875,283,1915,8
410,1821,271,1905,3
411,1803,280,1906,2
412,nan,nan,nan,nan
413,1786,287,1910,2
414,1759,288,1907,0
415,1743,295,1911,0
416,1711,294,1907,2
417,1680,293,1904,4
418,1652,293,1901,5
419,1625,287,1899,8
420,1607,297,1899,9
421,1590,306,1902,9
422,nan,nan,nan,nan
423,1815,642,19,10
424,1809,640,22,10
425,1804,638,27,9
426,1783,630,26,10
427,1771,627,29,10
428,1752,622,29,12
429,1740,619,31,12
430,1726,613,31,12
431,1709,607,32,13
432,1691,601,31,14
433,1678,596,33,13
434,1661,592,34,15
435,1642,584,35,14
436,1629,580,35,13
437,1611,574,35,16
438,1594,568,36,15
439,1578,562,36,15
440,1562,556,36,13
441,1542,550,36,16
442,1528,545,37,15
443,1510,539,37,14
444,1493,533,37,14
445,1475,527,38,13
446,1458,521,37,13
447,1441,515,37,11
448,1422,509,37,11
449,nan,nan,nan,nan
450,nan,nan,nan,nan
451,1403,503,37,11
452,1384,496,36,12
453,1366,490,36,12
454,1347,484,36,12
455,1326,478,38,19
456,1306,472,40,17
457,1284,466,38,23
458,1264,461,37,24
459,1244,457,32,26
460,1223,453,28,29
461,1202,451,28,29
462,1183,443,29,30
463,1164,437,28,30
464,1145,430,28,30
465,1126,423,28,30
466,1106,416,28,31
467,1086,410,28,31
468,1065,403,29,32
469,1045,398,28,31
470,nan,nan,nan,nan
471,nan,nan,nan,nan
472,1025,391,27,32
473,1003,388,27,33
474,nan,nan,nan,nan
475,983,380,28,32
476,961,380,27,35
477,940,378,27,34
478,919,366,27,35
479,898,361,26,35
480,876,359,25,36
481,855,355,27,37
482,833,345,27,36
483,811,339,25,37
484,788,334,25,36
485,766,329,24,35
486,743,324,24,35
487,721,321,23,37
488,nan,nan,nan,nan
489,nan,nan,nan,nan
490,698,316,22,37
491,676,314,22,38
492,651,308,22,35
493,628,304,20,34
494,604,300,20,33
495,582,297,19,36
496,nan,nan,nan,nan
497,nan,nan,nan,nan
498,558,291,20,36
499,533,288,20,34
500,509,285,18,33
501,484,283,17,32
502,460,280,16,31
503,435,277,15,30
504,410,275,14,29
505,385,273,13,28
506,359,271,12,27
507,334,269,11,26
508,309,268,10,25
509,283,266,10,25
510,nan,nan,nan,nan
511,258,263,9,24
512,232,263,8,22
513,206,262,6,21
514,180,262,5,20
515,158,261,4,22
516,131,262,3,19
517,105,262,1,18
518,78,262,0,17
519,52,263,1919,15
520,25,264,1918,14
521,1918,265,1917,13
522,1891,266,1915,11
523,1869,268,1916,11
524,1843,269,1913,10
525,1816,271,1912,8
526,nan,nan,nan,nan
527,1789,272,1911,6
528,1755,272,1906,3
529,nan,nan,nan,nan
530,nan,nan,nan,nan
531,1738,273,1908,4
532,1717,279,1908,3
533,1701,282,1909,3
534,1703,283,1911,4
535,1698,281,1913,4
536,1698,281,1918,5
537,1687,287,0,5
538,1642,297,1916,3
539,1606,300,1915,0
540,1580,301,1914,1
541,1553,302,1913,3
542,1526,303,1913,5
543,1659,649,10,7
544,1650,644,10,9
545,1639,638,10,11
546,1629,635,11,13
547,1617,629,11,14
548,1605,624,11,15
549,1611,615,15,16
550,1598,612,19,16
551,1590,610,24,15
552,1591,612,29,16
553,1588,613,33,16
554,1585,612,37,19
555,1584,611,42,19
556,1583,610,45,21
557,1589,609,49,21
558,1589,605,50,25
559,nan,nan,nan,nan
560,1594,600,49,29
561,1591,594,50,30
562,1589,587,50,33
563,1576,577,50,34
564,1545,569,47,35
565,1503,565,44,35
566,1482,557,43,34
567,1463,547,42,34
568,1446,537,41,34
569,1425,527,40,34
