1.0
0.7870619946091644
0.7963636363636364
0.807057398152355
0.8452380952380952
0.8789607097591888
0.8908601298907017
0.9021532615579481
0.8194977843426884
0.8404129793510324
0.8404193360512522
0.8110158774764648
0.7205352547606794
0.7070707070707071
0.6431618867030102
0.6303135888501742
0.6741967871485943
0.7664422578974625
0.8012072986692276
0.8132609652339738
0.788031064412974
0.8058991436726927
0.7633350595546349
0.7134645532137258
0.7341262580054895
0.756003098373354
0.837890625
0.8011560693641618
0.8599348534201955
0.8759959141981614
0.9559279950341403
0.8349628470864294
0.7268623024830699
0.7819038642789821
0.8364348677766895
0.6362050924311127
0.7608895423635361
0.883608687581214
0.8341082387948671
0.9440365151815836
0.9868725868725868
0.8640493742499571
0.8652979469203805
0.8015488867376573
0.7912087912087912
0.877742946708464
0.8709889748231036
0.801980198019802
0.7660577489687684
0.6695278969957081
0.6957566052842273
0.6307290429826644
0.6037649743297204
0.5571381972382299
0.4877253743506163
0.6961411245865491
0.8018900945047253
0.7748903138710767
0.8046967575137348
0.9275014979029359
0.7446764091858038
0.7864057672502575
0.8083832335329342
0.6995348837209302
0.6052060737527115
0.5873691377989616
0.8837837837837837
0.8382089552238806
0.7553058676654182
0.6265623740020966
0.7456586563760744
0.7678139844987082
0.7486471649282409
0.67036658390536
0.6434190941951946
0.7088250970836824
0.7712739793408756
0.7157650567475768
0.6026243317673741
0.5936523598092419
0.5669766272932898
0.6195091024363735
0.6332120283470599
0.5904611379695054
0.5402808573540281
0.5594900849858357
0.4562131891474365
0.5984888794296052
0.6281537373261024
0.6968308514700268
0.6606334841628959
0.6834983958711117
0.6542332741267022
0.6263614838200473
0.6337697213830145
0.5848222182911729
0.5940519037696533
0.5786111683494746
0.6418285714285714
0.641354292623942
0.6652752413253327
0.723196881091618
0.7004169148302561
0.799373040752351
0.7109737248840804
0.5656732891832229
0.5852149706155274
0.5153733528550513
0.6434540389972145
0.8106936416184971
0.7989130434782609
0.8308714918759232
0.8292591199699135
0.8184458968772694
0.8734402852049911
0.8768913342503438
0.7971400066511474
0.7870866141732283
0.7661937075879087
0.7451219512195122
0.7058129241664207
0.7654534950895436
0.5600284158181388
0.5712166172106825
0.6658234252466482
0.8142857142857143
0.7852872368079022
0.73120618805898
0.7587354409317804
0.772133526850508
0.8093306288032455
0.7264150943396226
0.7531034482758621
0.6859592711682744
0.7101827676240209
0.68422143893842
0.7108140947752126
0.7702702702702703
0.6858924395946999
0.7331294207608487
0.6317443687794657
0.6466060181945417
0.628508623605005
0.8167619047619048
0.8067226890756303
0.739012387578483
0.7717096336499322
0.8192612137203166
0.8206144697720515
0.7628350749659246
0.6554945869790895
0.7320687611144042
0.731794214051589
0.6969943135662063
0.6634345496300077
0.7041295746785361
0.6612903225806451
0.6977997305792546
0.6698615548455804
0.633370254757829
0.7251004222885982
0.5729550827423168
0.7318742868996992
0.7962105716438799
0.7944511725200925
0.7596610169491526
0.7106094280032752
0.7775590551181102
0.79109853357345
0.7643106691749529
0.7172174840085288
0.724575128135959
0.6936997319034852
0.6423194870365208
0.7225178652881253
0.725141471301536
0.6939010356731876
0.8130646282140376
1.0
0.8836443468715697
0.8943410415491634
0.7979158913286193
0.8453860640301318
0.7117984812002223
0.7231994075171264
0.8095794392523364
0.8353808353808354
0.8195956454121306
0.708114199849737
0.7352081811541271
0.6925613777940638
0.6933871250657779
0.6502359727320398
0.7467317413282203
0.6374501992031872
0.7098976109215017
0.7343200740055504
0.8315565031982942
0.8739854762921828
0.7160804020100503
0.7788978494623656
0.754337899543379
0.7751789976133652
0.8173127987254382
0.8038277511961722
0.7660972404730617
0.8043598233995585
0.7366666666666667
0.8225806451612904
0.7666370896184561
0.8341353865896696
0.7876301672451878
0.7330275229357798
0.8
0.7327102803738318
0.7381889763779528
0.5606796116504854
0.8128179043743642
0.8334380892520428
0.6889250814332247
0.6881162428645563
0.6910569105691057
0.5891619407687461
0.6517372966459128
0.5957446808510638
0.45210946408209807
0.3918918918918919
0.2741244119184527
0.34139626352015734
0.2636003478596966
0.22634817982684885
0.5187718073970691
0.5738065326633166
0.6666666666666666
0.7280431432973806
0.8520084566596194
0.8367881300458215
0.8733227200363884
0.7735674676524954
0.752225162376714
0.8173125314544539
0.7735753908219869
0.856835885038947
0.7717192799373859
0.7616361071932299
0.7473209249858996
0.6912038267339888
0.7910447761194029
0.7891970802919708
0.6878761822871883
0.6805671392827356
0.7138047138047138
0.7746273019584917
0.7888161808447353
0.771101573676681
0.7968704723268618
0.8533410471507087
0.8281864121280179
0.8358727612937717
0.6925233644859813
0.6440534237863048
0.5795363709032774
0.5897748021911138
0.6708651662192856
0.6457925636007827
0.6207674943566591
0.6158017041053447
0.5522620904836193
0.5436688881094353
0.634646519158122
0.6785459729151817
0.6693112152902994
0.6341502741051274
0.5544665359843182
0.6321070234113713
0.6113555713271824
0.5493407910507391
0.583407332233921
0.553508150248051
0.5234145848083341
0.41620215533259014
0.5509351372861122
0.4437598867704604
0.43955710602153797
0.4358974358974359
0.29368241320432553
0.37615334246086074
0.3071409609769047
0.19900095147478591
0.05529667598633116
0.05105105105105105
0.346532450920416
0.465331928345627
0.5033122785395162
0.6161377447670493
0.6756218905472637
0.688667496886675
0.6500150466445983
0.7476593847525635
0.6884208228746044
0.662547840349918
0.7339373970345964
0.6343133782028575
0.6620915826551682
0.6672564134967774
0.6305715783953855
0.6169552856035151
0.6483704974271012
0.7849604221635884
0.7482200647249191
0.8345428156748912
0.7451471509079524
0.7320051413881749
0.7168724279835391
0.748580697485807
0.7303498779495525
0.7683215130023641
0.7482209420535412
0.7394957983193278
0.698858075040783
0.7260613572977999
0.7838917921918229
0.718328254244667
0.6399190829399866
0.7089348419820523
0.7309095647641386
0.6097560975609756
0.6542364880811895
0.6925627664613927
0.8177155010634305
0.7573914101472199
0.788269651983451
0.7468683526353108
0.7897905128822538
0.7891491985203453
0.7375955356059687
0.7952340007370102
0.8171206225680934
0.7536999157742751
0.8041070317361543
0.813692480359147
0.7773476523476524
0.8465365480290853
0.7688032604668396
0.7766405779650812
0.6491302503182012
0.6307789740341989
0.7597963249944654
0.7082523223158349
0.7427729282394286
0.6550218340611353
0.7425854652479058
0.9046978223635919
0.8543070702119838
0.8089531194924215
0.7619490638446331
0.7466168922071862
0.9005301691492047
0.8460481957797478
0.7832167832167832
0.882837238758708
0.697560975609756
0.6414219474497682
0.7027027027027027
0.6097935103244838
0.7392884964944171
0.6744941294029478
0.6901750351347898
0.5697560975609756
0.5889922283093387
0.0
0.0
0.0
0.0
0.6294014084507042
0.5628118579395363
0.566455229384865
0.5358764759309719
0.5457348406988695
0.6700507614213198
0.6797732260424286
0.7590634441087614
0.690566037735849
0.7905221220381632
0.7723827084613809
0.8226007478188616
0.8137817883511075
0.8873239436619719
0.873618035985259
0.6884339815762538
0.7535594639865997
0.8148148148148148
0.6160867084997148
0.5188010899182561
0.750795334040297
0.7603270223752151
0.722174288179465
0.733018056749785
0.7468879668049793
0.6867469879518072
0.647588424437299
0.6412971542025149
0.5992446496013428
0.6329776103787403
0.6911062906724512
0.6796324000854883
0.773840769903762
0.7061494015683037
0.7048836721861245
0.6779524385328497
0.6281287246722288
0.6187559808612441
0.7761806981519507
0.6887417218543046
0.6799565059804277
0.6335740072202166
0.6415929203539823
0.7942353883106485
0.8160621761658031
0.8279569892473119
0.811272957568081
0.8367777309152257
0.7989854153455929
0.7648902821316614
0.7623384876085575
0.718091697645601
0.7288100639307074
0.7338067570475576
0.7823971693940734
0.6244881244881245
0.5401490066225165
0.6402048655569782
0.783157894736842
0.7976424361493124
0.8631930184804928
0.8063271604938271
0.761705466910803
0.6691449814126395
0.6239357820481635
0.7142857142857143
0.5032242655839503
0.4522058823529412
0.40487440935090774
0.38629997453526865
0.3736430194395355
0.4892703862660944
0.5112575507962658
0.5133928571428571
0.5151688609044076
0.528052805280528
0.5414165666266506
0.49390243902439024
0.5506715506715507
0.5470058951287621
0.542008843967151
0.578550344375205
0.6694975230007078
0.7121745249824067
0.8427773343974462
0.8063725490196079
0.6737089201877934
0.7321428571428571
0.7192982456140351
0.7768969422423556
0.7477203647416414
0.6506189821182944
0.6255924170616114
0.7591093117408907
0.7223521550283996
0.6419400855920114
0.5996558646400918
0.7191149354640443
0.5339750849377124
0.6794217687074829
0.5007299270072992
0.5560704355885079
0.5154764313170139
0.4877540385617509
0.5805574439157036
0.5929537590437245
0.5514490826907738
0.5945121951219512
0.559639158035416
0.48365953573054166
0.47765154656273323
0.45561826577732173
0.3929241316861781
0.3113064565019703
0.2604425608215494
0.19654427645788336
0.2537298420893821
0.20138945647731918
0.18756441085537615
0.15659153617371985
0.12858992467043315
0.11258649471792846
0.10317977566631222
0.10103452908773344
0.10241975757025469
0.10344592908509335
0.10989944767030166
0.12244736945916448
0.11467517484011566
0.10337368178275462
0.13057896918612685
0.1824400930071677
0.19001547229675472
0.20572157821971712
0.21618675629030792
0.29208378456905887
0.3120567375886525
0.35788527781937995
0.3814273539345349
0.45327036932619114
0.4329769736842105
0.5365658621692353
0.5334328676549003
0.5814446252222937
0.588769795645885
0.5647590361445783
0.6266475860510657
0.6401835759696046
0.6312592047128129
0.621510911331835
0.6634128440366972
0.6696584938704028
0.6579261025029798
0.6294933484290971
0.6467661691542289
0.663433075359321
0.6523858298308197
0.6618316569613553
0.6616966580976864
0.6828530160258615
0.6919191919191919
0.7061487784792754
0.6940557065217391
0.6950354609929078
0.7040248304713066
0.7085427135678392
0.7
0.696470902474041
0.6920507682030728
0.7049526877390779
0.696470902474041
0.696470902474041
0.6684220791886093
0.6610001976675233
0.6452734322770424
0.6635540870564574
0.6933604442011417
0.6426592797783933
0.5946342305037957
0.5912073490813649
0.6164788660582267
0.6265437368391099
0.6775183882315318
0.6669535283993115
0.6765917009819449
0.6689511073965734
0.7123784093076483
0.7427194215705966
0.7767624020887729
0.7695516162669447
0.7274422942410819
0.6862170087976539
0.719989891331817
0.6678526048284625
0.6788844621513944
