1.0
0.8270055113288426
0.8272588055130169
0.8272588055130169
0.8463949843260188
0.8792429219458783
0.9021532615579481
0.9024847632442569
0.8723531166119892
0.84122359796067
0.8412424503882657
0.8206064008983717
0.7205352547606794
0.7244897959183674
0.6752595775152166
0.6547563261480788
0.6909620991253644
0.7495568498354014
0.8194290465631929
0.7930084131128518
0.733392382639504
0.7074586869138008
0.7530653950953679
0.6933929800412939
0.7333211478705904
0.756003098373354
0.7477711738484398
0.8600244498777506
0.7979044932500504
0.8876971608832808
0.8768889784404594
0.7468354430379747
0.7689274447949527
0.8047197640117995
0.8283150548354935
0.6299212598425197
0.8298335974643423
0.8461538461538461
0.8344970749197962
0.9046406892500489
0.9463061690784463
0.8302270416807862
0.8652979469203805
0.7899322362052275
0.8550040683482506
0.9034653465346535
0.8524590163934426
0.7963800904977375
0.735881841876629
0.6914127423822715
0.6891356066613799
0.613227389577004
0.6134185303514377
0.5225806451612903
0.49335748792270534
0.6990927970269974
0.7881773399014779
0.7903895812282474
0.8031428263911312
0.9069353882631891
0.7529215358931552
0.8100083056478405
0.818281608621894
0.7122774133083412
0.6126703366122191
0.5648598758180903
0.8735529830810329
0.8193815245223557
0.7553058676654182
0.6265623740020966
0.7625077481625786
0.7678139844987082
0.7455774825064864
0.660062413818129
0.6365957446808511
0.7228619683709504
0.752190847127556
0.6258246936852027
0.659129260884239
0.6246838644410724
0.5798546560757141
0.6199583068974893
0.6332120283470599
0.5851838201418963
0.5306647080426
0.5525595539787126
0.4562131891474365
0.5984888794296052
0.6424833491912464
0.6734317343173432
0.6529001709851374
0.6833077673964579
0.6307023895727734
0.6184538653366584
0.6253726399470023
0.5767620376831821
0.585511575802838
0.5699208443271768
0.6317210348706411
0.6311280342693956
0.6756756756756757
0.723196881091618
0.7004169148302561
0.799373040752351
0.6869856750990552
0.7049278846153846
0.5531393568147014
0.49609713790112747
0.6197666437886067
0.7691758829825187
0.8287292817679558
0.7829181494661922
0.8133530062707488
0.8195729537366548
0.8734402852049911
0.9110271384403985
0.8114209827357237
0.7727554179566564
0.7414841849148418
0.7607436757086254
0.6800348735832606
0.7654534950895436
0.5600284158181388
0.5803108808290155
0.680161943319838
0.8142857142857143
0.7610256410256411
0.7177380376993717
0.7587354409317804
0.7484486873508354
0.7835541114721319
0.6819852941176471
0.7280761386811693
0.6720960137162452
0.7101827676240209
0.7075888164809754
0.7108140947752126
0.7702702702702703
0.6858924395946999
0.7137996219281664
0.6165023352361183
0.6380368098159509
0.6124225682236732
0.8167619047619048
0.8067226890756303
0.7590113285272915
0.7929969104016478
0.8192612137203166
0.7992164544564153
0.7435590173756741
0.7346812779749962
0.7262323943661971
0.7519225291939619
0.7072675598863175
0.6634345496300077
0.7041295746785361
0.6612903225806451
0.6977997305792546
0.6851155292853305
0.557970311438828
0.6748315982853643
0.5619874117871447
0.6980172324301879
0.7852173913043479
0.7837837837837838
0.7349316603181716
0.6871735345327916
0.7952286282306164
0.79109853357345
0.7832405269591199
0.7352545111769458
0.6578775616760214
0.6768414067684141
0.7454814814814815
0.6873696753053321
0.7331042382588774
0.6939010356731876
0.8473609129814551
1.0
0.8836443468715697
0.8591339899646906
0.8085989062794644
0.8568429089520901
0.7320089955022488
0.7532270311313591
0.8095794392523364
0.8219627125589019
0.8195956454121306
0.7292260886100019
0.7352081811541271
0.6925613777940638
0.7135250266240681
0.7434903047091412
0.7676838948668195
0.6539235412474849
0.7098976109215017
0.7547734930737552
0.8433384972889233
0.7842655193607867
0.7160804020100503
0.7083870967741935
0.77829206202268
0.7751789976133652
0.8305489260143198
0.8173127987254382
0.7301506254786827
0.8185328185328186
0.8011996572407883
0.7947258016182199
0.8318637883855275
0.8797653958944281
0.8179527559055119
0.7477092241905925
0.7346189164370982
0.774581093898198
0.6351851851851852
0.6257901390644753
0.8757894736842106
0.7635600839077016
0.6797385620915033
0.7703703703703704
0.702
0.6077348066298343
0.6405622489959839
0.570540493869798
0.383228626058454
0.36939797289046283
0.31137532133676094
0.35526315789473684
0.24719954433263716
0.2625841615902533
0.5501408450704225
0.6191911181601903
0.6153846153846154
0.7020802377414561
0.8171334431630972
0.8000848896434635
0.8478692868182822
0.7844131888402122
0.752225162376714
0.8049566294919455
0.7475776397515528
0.8434690639873083
0.7717192799373859
0.7616361071932299
0.7473209249858996
0.6557334033062189
0.8039857227840571
0.7897558070279929
0.7427184466019418
0.7195157105794177
0.731665228645384
0.740395809080326
0.8397017707362535
0.7947508109702153
0.7778432527990572
0.8526903851808292
0.8402164625462831
0.807064490232807
0.7371702637889688
0.6440534237863048
0.5980590376061464
0.5949938448912597
0.6792137181095775
0.643211100099108
0.6302836746195755
0.641796875
0.553206239168111
0.5011848341232228
0.634646519158122
0.6976241900647948
0.6693112152902994
0.6250604741170779
0.5490848585690515
0.6321070234113713
0.6113555713271824
0.5493407910507391
0.583407332233921
0.5577907391977146
0.5158810439004653
0.41620215533259014
0.5509351372861122
0.44677284157585917
0.43955710602153797
0.40335775770078963
0.2952695829094608
0.37615334246086074
0.3071409609769047
0.19394571036050973
0.04748689485044712
0.03451030516056878
0.3179509584402818
0.46382410789547623
0.42060773883261676
0.6211259234100365
0.6449268861577105
0.6755196304849884
0.6286001003512293
0.7598550067965564
0.7152941176470589
0.6332247557003258
0.7020196191575303
0.6538461538461539
0.6997375984005998
0.6462465478282702
0.7121065039522951
0.5921558574724429
0.6483704974271012
0.7865168539325843
0.8085035152326749
0.8143540669856459
0.8134497251859036
0.751137102014295
0.7664872139973082
0.7401764234161988
0.7897660326544352
0.6923076923076923
0.7099767981438515
0.7024673439767779
0.734510326449034
0.71583682332868
0.7369293355431671
0.7720742292726729
0.6174739095531174
0.7498660953401178
0.7309095647641386
0.4903028982349096
0.6361071932299013
0.7326986451849139
0.8430195427257632
0.7584988424515657
0.8310353472048132
0.7222222222222222
0.815033161385409
0.7628651754064295
0.6904284196860616
0.8199699323477825
0.86035012695443
0.7477196351416227
0.7813775194757018
0.8335854765506808
0.8310819503409237
0.8005006257822278
0.8042328042328042
0.7626328992951857
0.6772384034519957
0.7143808255659121
0.7505538325210457
0.7531315818645383
0.7998370766903293
0.6632038229794307
0.7912497090993716
0.8649976042165788
0.8737151248164464
0.8749091789779607
0.8254044337926902
0.7553327893693904
0.8907479086028218
0.8676984523215178
0.8290693362995921
0.8741172097633503
0.7290473407364114
0.6255506607929515
0.5851063829787234
0.5923225879940768
0.7414448669201521
0.6319724661761216
0.6614423901065263
0.6233139462937756
0.6325439266615738
0.0
0.0
0.0
0.6050709067468844
0.5710493223417633
0.5354058721934369
0.47183196550285156
0.4611368909512761
0.436313533374158
0.39879485072582854
0.32383001613770845
0.2942810251230905
0.13895216400911162
0.06559031281533804
0.014003819223424571
0.0
0.0
0.0
0.0
0.0
0.0
0.0
0.0
0.0
0.0
0.0
0.0
0.0
0.0
0.0
0.0
0.0
0.0
0.0
0.0
0.0
0.0
0.0
0.0
0.0
0.0
0.0
0.0
0.0
0.0
0.0
0.0
0.0
0.0
0.0
0.0
0.0
0.0
0.0
0.0
0.0
0.0
0.0
0.0
0.0
0.0
0.0
0.0
0.0
0.0
0.0
0.0
0.0
0.0
0.0
0.0
0.0
0.0
0.0
0.0
0.0
0.0
0.0
0.0
0.0
0.0
0.0
0.0
0.0
0.0
0.0
0.0
0.0
0.0
0.0
0.0
0.0
0.0
0.0
0.0
0.0
0.0
0.0
0.0
0.0
0.0
0.0
0.0
0.0
0.0
0.0
0.0
0.0
0.0
0.0
0.0
0.0
0.0
0.0
0.0
0.0
0.0
0.0
0.0
0.0
0.0
0.0
0.0
0.0
0.0
0.0
0.0
0.0
0.0
0.0
0.0
0.0
0.0
0.0
0.0
0.0
0.0
0.0
0.0
0.0
0.0
0.0
0.0
0.0
0.0
0.0
0.0
0.0
0.0
0.0
0.0
0.0
0.0
0.0
0.0
0.0
0.0
0.0
0.0
0.0
0.0
0.0
0.0
0.0
0.0
0.0
0.0
0.0
0.0
0.0
0.0
0.0
0.0
0.0
0.0
0.0
0.0
0.0
0.0
0.0
0.0
0.0
0.0
0.0
0.0
0.0
0.0
0.0
0.0
0.0
0.0
0.0
0.0
0.0
0.0
0.0
0.0
0.0
0.0
