1.0
0.8030544600151045
0.8060028441963378
0.8146119811349944
0.8011608739873041
0.8176193612264738
0.8163138645683254
0.8125167156993849
0.8279403330187103
0.8204045892363996
0.8398850772024611
0.8271164086437309
0.8225302332942092
0.8296676096181047
0.8191975666030089
0.7895422565795188
0.8067041014235237
0.775865238773728
0.7713878492218913
0.7658715582433645
0.7831866913728714
0.771786353181702
0.7777267003777507
0.7363372136801049
0.743768406635557
0.7244294229887438
0.733710145786417
0.7505173474524134
0.7660503173626241
0.7580599986374269
0.7284499551431666
0.71678651298813
0.6876423408258243
0.7219040094805451
0.6988036593947924
0.6681693659598414
0.6475077945882866
0.6133420570379742
0.5962859451814937
0.5998120136276007
0.5909896541774865
0.5799917454157577
0.5769735943426956
0.564425103866069
0.5480039542575393
0.5450307063303212
0.5348183939081725
0.5383324313563747
0.5250499930242292
0.49538663015655693
0.45854233926100674
0.4627724540587295
0.4702626926042805
0.4527704588863314
0.44567768159984883
0.4483073646560904
0.4541218603300586
0.45235822587829666
0.45129718031212857
0.42834122759900384
0.4308350271642626
0.4269303212158577
0.43918958233931876
0.44230173601969863
0.4388796262859865
0.43816458622283866
0.4319796372222254
0.43491956562237144
0.4332564151109628
0.43283126494641294
0.4332564151109628
0.43534719017526674
0.4332564151109628
0.4457064713727086
0.4461451439561061
0.4461451439561061
0.4481865284974093
0.44904844846282016
0.4233884334880357
0.4233884334880357
0.42002819057434504
0.41880787496174726
0.40725208717934586
0.4080450990821534
0.4144692247921041
0.41406685850192326
0.4155331277621719
0.414727117644158
0.41512973146902243
0.41392764312021824
0.4218543748605946
0.42995261289766074
0.4295348035584631
0.42953009059356106
0.432400056849329
0.43158225394906763
0.4320020594292439
0.42169218996339763
0.42251335307735083
0.42406080387606215
0.41054391747335556
0.42466698775780143
0.42387322907809816
0.4230824321420898
0.42851321936242537
0.4326008574452437
0.4301624957636944
0.42750557315295373
0.4298958462557244
0.43358686844925376
0.43598679576539356
0.4347702259039039
0.4418253567014942
0.4418253567014942
0.4418253567014942
0.4241901690492597
0.41331279373724084
0.4136751262109428
0.41609829607883825
0.41838257236645776
0.4210575492034678
0.436091158293375
0.4487504289983944
0.4560966792335898
0.4556942430637613
0.4387709304332815
0.42418802132958894
0.43382221938355314
0.4330129011693257
0.4314580972153964
0.44034181386632515
0.43993107132510184
0.44646980294036154
0.44646980294036154
0.4405728471124147
0.43979168063804347
0.4405728471124147
0.4485629384654426
0.4432923570283271
0.44567142117854797
0.44288230442397614
0.4380704041720991
0.4388808472674278
0.45400561148704405
0.4531664420729397
0.4527770828121091
0.4511685883452789
0.45400561148704405
0.4544263627488069
0.4522141606204653
0.43133277651831525
0.4336187929886142
0.4328672849134549
0.434768848054032
0.4359855683338129
0.44406922484770345
0.4295050724482261
0.43136205018371154
0.44602618030940366
0.4470539339392289
0.43391362678568973
0.4339449753212853
0.4371212062930338
0.4233063205201759
0.42616648115279326
0.4101027558365576
0.4148006849760475
0.4256173923347828
0.42225249746549737
0.4248773026148861
0.4238497954082939
0.42670549690571535
0.42347738751562536
0.4231019835989209
0.4259916832399204
0.42600020061434507
0.4270817392825132
0.4261316560279136
0.4080862736466107
0.40981044755865015
0.4121584259276196
0.41476008240090084
0.4161548538149932
0.41337231810793396
0.41337231810793396
0.42018570489818735
0.4195079917075368
0.40787745217484817
0.40988053564026905
0.408525885658891
0.41220258771899654
0.40859074027082515
0.41024020055315613
0.4105931908707978
0.41432821936922454
0.41468503893884795
0.40981865686032204
0.41017068019277975
0.42047621508839605
0.4146829452937367
0.41834714438536824
0.4196626873958912
0.4037252419475977
0.4081491795206006
0.40646987918033245
0.4045087112179764
0.4022156057330664
0.4065274701255221
0.397998223856091
0.39774572398984565
0.3926001621187616
0.39880750649789115
0.39880750649789115
0.39914285972227415
0.4045132522033011
0.4175627521466807
0.41324186430079657
0.41231680190967784
0.40591299348855997
0.40764920452132963
0.4086186950336682
0.41022284544539955
0.42138657708865385
0.4167497648589218
0.4193419921256279
0.4184807134414956
0.42184846923206465
0.41596426194753905
0.41195612371632173
0.4151989674490596
0.41609785211917666
0.4176440374860502
0.41423312427179654
0.4207133053855043
0.4170141784820684
0.42401253887690576
0.41851516022734814
0.4107172895274182
0.4125453854805928
0.41748955751513295
0.41748955751513295
0.4172640235064436
0.41893023975251353
0.43276410398230086
0.43248485207407217
0.4406242751012864
0.4406242751012864
0.4480464108128278
0.4494714693967277
0.4608282184678285
0.4559300240630611
0.4588947867274395
0.4494463958460599
0.4448700813636953
0.43200043346337236
0.4330002011876241
0.4306439060079399
0.4231357568973351
0.4242727245859973
0.41017119888599746
0.4187379505952807
0.4224128360926295
0.41339440565660157
0.4336051425510386
0.4475901465113259
0.4475536796304666
0.43807636032775527
0.4266516837715658
0.42772983308356155
0.41897709530233895
0.4090909090909091
0.4084086501334447
0.4061624825043184
0.40527992171976873
0.4240024520382568
0.4240724822104021
0.42355165897394953
0.42246368760227065
0.4234424002932012
0.42365265133279956
0.41982405976981974
0.4185367122294983
0.41848273607854725
0.4183270200984284
0.4272099398759869
0.42462130257379277
0.4258931602851963
0.4289060661004549
0.4286225301946716
0.4204453627650543
0.4201643950438715
0.4363256289046725
0.43147410358565735
0.4237449932978804
0.42923304632915826
0.42738049230623626
0.4213505357072258
0.43090135445578037
0.45388213258903276
0.4427771235797715
0.43164759526216767
0.4166366696597746
0.4092631372335784
0.41960160629796034
0.41271677845175425
0.4062830376198263
0.40579618438953396
0.4067705229329066
0.41911323208049395
0.41736866724968985
0.4172318943493556
0.4186145543584186
0.4064143162433268
0.40209682147438064
0.40888044639677074
0.41196002326339193
0.40077404345297307
0.41243551048930255
0.4101559087102684
0.4145574203099104
0.41949573318908795
0.42772012740162335
0.43339863699536174
0.4344612058511707
0.4359141220312587
0.43345980266359896
0.42691459336384985
0.43547018852935754
0.4329917555873703
0.435387657241187
0.43701160847373416
0.43237021423174676
0.42915633696994937
0.43617920061691645
0.425818111869628
0.4430657669453117
0.43252080480353944
0.4320150467093821
0.4366757714750362
0.41790335783388544
0.43144953533890995
0.43441826697685765
0.4345316189976384
0.4338180950722313
0.4515483137552103
0.464839384315765
0.44174495968818
0.4338442875221842
0.44556886761601805
0.4573071008372593
0.4641174412777853
0.45992176308191474
0.45351047873204314
0.46254339029824254
0.4681276001938659
0.46266720870356387
0.4609568873516516
0.46181046448342605
0.4597811710953469
0.4579785323809904
0.4714531560103651
0.4723376426056454
0.45663480652452143
0.453911154916032
0.45590161443798527
0.44256909102621916
0.4413387274733358
0.4378347890649646
0.4432462511153112
0.4467998684744976
0.4467998684744976
0.4462359563160137
0.44274647480536816
0.43055575630555754
0.4454961339884975
0.44719824027162175
0.4629946246118915
0.44590692191674347
0.42914468306457604
0.439112212877917
0.450034439359076
0.45580761563501476
0.45580761563501476
0.4533351626380135
0.4529055034400679
0.4673104485489037
0.47315668570901076
0.4753532618873093
0.47361827573890686
0.4838189555671075
0.46886589543189444
0.4705106635347069
0.47568227301689864
0.4766112948446118
0.4888597924534427
0.4860885198185087
0.4850718761518614
0.487224305078382
0.4868010838845022
0.48818526641817894
0.5012223097705805
0.4855896353569608
0.4970166279120783
0.4960961377400113
0.4789013595124507
0.4867578715541537
0.4867578715541537
0.48834140721978525
0.46895608604191497
0.46743424660845057
0.46655557493681504
0.4692444653475325
0.47922515766018003
0.4745664187238274
0.4745664187238274
0.4617270028307749
0.4664539787451921
0.4646870304126385
0.46474265194839737
0.4606727183698068
0.46238016296124296
0.4789765692158455
0.47242629052796553
0.4563511656543905
0.46346543990059336
0.4561808693174059
0.45660739153085944
0.4539081530375741
0.45483067051044507
0.45707186877860356
0.44789394792567155
0.4534387565633339
0.4543755596263955
0.4534387565633339
0.4585350588148666
0.47034004984936095
0.4822798477070824
0.48322160388519037
0.47116205108442716
0.47454319787081584
0.47308131413956517
0.47576882589163877
0.47876996582269654
0.4527630934156718
0.4560520683178264
0.4603575524640828
0.43407473851968614
0.43407473851968614
0.4322921409707677
0.44612066072059897
0.4484728789235247
0.43937984496124033
0.4383410212798465
0.45288592848582815
0.4568071290023332
0.45532874735559076
0.4587933030294475
0.4504650185037169
0.4577049814516742
0.472810224621013
0.472810224621013
0.47067602278760745
0.47222215556936603
0.48867942331855047
0.4881327681443762
0.4841942868764835
0.48312062424363916
0.4841942868764835
0.48664992671084756
0.5010916023492512
0.5068188533130141
0.48551665513389675
0.4844106345898257
0.4866239457217147
0.4698597616192271
0.49604499912111094
0.5013974024753987
0.49246074396413875
0.49471990477394345
0.49189466600682363
0.4907986909721766
0.4961200996831733
0.4632116138648016
0.4812855000930253
0.4696663053287552
0.4680392511627412
0.46695831762700885
0.4736389586270936
0.49404949102044193
0.46627299441832976
0.4803165556261602
0.4937557964093407
0.4762245105531396
0.4635480519194929
0.46418807625235764
0.4647393904870407
0.47720095816287633
0.4606884476421053
0.44899195911238665
0.4655713603988393
0.47710190810049347
0.478254433928471
0.48162134500344106
0.4898912674142032
0.4850596998441546
0.48873461035568894
0.48439637601182994
0.4807719684824927
0.47956090362970694
0.47130279660451313
0.4724810822647753
0.471878303342527
0.4714607179505918
0.4919502174886966
0.49072779885456386
0.48425972641338805
0.47252950794542947
0.4707315831668427
0.48922939770614937
0.5029028288672749
0.49683676670500887
0.49820580216479193
0.49419440133356324
0.5141648222887645
0.49354766703438546
0.4871543614009358
0.4865384110136094
0.4976315430752454
0.49754565896999947
0.48549919950948667
0.4786973457013211
0.48970437058035576
0.48493453226060895
0.46737687138266926
0.4845775592311131
0.4858971464007307
0.5007258809555233
0.48962949585318755
0.4912252043664463
0.4842268574383727
0.4912252043664463
0.4884238583358144
0.4832832333066364
0.46716052010950376
0.4851895611798603
0.4933981438053412
0.47742379178202626
0.47784660210082386
0.48291198918322686
0.4864415238728997
0.48844590456038756
0.4806333928432818
0.4768981656056607
0.4709394092319586
0.4864415238728997
0.46441017096655424
0.4471467858370574
0.46359168019748875
0.4555163564016656
0.4581240708003876
0.43851634085898
0.43124052103389304
0.44738185946208076
0.4473358435118009
0.4436785804531544
0.4309234473875791
0.4509883568365392
0.43669442332300956
0.41659541490356455
0.41435364450266704
0.41774294762342573
0.40760387745943955
