1,2282,518,324,634
2,2319,517,315,639
3,2322,518,315,636
4,2321,514,316,637
5,2323,512,316,638
6,2329,517,315,637
7,2329,523,318,648
8,2332,524,318,648
9,2340,535,310,636
10,2341,535,311,636
11,2344,531,311,636
12,2346,530,311,636
13,2344,524,317,647
14,2344,530,316,647
15,2341,522,322,657
16,2338,516,328,669
17,2333,516,333,680
18,2323,508,347,702
19,2321,514,344,702
20,2317,511,350,712
21,2327,538,325,665
22,2319,511,334,678
23,2317,508,335,679
24,2306,492,349,702
25,2296,492,350,701
26,2293,489,350,703
27,2292,484,350,703
28,2287,486,352,703
29,2285,498,349,703
30,2284,504,347,703
31,2278,496,360,726
32,2271,495,370,748
33,2265,493,381,769
34,2265,511,370,753
35,2257,490,386,779
36,2254,491,395,800
37,2246,496,406,819
38,2243,510,408,827
39,2242,506,415,841
40,2242,507,413,840
41,2238,504,422,851
42,2236,504,427,858
43,2231,492,434,869
44,2232,495,437,879
45,2226,487,451,902
46,2225,502,453,907
47,2220,495,460,920
48,2224,503,459,916
49,2223,491,465,927
50,2218,476,479,949
51,2214,462,499,984
52,2210,468,505,991
53,2214,481,500,985
54,2205,462,512,999
55,2205,466,516,1007
56,2210,473,517,1012
57,2209,470,515,1008
58,2212,470,514,1004
59,2210,466,518,1013
60,2206,465,523,1020
61,2202,468,527,1026
62,2197,467,532,1032
63,2199,471,529,1027
64,2193,456,534,1038
65,2189,457,539,1044
66,2187,457,538,1044
67,2185,456,538,1045
68,2181,460,540,1044
69,2176,456,541,1045
70,2178,460,540,1044
71,2181,461,537,1044
72,2181,463,537,1043
73,2183,458,538,1044
74,2185,461,537,1044
75,2188,465,538,1042
76,2194,463,537,1043
77,2199,463,536,1043
78,2199,463,536,1043
79,2199,460,537,1044
80,2197,463,538,1043
81,2195,460,544,1056
82,2199,466,547,1056
83,2197,464,544,1057
84,2197,467,544,1056
85,2197,467,544,1056
86,2197,466,544,1055
87,2199,467,544,1055
88,2199,462,547,1058
89,2204,464,544,1055
90,2205,458,545,1058
91,2210,459,547,1055
92,2215,459,546,1055
93,2212,453,555,1068
94,2219,454,554,1068
95,2224,456,552,1067
96,2227,457,551,1067
97,2227,457,551,1067
98,2231,453,552,1066
99,2228,443,561,1081
100,2229,446,561,1080
101,2231,451,559,1078
102,2231,448,559,1079
103,2229,446,559,1080
104,2229,446,561,1080
105,2228,443,563,1081
106,2230,439,563,1081
107,2238,443,559,1078
108,2230,435,571,1093
109,2238,448,558,1078
110,2236,450,560,1078
111,2236,448,560,1079
112,2238,446,560,1078
113,2236,438,568,1091
114,2240,438,568,1091
115,2240,440,568,1090
116,2240,437,568,1091
117,2240,438,568,1091
118,2240,438,568,1091
119,2238,434,577,1104
120,2236,434,585,1113
121,2237,438,583,1113
122,2241,441,582,1114
123,2245,435,584,1114
124,2252,433,583,1113
125,2257,430,580,1112
126,2259,427,581,1113
127,2261,424,581,1112
128,2259,424,581,1112
129,2259,423,583,1112
130,2259,424,583,1113
131,2259,425,582,1113
132,2261,424,581,1112
133,2261,423,581,1112
134,2263,420,581,1112
135,2260,410,592,1124
136,2265,408,590,1123
137,2265,411,590,1124
138,2268,413,588,1122
139,2268,415,589,1122
140,2266,412,596,1135
141,2271,415,594,1131
142,2276,417,592,1131
143,2276,420,592,1129
144,2281,418,590,1129
145,2284,418,589,1128
146,2281,411,604,1147
147,2273,404,615,1159
148,2273,404,615,1160
149,2271,396,624,1173
150,2273,394,624,1173
151,2273,394,625,1173
152,2270,391,625,1173
153,2270,391,627,1173
154,2278,392,622,1171
155,2279,389,625,1171
156,2279,387,625,1170
157,2284,386,622,1169
158,2283,384,631,1176
159,2286,381,630,1176
160,2290,378,629,1175
161,2295,380,627,1172
162,2298,384,626,1170
163,2305,384,622,1168
164,2312,379,627,1174
165,2309,381,630,1174
166,2302,377,639,1187
167,2300,378,639,1188
168,2305,378,636,1186
169,2310,380,635,1185
170,2310,377,636,1185
171,2309,376,637,1185
172,2302,371,647,1198
173,2300,367,654,1210
174,2304,363,662,1216
175,2302,364,661,1215
176,2302,366,662,1215
177,2298,361,672,1227
178,2305,361,669,1227
179,2312,360,667,1223
180,2315,350,674,1229
181,2316,354,674,1229
182,2318,353,672,1227
183,2313,347,683,1240
184,2316,348,683,1240
185,2318,349,682,1239
186,2321,352,679,1238
187,2316,346,691,1249
188,2330,342,694,1251
189,2330,343,692,1252
190,2331,344,691,1251
191,2335,351,681,1239
192,2333,348,682,1240
193,2339,348,681,1237
194,2333,343,691,1251
195,2340,346,687,1249
196,2358,346,681,1237
197,2356,347,681,1238
198,2349,341,692,1252
199,2352,344,690,1250
200,2355,347,688,1249
201,2357,340,696,1256
202,2357,343,695,1256
203,2364,347,692,1252
204,2361,337,703,1265
205,2373,341,698,1261
206,2380,335,703,1266
207,2389,336,700,1262
208,2394,330,708,1267
209,2406,333,702,1262
210,2413,330,708,1267
211,2413,331,708,1267
212,2420,332,704,1264
213,2420,333,704,1264
214,2420,333,705,1265
215,2425,337,701,1262
216,2435,336,704,1265
217,2440,337,702,1264
218,2442,335,702,1264
219,2446,330,709,1269
220,2451,330,706,1267
221,2449,326,716,1277
222,2454,328,713,1275
223,2453,325,714,1272
224,2465,328,710,1269
225,2465,323,718,1279
226,2467,321,717,1279
227,2469,320,717,1277
228,2469,318,718,1278
229,2471,319,717,1276
230,2488,320,717,1277
231,2506,322,712,1267
232,2513,319,717,1272
233,2523,316,720,1275
234,2529,318,719,1271
235,2537,315,722,1279
236,2537,315,722,1277
237,2530,314,725,1281
238,2535,316,722,1280
239,2535,316,723,1280
240,2537,315,722,1280
241,2540,316,720,1279
242,2535,315,724,1280
243,2537,315,722,1278
244,2535,315,724,1277
245,2532,314,725,1278
246,2528,313,726,1280
247,2530,316,716,1271
248,2534,314,716,1270
249,2534,316,716,1269
250,2534,316,716,1270
251,2547,321,709,1266
252,2559,321,712,1273
253,2568,318,717,1272
254,2570,314,725,1280
255,2568,314,726,1278
256,2564,313,729,1273
257,2559,312,729,1280
258,2572,314,716,1270
259,2581,315,713,1266
260,2583,316,715,1262
261,2579,315,714,1265
262,2583,316,714,1264
263,2588,317,712,1263
264,2582,318,713,1266
265,2577,318,713,1268
266,2590,319,715,1276
267,2603,326,715,1277
268,2619,332,701,1261
269,2629,330,704,1265
270,2635,335,694,1250
271,2637,332,696,1251
272,2650,335,695,1252
273,2642,330,700,1256
274,2638,329,701,1257
275,2637,331,693,1247
276,2639,331,695,1245
277,2648,331,690,1243
278,2657,328,688,1239
279,2662,328,687,1236
280,2662,327,688,1236
281,2669,327,691,1240
282,2671,324,691,1240
283,2662,325,694,1243
284,2671,325,691,1241
285,2684,331,686,1237
286,2693,329,689,1239
287,2691,331,689,1240
288,2684,330,693,1243
289,2691,329,691,1240
290,2693,328,689,1240
291,2700,329,687,1236
292,2707,332,677,1224
293,2724,336,677,1225
294,2736,338,671,1220
295,2726,327,691,1240
296,2731,331,682,1229
297,2731,332,680,1228
298,2728,331,682,1229
299,2724,329,684,1232
300,2733,334,673,1217
301,2747,337,668,1211
302,2765,343,660,1205
303,2762,340,668,1213
304,2764,337,667,1211
305,2766,335,668,1211
306,2761,328,680,1223
307,2761,327,679,1224
308,2763,329,679,1222
309,2768,326,684,1227
310,2768,325,683,1228
311,2771,329,682,1226
312,2773,327,682,1226
313,2773,326,682,1227
314,2785,329,676,1222
315,2804,337,668,1211
316,2801,334,670,1211
317,2806,330,669,1209
318,2799,330,671,1212
319,2794,329,673,1213
320,2789,324,683,1227
321,2791,324,682,1227
322,2798,324,680,1223
323,2809,328,676,1220
324,2820,331,671,1211
325,2825,334,660,1198
326,2832,335,658,1194
327,2830,334,660,1197
328,2837,340,649,1181
329,2837,337,649,1181
330,2827,336,653,1185
331,2831,334,651,1182
332,2834,333,650,1182
333,2821,325,666,1197
334,2824,330,662,1198
335,2837,333,658,1192
336,2843,332,663,1198
337,2848,338,652,1184
338,2846,336,651,1186
339,2853,337,651,1182
340,2845,330,662,1196
341,2846,339,652,1187
342,2861,340,647,1180
343,2865,339,652,1187
344,2865,336,653,1185
345,2872,341,643,1172
346,2885,338,646,1178
347,2899,346,639,1170
348,2894,341,642,1170
349,2878,336,649,1175
350,2895,336,644,1168
351,2900,338,642,1167
352,2896,340,640,1168
353,2906,347,628,1154
354,2922,351,623,1150
355,2929,355,624,1156
356,2931,357,624,1154
357,2933,354,629,1161
358,2935,353,629,1161
359,2935,359,621,1147
360,2935,355,622,1148
361,2942,356,620,1145
362,2940,356,620,1146
363,2937,353,624,1145
364,2936,350,624,1143
365,2936,349,624,1144
366,2949,352,619,1141
367,2952,353,617,1139
368,2946,351,622,1141
369,2957,354,616,1138
370,2976,361,607,1128
371,2971,357,609,1130
372,2973,358,611,1127
373,2981,361,606,1125
374,2990,363,608,1131
375,2993,367,599,1116
376,2987,362,604,1118
377,2990,363,603,1118
378,3000,367,597,1114
379,2995,364,599,1115
380,2982,358,605,1118
381,2989,361,595,1103
382,2991,351,596,1104
383,2993,354,589,1091
384,3009,359,575,1075
385,3001,356,579,1076
386,3017,363,565,1059
387,3016,364,559,1048
388,3016,362,560,1046
389,3016,359,560,1046
390,2995,348,576,1065
391,3014,357,560,1051
392,3022,364,556,1049
393,3041,369,543,1031
394,3047,374,546,1036
395,3052,373,543,1032
396,3052,373,545,1033
397,3044,372,547,1035
398,3041,368,549,1036
399,3033,363,551,1039
400,3038,367,543,1024
401,3049,371,538,1021
402,3051,369,539,1020
403,3051,364,540,1018
404,3046,368,540,1021
405,3054,374,536,1021
406,3063,378,533,1017
407,3068,379,531,1016
408,3068,378,537,1023
409,3068,377,539,1023
410,3076,384,528,1008
411,3076,383,528,1007
412,3073,381,531,1009
413,3076,382,528,1007
414,3084,383,525,1005
415,3084,383,525,1005
416,3093,389,515,991
417,3096,380,519,994
418,3086,373,533,1008
419,3092,376,524,994
420,3095,377,520,986
421,3105,384,512,976
422,3109,384,513,980
423,3116,384,514,985
424,3116,392,521,1001
425,3131,396,513,992
426,3138,398,507,982
427,3147,400,506,979
428,3146,402,502,972
429,3150,406,497,964
430,3159,410,490,954
431,3157,409,493,961
432,3157,411,495,961
433,3164,411,489,952
434,3160,407,494,957
435,3156,410,492,954
436,3157,412,488,947
437,3154,410,491,952
438,3152,413,489,947
439,3164,418,481,938
440,3165,421,482,941
441,3167,423,479,937
442,3175,426,473,927
443,3179,423,474,932
444,3175,420,480,940
445,3181,423,476,933
446,3194,426,473,927
447,3203,428,466,917
448,3204,427,470,922
449,3210,428,469,921
450,3208,425,473,926
451,3207,427,470,921
452,3209,432,464,913
453,3210,440,459,906
454,3209,442,461,910
455,3206,440,465,919
456,3214,444,461,913
457,3215,443,457,906
458,3214,440,460,909
459,3210,434,466,918
460,3211,436,463,914
461,3217,439,458,904
462,3226,445,450,895
463,3232,451,448,890
464,3231,446,451,895
465,3230,449,449,890
466,3233,453,444,882
467,3230,448,447,886
468,3233,455,444,882
469,3240,465,435,873
470,3243,470,430,864
471,3247,470,432,867
472,3245,463,440,881
473,3243,455,446,889
474,3241,448,453,896
475,3242,451,444,880
476,3240,449,442,872
477,3251,456,433,860
478,3255,462,427,853
479,3254,463,429,857
480,3254,464,430,860
481,3259,465,427,856
482,3260,471,422,847
483,3264,472,424,850
484,3269,478,419,845
485,3270,475,421,849
486,3262,467,434,863
487,3265,468,430,859
488,3268,470,425,850
489,3278,477,418,840
490,3282,480,417,843
491,3278,473,426,852
492,3279,473,422,848
493,3285,481,415,838
494,3293,489,408,828
495,3301,488,411,834
496,3295,483,418,843
497,3291,483,418,841
498,3299,490,410,831
499,3301,494,410,834
500,3295,493,411,832
501,3299,495,405,823
502,3296,489,409,826
503,3298,489,407,822
504,3304,495,400,812
505,3304,503,399,816
506,3302,501,399,813
507,3305,500,400,815
508,3312,509,391,798
509,3313,508,392,801
510,3317,509,392,803
511,3321,510,393,804
512,3324,509,389,795
513,3325,508,390,796
514,3330,510,387,793
515,3333,512,382,784
516,3338,522,381,786
517,3339,524,383,786
518,3342,519,384,789
519,3331,510,393,800
520,3333,509,391,797
521,3334,511,386,787
522,3341,513,380,776
523,3343,509,381,778
524,3337,509,382,776
525,3345,511,380,777
526,3341,513,380,776
527,3347,521,373,766
528,3350,521,374,769
529,3349,528,372,765
530,3356,532,366,755
531,3355,533,368,757
532,3356,537,365,755
533,3357,540,367,756
534,3351,529,375,771
535,3345,527,376,770
536,3356,537,362,747
537,3356,532,370,760
538,3353,534,369,759
539,3356,540,363,750
540,3356,534,364,750
541,3352,536,365,750
542,3353,544,363,751
543,3345,534,371,764
544,3338,526,378,773
545,3334,526,378,771
546,3343,536,365,750
547,3349,543,358,739
548,3347,547,359,740
549,3345,547,359,741
550,3344,548,359,741
551,3345,548,359,741
552,3349,553,358,741
553,3347,552,358,741
554,3344,550,358,741
555,3344,549,359,741
556,3340,553,359,741
557,3341,554,358,741
558,3339,559,352,730
559,3339,565,352,731
560,3338,571,351,728
561,3334,572,351,730
562,3327,571,352,731
563,3322,572,352,732
564,3315,570,353,733
565,3308,566,352,733
566,3301,564,355,734
567,3298,568,354,734
568,3298,578,347,721
569,3295,579,353,733
570,3292,580,353,733
571,3290,582,353,732
572,3289,590,346,719
