1.0
0.9266377410869417
0.882570468312131
0.8797830469424979
0.8451799306962056
0.8307417293141024
0.8336497635403363
0.8465706502143343
0.8205146809848595
0.8177293197440152
0.811722580923484
0.7812308282208589
0.7951309010019583
0.8103094562466446
0.7812308282208589
0.7962587641131024
0.7829368425417801
0.7738825751527235
0.7857608590097527
0.784393063583815
0.7747308709413694
0.8138685794041798
0.7812211172316906
0.7266889240756133
0.7435761755710814
0.7857307094069115
0.7989933841917002
0.7963353200264088
0.7939374264497018
0.8016825774026577
0.7982714141783795
0.7956157550895011
0.8126192918147993
0.8099158349813733
0.7774272469739892
0.7592702382235637
0.7803706428197924
0.7994578836541916
0.7745645999433775
0.7719354323158063
0.7719354323158063
0.7617779497168253
0.7730857559950864
0.7488202081024885
0.7706458681914198
0.7774628486662605
0.7866578658650801
0.7769120743419123
0.7779453169826931
0.7890095192786711
0.7586569012870914
0.7682274057819909
0.7707915263405867
0.7707915263405867
0.7623025714658661
0.7669153252192121
0.7568366719815712
0.7568366719815712
0.7628162435670112
0.7772536154672586
0.7969414957859925
0.7828991315965264
0.7905726036064536
0.7771883523253864
0.7884819451783212
0.8041327124563445
0.7901054233235518
0.7840448737924587
0.7840448737924587
0.7864107964739839
0.7913504224545325
0.797274275979557
0.7682274057819909
0.7773735207383862
0.7809980740715491
0.7490062246763041
0.7763657851596751
0.776139154334576
0.8160547687764279
0.8334731152735066
0.8151121772883592
0.816220600162206
0.8078786462764668
0.8252155363967647
0.8131194022531418
0.7975938096247615
0.7795989378262064
0.7841265261694622
0.7899511361395359
0.7848034704877087
0.7811144319061604
0.7758892722911348
0.7830927587552141
0.7844256953733237
0.7941907799706023
0.7885817140104702
0.7853326294918178
0.7592196562269324
0.792314199707134
0.807769713180207
0.8127984883811638
0.8086547955466277
0.7820977803568838
0.781649220700216
0.7671105176301634
0.7681572869969002
0.7855024370009334
0.7632105506185041
0.7780286110943442
0.7695422878058668
0.7576499535635456
0.7283692990603476
0.754314259763851
0.746888559825005
0.744928224928225
0.7683232180836895
0.76589989795542
0.7671816728822589
0.7495639253181731
0.7301243173522873
0.738464451536298
0.7429344226098477
0.7239450882017882
0.7118868458274399
0.7058452101749955
0.7355446673011621
0.7279850660275172
0.721270545807615
0.7294105992311004
0.7327244844239968
0.7160260174521897
0.7161764376274757
0.7146894960570339
0.6893027303868513
0.6869595958108088
0.6790126175324246
0.6921751709148534
0.6911385855798562
0.6930675777455164
0.702919315349736
0.7049034371324621
0.6944958625684999
0.7094091484080826
0.6892021167964285
0.6872736382506621
0.686492360708949
0.6769308968375555
0.6807424428650315
0.6750315992785423
0.6873326747698607
0.6804325959322856
0.675852262628417
0.6739540317225854
0.675852262628417
0.6732461895271397
0.6802185214556349
0.6794569836257186
0.671752403677451
0.6669140842456857
0.6506175726232394
0.6544175352122372
0.6546114556226122
0.6577795861507746
0.657517763601473
0.6600665326772472
0.6650397874303633
0.6482921822627008
0.6479255772730019
0.6358845789335718
0.6432432611037318
0.6467800898025139
0.648554219663143
0.648554219663143
0.6571295844501334
0.6560446747831168
0.6521139721149023
0.6556891311078633
0.6487219853068166
0.6434771399106222
0.6277534579470364
0.623255999362194
0.6235994004740745
0.6208459065050705
0.6235994004740745
0.6392604248623132
0.6341751185533093
0.6290268380476015
0.6115618694212567
0.6041107727359519
0.6049076300282498
0.6210370885086424
0.629979035639413
0.62148070907195
0.6248693834900731
0.6264110885907074
0.6068386797736535
0.604851188941043
0.6218172028881931
0.6075279927857519
0.597663866633399
0.5944713777594692
0.597663866633399
0.6233314378788901
0.6123053366812956
0.6131375520790396
0.5947561437998043
0.5990831490107575
0.5994308483995802
0.6038788202186521
0.5824021468614092
0.5910283730547669
0.5823191345503719
0.5830824220192675
0.5862499372773345
0.5874487019873657
0.5760339517489184
0.5744993238850208
0.5653539531623174
0.5727480541596098
0.5684640707672463
0.5694408783577254
0.56827243490687
0.5547811775267449
0.5557344377479996
0.5540781652067102
0.5356881964837122
0.5381082203195452
0.5355602853766257
0.5461446370771073
0.5456625987247622
0.5388182257285461
0.535086298644209
0.5218807015093451
0.5235419033320584
0.5182851719472547
0.5108046328634189
0.5209863945578231
0.5301803958671059
0.5301803958671059
0.5266131243430974
0.5278023402556596
0.5245532975077126
0.5240791747215712
0.515433031148754
0.5149791629169147
0.5031913310515564
0.503392325186151
0.5061181021929538
0.5074244974426882
0.4835155275901064
0.49364675644561057
0.49576515000779753
0.49438090584601113
0.4929403809125498
0.5043742507457694
0.4985172963817647
0.509251677047404
0.5049907249552934
0.5075341111330829
0.5174035528858466
0.5181441399953949
0.5171487917321039
0.5207079461027253
0.5015857886581274
0.49474260738475223
0.4968943409841525
0.5054414088959133
0.5180618285463714
0.5162096072927184
0.5089205638806412
0.5309133293983676
0.5280617710069031
0.5294862210997507
0.5292802327869439
0.5087058379315376
0.5060176975989172
0.5233598006259418
0.5190581452874379
0.526256708878521
0.5230884640226613
0.5292752672042003
0.5215527841208502
0.522251240075018
0.5061804206858255
0.5273646781827355
0.5320119777555967
0.5215465879381792
0.50099973919847
0.5031119789396608
0.5118878132118451
0.5127969366841564
0.5132861174716439
0.5392539780631924
0.548882069267865
0.5397599479978882
0.5396858218440787
0.541635431620287
0.5238183904041709
0.49307876165339437
0.5056682577565632
0.5414072400683233
0.5511792342391559
0.5412672359286486
0.5297129005992807
0.5277788465237967
0.5073354231974921
0.5059361287960066
0.504539429979814
0.4855840137267566
0.48693613435648725
0.4792169360346005
0.46218148201195297
0.4649786643698264
0.45281412705640134
0.4497015582121036
0.44166424207157406
0.45516627078384797
0.43984605338662763
0.42295630150674224
0.4115382122253192
0.4069520983467571
0.40100250626566414
0.4096422856552934
0.41620434471234186
0.42288453855373553
0.42288453855373553
0.4365664053531013
0.435970247511619
0.44926120604886527
0.4455156031642036
0.44711594522109793
0.44922118380062304
0.45256764436327085
0.451145919638838
0.453242021676707
0.4374914221853331
0.4374914221853331
0.4416886056071313
0.42475975574755304
0.4383784115051479
0.4357980892977522
0.42124830199470936
0.4016919635127933
0.4041661150094885
0.4005093682550084
0.40494035030081516
0.4298921899374959
0.4298921899374959
0.43226919758412424
0.41457240883851776
0.40677607054876197
0.4110570602156193
0.4019505300353357
0.40005452143461273
0.39773009374027546
0.41524014065230663
0.41779783545529836
0.41524014065230663
0.4161048860003439
0.4175926705390465
0.41807983165184587
0.41725287061050836
0.42032904956926986
0.41862583453666663
0.41945551668014164
0.43435035367984554
0.42179834929211285
0.4284139441503924
0.4314277310344577
0.4052700208777193
0.40768736616702356
0.4301643277304852
0.43431660817604095
0.4470806483108768
0.44094591307926884
0.43987687640800305
0.436529250738075
0.441527446300716
0.4476758943749183
0.4435988468214485
0.44540376396490966
0.43963336020836197
0.43885070857147096
0.4346338200457517
0.4371938735843678
0.4144505770195685
0.4288886794231313
0.4469517262219536
0.444445280803306
0.4364837566038635
0.45254431212154617
0.44532884734076983
0.4664126045162391
0.4546313408285939
0.4577212914439794
0.4402228514019545
0.44386019759764056
0.46600406000369093
0.46600406000369093
0.46600406000369093
0.45643585175020196
0.47019885236394715
0.45632139220586876
0.45632139220586876
0.43735483143533654
0.459221848110737
0.4620282640728666
0.4604088522130533
0.4378124240049718
0.4272636130325892
0.42986645114412164
0.4307350392813571
0.4280924154390907
0.4192736649165864
0.3991791099783139
0.3916683292765652
0.4073920805892855
0.42162300269255715
0.43771968063590055
0.4404973636578264
0.4444935513680742
0.41538872008888217
0.4129634355291459
0.40476094150773934
0.4235316763114677
0.4159739466720944
0.41679005094445054
0.41679005094445054
0.40446084460844606
0.39827976275401017
0.3943880746586496
0.3939324672685944
0.3931398863703716
0.39941780167010177
0.3964197385466965
0.428539305821309
0.42529795301999423
0.42529795301999423
0.44910581060917326
0.4280110931600819
0.4223216590654849
0.4218550689424771
0.39869182085213334
0.40956062444463487
0.4009539905766532
0.35354892902141954
0.3584085652465866
0.34503345342254244
0.34173474951879834
0.3365149369791788
0.3391197566353158
0.33729080852065435
0.3243270062231547
0.3480369515011547
0.34272651465048737
0.32941300919336847
0.3407551889889439
0.3381195174914145
0.3523612202614846
0.35040198898816893
0.3523612202614846
0.34206071712763136
0.3368642541110006
0.3394574456819954
0.3440059029485807
0.3526274624822799
0.3545991816941961
0.3579778567362243
0.36866508948981325
0.3510658977515713
0.32704333897035853
0.33506067324717403
0.3391369393071784
0.33586154446979505
0.346837049120899
0.3405936407573664
0.3412152050284346
0.3322217158954389
0.31964617911793514
0.3146730404885679
0.3122005008398858
0.3202558228331424
0.32646902772250963
0.31192078202361306
0.30685698261974015
0.29933415698151167
0.3052069701396091
0.30012227876354275
0.2974629503738953
0.2961815112056803
0.29799029799029797
0.28950569020936495
0.28106530504366606
0.2806434611242237
0.28134977333262773
0.27886832978292636
0.276275458075063
0.2696553913442207
0.2680659230571879
0.2822814286146309
0.27114821187741245
0.27670734631105603
0.27334209173473467
0.27398924481446413
0.26949574409243154
0.2620347211098927
0.25884016973125884
0.2546178645932107
0.24181360201511334
0.23586800934180457
0.22578132361717498
0.22841298686700265
0.24944434183962655
0.2327279190975286
0.23052501505022022
0.23057862438778867
0.23251900036063952
0.23768916087404796
0.2376638249141112
0.23684210526315788
0.23543943656605043
0.23543943656605043
0.24271764683517835
0.24387804525182888
0.23353760585888836
0.2331983643628553
0.2340432627850668
0.2340432627850668
0.23716119828815976
0.2295766904892798
0.21993429462947944
0.22169529268644714
0.21861750754014814
0.2230843145409956
0.2223015949335788
0.22669993933712015
0.22669993933712015
0.21978578767364287
0.20660826377871283
0.20660826377871283
0.20127751354938614
0.20127751354938614
0.20837558374549042
0.22243127417163164
0.2206148282097649
0.21483173958421484
0.20098806740592984
0.20314715867581543
0.2035115665002009
0.21241027087617195
0.19949438453622087
0.19191858903578143
0.19734246473368816
0.20463002161270916
0.20683497399495523
0.18826086283972962
0.19270720119243548
0.2056699570388182
0.20641673449954692
0.2006071165009396
0.18432925290257446
0.19853040046191933
0.19135275326564824
0.19974338744511122
0.21130749705936977
0.1933131132351893
0.1962845175302513
0.1841609856526023
0.17662840959904605
0.18054215865624482
0.18753345824411136
0.18727350794332331
