1.0
0.9266377410869417
0.882570468312131
0.8797830469424979
0.8451799306962056
0.8307417293141024
0.8336497635403363
0.8465706502143343
0.8205146809848595
0.8177293197440152
0.811722580923484
0.7812308282208589
0.7951309010019583
0.8103094562466446
0.7812308282208589
0.7962587641131024
0.7829368425417801
0.7738825751527235
0.7857608590097527
0.784393063583815
0.7747308709413694
0.8138685794041798
0.7812211172316906
0.7266889240756133
0.7435761755710814
0.7857307094069115
0.7989933841917002
0.7963353200264088
0.7939374264497018
0.8016825774026577
0.7982714141783795
0.7956157550895011
0.8126192918147993
0.8099158349813733
0.7774272469739892
0.7592702382235637
0.7803706428197924
0.7994578836541916
0.7745645999433775
0.7719354323158063
0.7719354323158063
0.7617779497168253
0.7730857559950864
0.7488202081024885
0.7706458681914198
0.7774628486662605
0.7866578658650801
0.7769120743419123
0.7779453169826931
0.7890095192786711
0.7586569012870914
0.7682274057819909
0.7707915263405867
0.7707915263405867
0.7623025714658661
0.7669153252192121
0.7568366719815712
0.7568366719815712
0.7628162435670112
0.7772536154672586
0.7969414957859925
0.7828991315965264
0.7905726036064536
0.7771883523253864
0.7884819451783212
0.8041327124563445
0.7901054233235518
0.7840448737924587
0.7840448737924587
0.7864107964739839
0.7913504224545325
0.797274275979557
0.7682274057819909
0.7773735207383862
0.7809980740715491
0.7490062246763041
0.7763657851596751
0.776139154334576
0.8160547687764279
0.8334731152735066
0.8151121772883592
0.816220600162206
0.8078786462764668
0.8252155363967647
0.8131194022531418
0.7975938096247615
0.7795989378262064
0.7841265261694622
0.7899511361395359
0.7848034704877087
0.7811144319061604
0.7758892722911348
0.7830927587552141
0.7844256953733237
0.7941907799706023
0.7885817140104702
0.7853326294918178
0.7592196562269324
0.792314199707134
0.807769713180207
0.8127984883811638
0.8086547955466277
0.7820977803568838
0.781649220700216
0.7671105176301634
0.7681572869969002
0.7855024370009334
0.7632105506185041
0.7780286110943442
0.7695422878058668
0.7576499535635456
0.7283692990603476
0.754314259763851
0.746888559825005
0.744928224928225
0.7683232180836895
0.76589989795542
0.7671816728822589
0.7495639253181731
0.7301243173522873
0.738464451536298
0.7429344226098477
0.7239450882017882
0.7118868458274399
0.7058452101749955
0.7355446673011621
0.7279850660275172
0.721270545807615
0.7294105992311004
0.7327244844239968
0.7160260174521897
0.7161764376274757
0.7146894960570339
0.6893027303868513
0.6869595958108088
0.6790126175324246
0.6921751709148534
0.6911385855798562
0.6930675777455164
0.702919315349736
0.7049034371324621
0.6944958625684999
0.7094091484080826
0.6892021167964285
0.6872736382506621
0.686492360708949
0.6769308968375555
0.6807424428650315
0.6750315992785423
0.6873326747698607
0.6804325959322856
0.675852262628417
0.6739540317225854
0.675852262628417
0.6732461895271397
0.6802185214556349
0.6794569836257186
0.671752403677451
0.6669140842456857
0.6506175726232394
0.6544175352122372
0.6546114556226122
0.6577795861507746
0.657517763601473
0.6600665326772472
0.6650397874303633
0.6482921822627008
0.6479255772730019
0.6358845789335718
0.6432432611037318
0.6467800898025139
0.648554219663143
0.648554219663143
0.6571295844501334
0.6560446747831168
0.6521139721149023
0.6556891311078633
0.6487219853068166
0.6434771399106222
0.6277534579470364
0.623255999362194
0.6235994004740745
0.6208459065050705
0.6235994004740745
0.6392604248623132
0.6341751185533093
0.6290268380476015
0.6115618694212567
0.6041107727359519
0.6049076300282498
0.6210370885086424
0.629979035639413
0.62148070907195
0.6248693834900731
0.6264110885907074
0.6068386797736535
0.604851188941043
0.6218172028881931
0.6075279927857519
0.597663866633399
0.5944713777594692
0.597663866633399
0.6233314378788901
0.6123053366812956
0.6131375520790396
0.5947561437998043
0.5990831490107575
0.5994308483995802
0.6038788202186521
0.5824021468614092
0.5910283730547669
0.5823191345503719
0.5830824220192675
0.5862499372773345
0.5874487019873657
0.5760339517489184
0.5744993238850208
0.5653539531623174
0.5727480541596098
0.5684640707672463
0.5694408783577254
0.56827243490687
0.5547811775267449
0.5557344377479996
0.5540781652067102
0.5356881964837122
0.5381082203195452
0.5355602853766257
0.5461446370771073
0.5456625987247622
0.5388182257285461
0.535086298644209
0.5218807015093451
0.5235419033320584
0.5182851719472547
0.5108046328634189
0.5209863945578231
0.5301803958671059
0.5301803958671059
0.5266131243430974
0.5278023402556596
0.5245532975077126
0.5240791747215712
0.515433031148754
0.5149791629169147
0.5031913310515564
0.503392325186151
0.5061181021929538
0.5074244974426882
0.4835155275901064
0.49364675644561057
0.49576515000779753
0.4967828840044054
0.48523410152890456
0.498463487688452
0.490937006395458
0.5096985702577179
0.5063229125202854
0.5064090056921811
0.5204268533151826
0.5224998990906627
0.5078545615458367
0.5177251470810077
0.501337648027004
0.48254002891355935
0.48999826056705514
0.5052369147557609
0.508755404979793
0.49369381985593375
0.4979608030760075
0.5128716244486151
0.5112590936534219
0.5168081595920204
0.5137906404750591
0.49202103259249064
0.4900432305140392
0.5048815558234448
0.4988376553183081
0.5127058947838031
0.503991043356189
0.5104088662573012
0.5094581115554025
0.5004380585246189
0.5039277159363111
0.524287051706755
0.5225227111606996
0.5227427522283752
0.5023318947514966
0.5041978643874379
0.5121336209450891
0.5030412625349334
0.5003671737727923
0.5306707514583857
0.5363131578220393
0.5295577485492516
0.5196948201009554
0.5159783745327311
0.5029715583705404
0.47886642671181234
0.47416703210027694
0.47166084369328776
0.4903809297537024
0.49798157540627264
0.49074730393397803
0.48152476907984837
0.46526874447161665
0.44676924278771823
0.44302100208754713
0.4250469581804557
0.41612856984616187
0.4207846405207315
0.4136607276929405
0.42136161097962477
0.4185272280497794
0.4307810122628296
0.4283247440828055
0.4385201565704652
0.42295630150674224
0.42295630150674224
0.4018953767647116
0.39433391281952224
0.39873625679261976
0.400813729745839
0.3955166161202843
0.3955166161202843
0.4093152019276367
0.42255836895757976
0.42205446583101697
0.4212106610548951
0.43235722375020225
0.4351353196025728
0.4404595124684786
0.4400172877956081
0.4349403023114474
0.4369794068303786
0.41908521164038454
0.4026786210231561
0.40654142407098914
0.39271271086364207
0.4036603550054129
0.4036603550054129
0.38883971731641226
0.3724795991798938
0.3724795991798938
0.3706114205234378
0.37467919543927125
0.3658772118744746
0.3658772118744746
0.35352677597462534
0.35352677597462534
0.34581565516817314
0.3509718662114341
0.3576584311106871
0.35454697939671803
0.35470191544627905
0.3559850111574249
0.35518379863374655
0.3559850111574249
0.3559850111574249
0.35581023454157784
0.3561635160381242
0.3569669420324528
0.3581413080311759
0.3581413080311759
0.3581413080311759
0.35607347943279033
0.34325515988691463
0.34325515988691463
0.3402719794381802
0.3270169706869952
0.3277986307237707
0.3261599809288516
0.3162403136110858
0.3255305012406203
0.32632377119948347
0.32225950658298125
0.30848407378230946
0.30900007745333435
0.3105309833900681
0.28711457829835546
0.28711457829835546
0.285987492944357
0.28528564213778557
0.285987492944357
0.285987492944357
0.27515883831726073
0.2797366473883696
0.28928353002469026
0.3027345593482061
0.29238994609529884
0.2918623204923638
0.3072810883310979
0.30523186276184944
0.3029589663172203
0.2984052978559126
0.30895878366142265
0.3081289003658274
0.3003429156487731
0.3003429156487731
0.3003429156487731
0.2941794572114339
0.30502425185320764
0.29674079172819084
0.295277921693435
0.3222903901281883
0.3219147950914564
0.3094130085818361
0.3199443114874816
0.3215283876064109
0.3218210423914392
0.31942448347231506
0.31942448347231506
0.3115720143245907
0.31314688037377114
0.3066660197942946
0.3020378608495179
0.30335575993251446
0.30492070415696215
0.31532814274662146
0.31532814274662146
0.3054523155456666
0.30292516501036737
0.2911664803054917
0.29191314695686665
0.2976926870203912
0.29560786007341827
0.29817119931371233
0.2927312717883627
0.28784740577688034
0.28378658557655756
0.28132104875130787
0.27939395570386716
0.28512803898540745
0.2977094420736241
0.28596290809131963
0.2958425215239447
0.2878218082769528
0.28939587644265197
0.28586424389405196
0.2754813956855364
0.2739237642800588
0.27751981334885706
0.2660589085983122
0.2754009152790063
0.2688003591710409
0.24732962168277076
0.2620299705567844
0.2620299705567844
0.2567961022282785
0.25192137625750594
0.2581361092016105
0.2546050996570406
0.24583659410717934
0.2575748338718527
0.24524338640445675
0.24323749316150994
0.2506180516585018
0.24323749316150994
0.2525522129231697
0.2545575374949025
0.2525522129231697
0.2530448401173841
0.24197693574958815
0.24159606449849685
0.24355971896955503
0.24870944425363073
0.25190922134625177
0.24196803130118663
0.2474185391377792
0.2474185391377792
0.2352248537139684
0.24679276934823052
0.254196411344781
0.25255508095332524
0.252046084109796
0.25450040530413104
0.2616887099564376
0.24410089503661514
0.23606873293720892
0.23255391357793753
0.23255391357793753
0.23810651930779528
0.2400369920021921
0.23102568347500443
0.22508805817520736
0.2203873598369011
0.22116136047025245
0.22237282109964338
0.2193449472655592
0.2194479139898045
0.21731778324006765
0.20796393013149536
0.20446165404843092
0.19959688176186383
0.20241824677109096
0.20241824677109096
0.20162016201620162
0.19482140453494207
0.20425112967965062
0.2062380287121265
0.1955906124284447
0.20519060192001168
0.20530497988196628
0.20575722415603073
0.19927399228616804
0.20686922060766183
0.2048910074043371
0.20556569108615771
0.2016135228582405
0.19768718249814923
0.20049264523829174
0.18991097922848665
0.20096076861489193
0.19708066779080693
0.19322555812163203
0.1873450019852764
0.19712733076099473
0.20008306371120624
0.197172034564022
0.1904110737713906
0.18852517082155346
0.19524032991122225
0.197172034564022
0.200782152697538
0.19553605494086226
0.19160232310573905
0.19354033243128335
0.19548465594159795
0.1995198278003146
0.20034356437692738
0.1905116741182315
0.18857630948116716
0.19425950158899066
0.19222790861260847
0.18760584799364047
0.19229942370507014
0.19229942370507014
0.19095882278105253
0.17833176196550385
0.17907374929813738
0.17329332333083272
0.17403142234014474
0.17782732910598564
0.18243645328572644
0.19026157400804405
0.18312663556718625
0.18737095664143152
0.17540448879960252
0.18656296039518155
0.19271455001193602
0.18353471501817287
0.18674873441716286
0.1814890145504124
0.17626723809666028
0.18104862572946084
0.1674743332867372
0.17160514994700418
0.17678255745433116
0.16948342461352828
0.16276993081384966
0.1548511510184404
0.16531962384870144
0.15678842177808408
0.16684045881126172
0.17238058702409007
0.1662941511051295
0.1673704414587332
0.16101770233257115
0.1510791967603223
0.15808611961335411
0.1645101663585952
0.16332963029942904
