1.0
0.8563167259786477
0.8563167259786477
0.8198782556631075
0.8381962864721485
0.7986862442040186
0.8143537878051152
0.8796366389099167
0.917098445595855
0.830546989125142
0.8894249474749046
0.8412895226286423
0.8531235819089397
0.8523725834797891
0.8457482763282412
0.829677006715702
0.8237888087718253
0.8884853300039726
0.8275019437965123
0.8049942500410712
0.8641382130443672
0.8772635814889336
0.840332147093713
0.8458525546174602
0.863733083666695
0.8233890214797136
0.8261117662723019
0.8523030768667911
0.8838432784161706
0.7537993920972644
0.7873462214411248
0.8096072202594781
0.8322379182156134
0.7643813604713444
0.7896481579145634
0.8613420899316774
0.7735784229513829
0.7114836105138443
0.7297115207937772
0.7771776932204083
0.7330532530941297
0.6940202254332019
0.6899883214778639
0.6442607771185569
0.6754666218261308
0.6974261911041469
0.6476250591762663
0.8662777653129908
0.7396599815728692
0.7787517040170211
0.8820640084350208
0.8849317586507973
0.9400607415047848
0.9236274230017781
0.9017212174198131
0.8426929257138148
0.8513569163612403
0.7875852525452209
0.8500459617874687
0.8060985376560971
0.8309717577468055
0.8084720149785681
0.7758733237592554
0.9203350820080038
0.817095166763474
0.7865216077364763
0.9070711559047484
0.8160031356738899
0.820670603924557
0.8402060861007661
0.8502406792836428
0.8025550980867038
0.8128465471304097
0.752249106519328
0.8379014835823035
0.8065688447278037
0.9056440255660275
0.9220966782771217
0.8408566394520683
0.9161895768163844
0.9063282087951376
0.8262547702308574
0.8991840337194013
0.9345238095238095
0.9164409506547462
0.8764688634774568
0.8278936742934051
0.8041627700645038
0.82920559456023
0.7925911843784796
0.8296201663914249
0.8026420499761261
0.9009463722397476
0.7533052039381153
0.820632119364672
0.8375065101558431
0.7883824537354353
0.8171561604584527
0.7675438596491229
0.889071170084439
0.8506565768973959
0.9280314670272264
0.9388631406761178
0.9398729901364681
0.8998548621190131
0.8777648428405123
0.8073713490959666
0.8229239115315065
0.9006442861987114
0.8405625211792612
0.8359974129169362
0.8294998531858667
0.8721843897328444
0.838959991937922
0.8225139549307422
0.7036673857619141
0.77992122007878
0.8384615384615385
0.8177895784931961
0.863235857489465
0.7573876334740501
0.8192389006342494
0.807604766367653
0.886320959121768
0.8750902527075812
0.7997755016135821
0.7476688330036734
0.9026856763925729
0.7137873290538654
0.8133086876155268
0.8400066733400067
0.892991575551174
0.7860783969063104
0.8104562737642586
0.7522204096429219
0.695775145837016
0.8182707355242567
0.7525951557093425
0.7730263157894737
0.7952509893772131
0.737527114967462
0.8063671166633085
0.8385462555066079
0.7983310152990264
0.8494729100269673
