1.0
0.8778503372229954
0.8183482287067945
0.7706789505307431
0.8296252927400468
0.8368696338695352
0.8021841172526104
0.8531571218795888
0.8783289817232376
0.8191808191808192
0.8387988633745488
0.7770208900999092
0.8427973699940227
0.8331500291130233
0.8258419604245839
0.8590552194619642
0.814048382395803
0.8792358027576537
0.9103800340328985
0.8964468108225578
0.8490872210953346
0.8644018300399104
0.868745099847807
0.8101340071289987
0.8246019517205958
0.822844670789378
0.8335830960587441
0.8471733646022102
0.877369604798115
0.7731120113295787
0.7442415862740785
0.762
0.8272015831609247
0.7901665344964314
0.7790186841687398
0.8216473616473616
0.7092183052331946
0.7079216894770235
0.7773591935584029
0.815271036423706
0.7638695660460064
0.6547006004721979
0.6096192801121904
0.6242609001524263
0.642860709352063
0.6173607313071333
0.6039047035871438
0.7121622910393874
0.7034213248534539
0.8883810749919536
0.848289817232376
0.9513587354246963
0.9293881370244426
0.91225737835682
0.8323477497781191
0.8184637547770064
0.8223409150013002
0.7994156318480643
0.7938644952228856
0.8295819935691319
0.8525475510002957
0.835650081045238
0.8106210769739015
0.9361207257655592
0.8799713847302285
0.8727845006722894
0.7727165771206714
0.8219086916012246
0.9174334695124279
0.8231248257272981
0.901133059260002
0.8753197555212747
0.8901767954685433
0.7595549155106143
0.8859614049117195
0.8459774226467897
0.7985532094792963
0.8017818474293139
0.8274398868458275
0.8788881535407015
0.8381853287632276
0.890111784821403
0.8943454289011412
0.8908783976024734
0.9295214644680808
0.915029765222626
0.8973570989551322
0.8741823778376299
0.8375017009116886
0.8243616668508899
0.8116740777854324
0.8232795784767684
0.8549909833457091
0.7924036854177195
0.8947368421052632
0.8299435028248587
0.8140969162995595
0.8336716741101637
0.7661550367599639
0.8317040156414498
0.8438010231849352
0.95625
0.9405815423514539
0.9583623450772872
0.9448195745298773
0.868814984145712
0.8412521739130435
0.8229239115315065
0.8503821759635714
0.843781768891901
0.8740056688305751
0.8001601922306768
0.8468869781415104
0.7866854668143821
0.7747188832880961
0.7480704531961211
0.7028733817492896
0.8162436548223351
0.7805966898954704
0.881272174353776
0.8110324263883713
0.8692565304755526
0.8456798392498326
0.886320959121768
0.888182606183184
0.8154231625835189
0.7762400657714442
0.9059034572733203
0.7664804469273743
0.8431928011998
0.7839973104723483
0.8803296309566464
0.7449450159631075
0.8428951367781155
0.7614213197969543
0.7175358767938397
0.8339201877934272
0.7170364936732074
0.7453103848385225
0.8301729526984788
0.716365754222481
0.7924528301886793
0.8007933010136624
0.7983310152990264
0.8743866535819431
