1,1905,861,79,293
2,1901,867,90,278
3,1908,877,82,275
4,1911,864,79,283
5,1914,855,83,297
6,1915,857,84,299
7,1916,860,84,291
8,1916,853,93,303
9,1925,854,82,305
10,1928,850,85,317
11,1928,851,87,313
12,1928,849,91,322
13,1930,855,94,321
14,1933,853,92,322
15,1937,855,94,323
16,1943,853,89,326
17,1946,847,96,337
18,1948,851,99,325
19,1948,853,102,328
20,1953,848,107,335
21,1957,847,108,334
22,1960,846,111,336
23,1955,841,128,336
24,1959,844,131,351
25,1964,834,127,353
26,1964,842,133,354
27,1967,832,136,356
28,1972,837,134,374
29,1968,837,143,373
30,1974,837,137,373
31,1982,833,129,373
32,1987,838,127,374
33,1992,837,125,362
34,1997,837,124,378
35,2006,835,116,382
36,2002,831,125,390
37,2011,828,118,409
38,2012,823,116,423
39,2019,821,113,430
40,2022,816,110,439
41,2027,813,110,446
42,2029,812,111,450
43,2036,812,109,448
44,2031,809,124,450
45,2036,802,127,463
46,2033,804,133,458
47,2045,810,124,457
48,2041,805,135,461
49,2053,808,135,463
50,2054,803,141,463
51,2054,804,148,471
52,2067,803,140,468
53,2067,798,142,486
54,2075,805,141,479
55,2077,797,147,493
56,2084,787,145,501
57,2092,791,144,503
58,2090,780,154,514
59,2097,783,156,512
60,2099,798,167,493
61,2107,795,169,506
62,2112,793,167,508
63,2121,779,160,512
64,2128,788,162,519
65,2128,792,164,512
66,2132,801,169,514
67,2134,792,182,538
68,2149,764,162,584
69,2149,751,166,616
70,2165,729,153,647
71,2165,727,168,651
72,2165,720,178,665
73,2170,706,179,687
74,2173,721,182,676
75,2184,707,176,688
76,2192,711,172,687
77,2195,697,177,704
78,2203,705,174,696
79,2210,702,174,691
80,2215,713,179,696
81,2224,698,182,692
82,2231,706,176,693
83,2230,697,192,700
84,2233,681,206,707
85,2223,703,243,700
86,2240,694,222,735
87,2245,680,236,730
88,2252,667,236,752
89,2261,709,237,718
90,2260,681,253,763
91,2279,666,254,784
92,2278,678,275,788
93,2290,694,288,790
94,2309,682,281,786
95,2316,666,285,821
96,2334,655,273,812
97,2327,654,300,827
98,2346,635,297,866
99,2368,628,280,868
100,2381,630,271,863
101,2401,610,267,888
102,2405,598,281,892
103,2428,608,279,913
104,2436,609,287,950
105,2438,590,312,984
106,2461,546,319,1036
107,2470,527,357,1085
108,2481,516,361,1091
109,2500,547,365,1084
110,2518,525,371,1083
111,2525,535,361,1094
112,2524,543,409,1112
113,2547,499,409,1115
114,2555,551,414,1083
115,2571,530,400,1113
116,2562,509,454,1136
117,2617,495,407,1126
118,2624,526,422,1106
119,2653,520,405,1126
120,2679,497,400,1137
121,2722,488,382,1131
122,2752,472,370,1154
123,2775,479,398,1159
124,2806,462,411,1177
125,2817,452,448,1188
126,2831,467,499,1177
127,2864,489,509,1162
128,2876,500,533,1143
129,2915,509,521,1137
130,2948,509,511,1117
131,2986,487,494,1153
132,3039,482,465,1111
133,3081,488,438,1110
134,3147,500,373,1091
135,3182,497,383,1107
136,3201,502,388,1101
137,3224,501,389,1111
138,3251,506,394,1118
139,3276,467,433,1136
140,3284,478,495,1187
141,3305,456,506,1245
142,3321,475,492,1162
143,3357,482,451,1181
144,3367,473,430,1199
145,3388,493,423,1167
146,3394,491,425,1176
147,3411,470,424,1240
148,3448,467,386,1258
149,3476,484,367,1417
150,3527,460,315,1435
151,3554,440,294,1450
152,3567,441,280,1413
153,3579,424,267,1452
154,3602,458,249,1446
155,3598,394,256,1522
156,3568,368,315,1494
157,3587,435,260,1476
158,3652,321,291,1441
159,3587,416,262,1447
160,3636,465,298,1400
161,3636,465,298,1400
162,3636,465,298,1400
163,3636,465,298,1400
164,3636,465,298,1400
165,3512,439,340,1460
166,3512,439,340,1460
167,3512,439,340,1460
168,3512,439,340,1460
169,3512,439,340,1460
170,3512,439,340,1460
171,3512,439,340,1460
172,3512,439,340,1460
173,3512,439,340,1460
174,3362,461,260,1344
175,3346,441,257,1389
176,3329,439,270,1388
177,3321,395,274,1460
178,3297,375,280,1479
179,3293,420,274,1430
180,3295,444,247,1410
181,3278,476,247,1362
182,3273,494,238,1350
183,3253,496,247,1346
184,3236,556,259,1279
185,3254,607,219,1221
186,3214,479,278,1092
187,3222,657,241,974
188,3222,676,206,821
189,3197,706,224,742
190,3193,803,214,637
191,3178,831,220,552
192,3197,872,165,497
193,3379,855,136,413
194,3385,883,129,376
195,3397,881,112,368
196,3404,884,103,373
197,3395,874,118,376
198,3402,874,110,382
199,3404,881,109,374
200,3400,876,113,381
201,3402,879,118,378
202,3400,882,116,378
203,3395,883,124,371
204,3374,877,143,409
205,3340,868,168,447
206,3359,908,163,438
207,3359,857,171,451
208,3338,896,211,479
209,3340,869,223,586
210,3344,840,231,616
211,3364,851,221,617
212,3379,836,220,625
213,3384,852,214,629
214,3372,850,252,606
215,3395,857,233,601
216,3400,837,237,619
217,3406,866,240,595
218,3417,859,244,589
219,3456,870,208,587
220,3470,889,209,565
221,3483,885,204,563
222,3509,882,186,561
223,3509,883,195,560
224,3544,883,163,525
225,3544,884,175,524
226,3557,881,173,522
227,3563,879,169,506
228,3575,881,157,489
229,3583,877,159,489
230,3592,875,155,485
231,3600,875,156,493
232,3607,883,153,487
233,3618,886,148,481
234,3620,891,147,468
235,3624,897,149,463
236,3630,897,139,466
237,3638,900,140,461
238,3643,903,135,454
239,3647,907,134,445
240,3654,902,126,447
241,3663,905,128,435
242,3664,903,126,430
243,3675,904,118,415
244,3678,904,108,397
245,3676,895,120,388
246,3681,902,110,389
247,3687,899,111,388
248,3684,904,111,380
249,3689,907,114,368
250,3687,908,110,351
251,3696,913,95,338
252,3693,900,81,343
253,3696,887,116,355
254,3696,887,116,355
255,3696,887,116,355
256,3696,887,116,355
257,3696,887,116,355
258,3696,887,116,355
259,3696,887,116,355
260,3696,887,116,355
261,3639,892,159,359
262,3621,905,174,327
263,3645,925,163,302
264,3696,921,114,299
265,3702,916,101,294
266,3704,924,95,301
267,3702,921,100,298
268,3708,923,94,299
269,3709,920,94,297
270,3712,921,91,297
271,3710,923,98,295
272,3715,923,93,298
273,3718,924,89,295
274,3721,922,92,293
275,3719,924,97,293
276,3727,922,88,297
277,3727,924,90,295
278,3732,924,87,295
279,3734,925,90,295
280,3735,925,92,293
281,3736,923,93,293
282,3739,924,91,292
283,3738,922,94,303
284,3742,911,92,310
285,3749,918,87,309
286,3749,915,86,284
287,3745,914,92,300
288,3764,920,75,303
289,3764,920,75,303
290,3764,920,75,303
291,3709,624,109,298
292,3709,624,109,298
293,3709,624,109,298
294,3709,624,109,298
295,3709,624,109,298
296,3709,624,109,298
297,3709,624,109,298
298,3709,624,109,298
299,3721,863,124,326
300,3328,888,130,370
301,3763,924,85,381
302,3777,910,71,344
303,3783,896,66,313
304,3789,922,58,282
305,3791,925,54,268
306,3795,931,51,238
307,3797,929,47,236
308,3799,930,46,230
309,3802,932,42,227
310,3803,932,42,229
311,3804,932,40,228
312,3807,939,37,217
313,3806,940,42,215
314,3809,937,38,219
315,3809,937,38,219
316,3809,937,38,219
317,3809,937,38,219
318,3809,937,38,219
319,3809,937,38,219
320,3809,937,38,219
321,3703,1017,55,197
322,3730,1028,83,199
323,3755,1041,92,189
324,3747,996,96,187
325,3743,932,85,199
326,3744,916,61,219
327,3746,917,63,218
328,3746,919,64,221
329,3750,911,61,231
330,3752,912,62,236
