1.0
0.9118006063708312
0.9513888888888888
0.9583667271270089
0.9712239000366315
0.9712351945854484
0.9781111657648794
0.8745605854078485
0.9959248901318418
1.0
0.9778121205431063
0.9252750294056598
0.8886351423965609
0.9249880227226063
0.9352340255057755
0.9826980078582753
0.8864368956112075
0.8344971433753514
0.8746079632008125
0.8584905660377359
0.8251983850758736
0.8237395578715517
0.7033368815661591
0.683215796897038
0.743325748529975
0.7375801367953858
0.7813793820867575
0.7728655159217709
0.7257527613859888
0.7578307066398072
0.7779013641133263
0.8340476089447109
0.9437370841943871
0.9412610216034154
0.9398592450415867
0.9182959456678329
0.9102577308968046
0.8804889818240309
0.9180037444889578
0.8779388211100785
0.887412709836799
0.8871415356151712
0.9091974910604373
0.8797701355840891
0.7705209155485399
0.8751822398939695
0.8250351805937144
0.8927806966335863
0.8398980867528604
0.8344407701579256
0.7810353056885405
0.7820107563931626
0.8098021451325365
0.8125457396759017
0.756798864885167
0.7978125390370175
0.826569960881489
0.7558206143309953
0.7600989074760931
0.6722580180699039
0.7055299698743032
0.7746116103166556
0.8633287063766015
0.8669373878553216
0.8602679348141274
0.8111464016555815
0.7522168228044687
0.8762898674192002
0.8102961015430367
0.796657058288677
0.845891822102574
0.82092965913632
0.7900111278392354
0.8199664635393236
0.8497539402806411
0.8888737410746238
0.8426085973216161
0.8672607567998936
0.8899346843074862
0.8652769361289541
0.8569989929506546
0.8445632683391758
0.8413387742877466
0.7628879401909121
0.6645277935337492
0.7439651029536801
0.7439266294835594
0.7749687094709777
0.7840087189140988
0.7277179796802132
0.7053348467650398
0.7095389720843356
0.66772510773418
0.7614794353757877
0.7737416139790623
0.8372269911985222
0.745819397993311
0.7109560749743306
0.7525653052537616
0.8036651786667806
0.7988661113041415
0.759723422644771
0.7829578196589675
0.7598732709199931
0.7198889626376932
0.7299214654915848
0.6508233319693147
0.6866010000280192
0.7084717397367954
0.7532068649508451
0.810195277367033
0.7298477443940651
0.7693898109738125
0.7875340567947298
0.8209040736579667
0.7395703708312593
0.8309856380149333
0.7829577764168355
0.8024121019190703
0.7897154119246319
0.8205344649615781
0.8395240825017256
0.8341567763022162
0.7916792807288924
0.731482318893009
0.6703321276345146
0.6400581138613695
0.6403763641489356
0.6264057154423793
0.6295906750923983
0.6444262168118228
0.6666971930949219
0.7613329975863065
0.9254405525359942
0.8439710437821989
0.7840968337396255
0.783856747904446
0.7673901706394481
0.6396307689798647
0.5360634987786072
0.48426362347865787
0.5172531075229229
0.5698432953523126
0.6080855614973262
0.6254663923321749
0.5976125187305549
0.5437230460662033
0.5414377643860051
0.4877630868861306
0.5387253184042303
0.5282893715511523
0.5193036241651017
0.4399942744747694
0.4270314876037347
0.3360262264371853
0.30257127479123175
0.23515318816963565
0.35344120747644786
0.14733499519937987
0.2855901868037943
0.23196268476437532
0.198970506584201
0.18289370672801467
0.0
0.0
0.0
0.0
0.0
0.0
0.0
0.0
0.0
0.0
0.0
0.0
0.0
0.0
0.0
0.0
0.0
0.0
0.0
0.0
0.0
0.0
0.0
0.0
0.0
0.0
0.0
0.0
0.0
0.0
0.0
0.0
0.0
0.0
0.0
0.0
0.0
0.0
0.0
0.0
0.0
0.0
0.0
0.0
0.0
0.0
0.0
0.0
0.0
0.0
0.0
0.0
0.0
0.0
0.0
0.0
0.0
0.0
0.0
0.0
0.0
0.0
0.0
0.0
0.0
0.0
0.0
0.0
0.0
0.0
0.0
0.0
0.0
0.0
0.0
0.0
0.0
0.0
0.0
0.0
0.0
0.0
0.0
0.0
0.0
0.0
0.0
0.0
0.0
0.0
0.0
0.0
0.0
0.0
0.0
0.0
0.0
0.0
0.0
0.0
0.0
0.0
0.0
0.0
0.0
0.0
0.0
0.0
0.0
0.0
0.0
0.0
0.0
0.0
0.0
0.0
0.0
0.0
0.0
0.0
0.0
0.0
0.0
0.0
0.0
0.0
0.0
0.0
0.0
0.0
0.0
0.0
0.0
0.0
0.0
0.0
0.0
0.0
0.0
0.0
0.0
0.0
0.0
0.0
0.0
0.0
0.0
0.0
0.0
0.0
0.0
0.0
0.0
0.0
0.0
0.0
0.0
0.0
0.0
0.0
0.0
0.0
0.0
0.0
0.0
0.0
0.0
