1.0
0.9681079036934325
0.9681079036934325
0.9240141331275636
0.9088609660574413
0.890713476783692
0.8762622215098573
0.8836505534761487
0.8922188616992026
0.891306842085134
0.8813963163269165
0.9116458132820019
0.90719763322823
0.8778108403329692
0.8666274970622797
0.838723434501386
0.8253731343283582
0.7906644853632219
0.8027789299046039
0.7898713772374651
0.8006665063386814
0.7683604605001985
0.7657216580105197
0.7439938497020949
0.721797501398471
0.6891859703447866
0.6283969051174155
0.6088717197282536
0.6166941972611499
0.6145730651392034
0.628632938643703
0.5903730008553877
0.5530547392062696
0.5334134948897008
0.5284650603524025
0.523202540258562
0.516568007076274
0.5250062373834743
0.4980890894565241
0.49177354579608756
0.478477342912964
0.478477342912964
0.4711679208329038
0.4711679208329038
0.4711679208329038
0.4388185654008439
0.44445300759122963
0.42229161662262793
0.42658875091307524
0.42923372658399606
0.42923372658399606
0.43474491622849176
0.4181307484716638
0.42610989504405905
0.4191906908873216
0.40302231345000267
0.38861114915764966
0.38362238696091355
0.3842429354702657
0.4018986783363625
0.3680731750674704
0.3396260177149503
0.32818916699087886
0.3079532195479337
0.2995029324356311
0.29802936327235613
0.29633401221995925
0.28403620020932097
0.2794735092406762
0.2627600338029473
0.24541119602847997
0.23785721022352163
0.23785721022352163
0.23277967264727845
0.22382078505486677
0.22363981851320433
0.22287176802489603
0.21928591509699186
0.21672233164911078
0.21632799516543286
0.2140674513354459
0.2133298124168891
0.20682674919703825
0.20664455410835153
0.20593258426966293
0.1923492055523482
0.18206657321390388
0.16899268263897085
0.16957666688795947
0.16804538957945342
0.1674667051647598
0.15338494481963433
0.1483155087137789
0.1393510565452951
0.12969081039986136
0.12468162918780068
0.12546868604175193
0.12840736128407362
0.12840736128407362
0.1238390092879257
0.12204326653231626
0.12159902720778233
0.11578367505774022
0.11114102218974733
0.10743786532990605
0.09682552977636318
0.09375150185027954
0.08737277033155295
0.08457550226830848
0.07900860833094399
0.07471514417771724
0.07198269839437697
0.0667932790106998
0.06305618559684278
0.06039808943155698
0.0570153078071137
0.05672662594094417
0.05692404427221043
0.05302946607534603
0.04094336771836325
0.05967934806678772
0.060080981136912744
0.055373189285742266
0.053361826660911854
0.05138822749953415
0.04992017683900282
0.054292518648299884
0.04968380969650264
0.053084100573882166
0.054354153523746604
0.05355819430491279
0.05146553682138481
0.04590186737142261
0.040951707279275947
0.0483517845922361
0.05068325300080383
0.04952764201991821
0.05175874750571932
0.045599559781035595
0.037007124248528485
0.016215906850743707
0.02745747721227402
0.02985579089680036
0.03231737633561291
0.060555235931390235
0.06646120230371859
0.0719358501477506
0.0623988906863878
0.08418780141618394
0.08514640624158376
0.08330337288113024
0.09950088856959201
0.10848699424922743
0.115658607115342
0.11983207890962057
0.13097768806159452
0.14856507171330569
0.153699645702349
0.15963429798779108
0.0
0.0
0.0
0.0
0.1952877990293096
0.18829303705574144
0.18619145304498974
0.17420391882539424
0.17129566484569608
0.17815204073090357
0.1913991766205715
0.1907398986618163
0.19125238149517187
0.20751804114458047
0.21011390257694482
0.21900231350286634
0.22638296082925086
0.2595804195804196
0.26898238860998713
0.2666544066939451
0.25845838485790357
0.2571636877803062
0.2527414337091543
0.2541873212062979
0.26298250172271614
0.28055291097747626
0.28055291097747626
0.303735583611801
0.3375282723423998
0.3375282723423998
0.3503593821685273
0.3500205545151418
0.38170191834727
0.3870913238151559
0.39437574114856855
0.38886734883093677
0.43075888855691663
0.42305277541825165
0.44052044609665425
0.44764678828759774
0.4761590224167114
0.5088326907578035
0.5402594969319406
0.5452246006838728
0.5490020851951147
0.564442081863432
0.5637065637065637
0.539047530027574
0.5440014955367575
0.5371889239397126
0.569443395513934
0.6079712862270317
0.5469050894085282
0.5530936839201985
0.6414578587699317
0.6369786202655283
0.5157265209686946
0.4282411524097457
0.2543783986499156
0.0
0.0
0.0
0.0
0.0
0.0
0.0
0.0
0.0
0.0
0.0
0.0
0.0
0.0
0.0
0.0
0.0
0.0
0.0
0.0
0.0
0.0
0.0
0.0
0.0
0.0
0.0
0.0
0.0
0.0
0.0
0.0
0.0
0.0
0.0
0.0
0.0
0.0
0.0
0.0
0.0
0.0
0.0
0.0
0.0
0.0
0.0
0.0
0.0
0.0
0.0
0.0
0.0
0.0
0.0
0.0
0.0
0.0
0.0
0.0
0.0
0.0
0.0
0.0
0.0
0.0
0.0
0.0
0.0
0.0
0.0
0.0
0.0
0.0
0.0
0.0
0.0
0.0
0.0
0.0
0.0
0.0
0.0
0.0
0.0
0.0
0.0
0.0
0.0
0.0
0.0
0.0
0.0
0.0
0.0
0.0
0.0
0.0
0.0
0.0
0.0
0.0
0.0
0.0
0.0
0.0
0.0
0.0
0.0
0.0
0.0
0.0
