1,1905,861,79,293
2,1907,862,79,295
3,1910,861,79,295
4,1914,862,79,295
5,1917,866,78,295
6,1921,865,78,294
7,1921,867,78,295
8,1926,866,79,294
9,1930,866,79,294
10,1933,866,78,294
11,1935,866,79,294
12,1938,867,79,295
13,1941,867,78,294
14,1943,870,79,294
15,1947,870,79,294
16,1950,870,79,294
17,1954,869,78,293
18,1957,870,78,294
19,1961,869,78,293
20,1963,868,79,293
21,1966,866,78,294
22,1969,861,78,293
23,1971,867,78,292
24,1973,863,78,293
25,1975,864,78,293
26,1979,863,78,292
27,1986,864,78,292
28,1989,864,77,292
29,1991,864,78,292
30,1995,866,78,291
31,1999,867,77,291
32,2003,867,77,291
33,2006,867,78,292
34,2010,866,78,291
35,2012,868,77,292
36,2018,872,78,291
37,2022,873,77,291
38,2025,868,78,292
39,2028,866,78,291
40,2035,867,77,291
41,2039,870,77,291
42,2043,868,77,291
43,2046,866,77,292
44,2051,867,77,292
45,2055,868,77,292
46,2059,868,77,291
47,2063,871,78,291
48,2068,877,77,292
49,2072,876,77,291
50,2077,877,77,291
51,2081,882,77,291
52,2085,880,78,291
53,2091,882,77,291
54,2095,887,77,291
55,2103,885,76,290
56,2107,885,77,291
57,2115,885,77,290
58,2122,886,76,290
59,2129,885,77,291
60,2134,883,77,291
61,2138,882,77,291
62,2148,887,77,291
63,2152,883,77,291
64,2158,884,77,290
65,2164,885,77,291
66,2168,892,77,291
67,2176,891,77,290
68,2180,901,78,291
69,2187,899,77,290
70,2190,905,77,290
71,2200,907,77,288
72,2205,910,77,290
73,2213,910,77,290
74,2220,911,78,291
75,2231,913,77,289
76,2239,911,78,291
77,2245,910,78,290
78,2254,917,77,289
79,2261,916,77,291
80,2267,917,78,289
81,2273,920,77,290
82,2284,922,77,289
83,2294,920,78,290
84,2301,924,78,290
85,2308,929,78,289
86,2320,928,78,290
87,2327,934,78,290
88,2341,945,78,289
89,2345,946,78,290
90,2357,951,79,290
91,2368,955,79,289
92,2382,957,79,290
93,2394,961,78,289
94,2408,964,79,289
95,2427,961,79,289
96,2445,965,78,289
97,2460,962,78,290
98,2481,966,79,289
99,2500,966,79,289
100,2512,961,79,290
101,2529,964,78,288
102,2541,965,79,289
103,2559,967,78,289
104,2577,978,79,288
105,2589,985,80,289
106,2607,993,79,288
107,2622,999,80,288
108,2642,1013,80,288
109,2660,1019,80,289
110,2682,1031,81,288
111,2701,1033,81,288
112,2726,1038,81,288
113,2763,1038,80,286
114,2796,1035,79,285
115,2829,1017,77,284
116,2866,1004,75,283
117,2893,991,75,281
118,2915,1018,76,280
119,2947,1023,74,279
120,2984,1022,73,275
121,2974,1034,76,279
122,2995,1040,76,279
123,3026,1039,75,278
124,3070,1042,73,273
125,3104,1039,72,271
126,3129,1028,71,270
127,3118,1035,74,275
128,3156,1034,71,273
129,3153,1026,73,277
130,3185,1014,72,274
131,3228,1029,71,270
132,3272,1035,68,265
133,3319,1045,65,259
134,3378,1052,63,255
135,3401,1050,65,259
136,3439,1030,64,258
137,3491,1046,64,255
138,3514,1068,66,258
139,3571,1066,64,255
140,3601,1100,67,255
141,3648,1102,65,254
142,3662,1098,68,259
143,3680,1092,70,264
144,3695,1101,71,264
145,3689,1091,73,269
146,3707,1092,73,269
147,3718,1090,74,271
148,3748,1085,72,269
149,3736,1094,76,274
150,3759,1081,74,273
151,3771,1076,76,275
152,3777,1071,76,276
153,3784,1067,76,278
154,3792,1062,78,280
155,3805,1052,77,280
156,3815,1048,78,281
157,3821,1043,79,283
158,3827,1035,79,284
159,3833,1031,79,285
160,3841,1032,80,286
161,3846,1034,81,287
162,3855,1032,81,288
163,3862,1023,81,289
164,3868,1020,81,289
165,3878,1020,81,290
166,3883,1014,81,289
167,3891,1009,80,288
168,60,1007,81,290
169,69,1004,80,288
170,78,1002,80,290
171,86,1002,80,289
172,98,1000,80,289
173,113,996,79,288
174,125,995,80,288
175,135,993,80,290
176,140,988,80,290
177,147,984,79,289
178,153,976,79,289
179,161,969,79,289
180,168,966,79,289
181,173,965,79,290
182,182,965,78,289
183,187,968,79,290
184,190,970,79,290
185,195,966,79,290
186,199,966,79,290
187,203,965,79,291
188,207,964,79,290
189,213,966,79,290
190,218,959,78,289
191,223,954,79,290
192,227,954,79,290
193,234,952,78,289
194,237,949,79,290
195,242,947,79,291
196,244,947,78,291
197,249,944,78,289
198,253,941,78,290
199,254,942,79,291
200,260,943,78,291
201,261,943,79,291
202,267,943,78,291
203,269,945,79,290
204,273,943,78,290
205,276,942,79,291
206,279,943,78,291
207,283,942,78,291
208,284,942,79,290
209,288,940,78,290
210,294,936,77,289
211,299,934,78,290
212,299,941,79,290
213,299,937,79,291
214,300,921,78,288
215,293,916,78,290
216,296,913,78,291
217,296,908,78,291
218,292,909,78,291
219,288,913,78,291
220,287,917,78,291
221,284,919,79,292
222,279,927,79,293
223,279,931,79,293
224,308,947,78,291
225,299,946,79,292
226,286,947,79,293
227,287,950,80,292
228,278,949,79,292
229,274,952,79,293
230,265,948,80,294
231,254,947,81,294
232,243,947,81,294
233,227,950,81,294
234,219,955,81,294
235,211,960,80,294
236,202,970,81,294
237,185,980,82,294
238,177,987,82,293
239,155,992,81,292
240,139,987,81,291
241,120,989,80,290
242,100,993,80,288
243,79,997,79,288
244,57,999,79,288
245,33,1001,80,288
246,21,1003,80,288
247,-1,1003,80,288
248,-21,1009,79,288
249,-38,1005,80,289
250,-41,1017,80,289
251,-64,1026,81,289
252,-90,1035,81,288
253,-117,1043,81,288
254,-150,1051,81,286
255,-184,1055,80,285
256,3624,1060,80,283
257,3591,1062,78,281
258,3557,1066,78,280
259,3540,1105,80,278
260,3508,1100,79,278
261,3477,1093,78,277
262,3455,1089,77,276
263,3431,1092,76,276
264,3409,1092,77,275
265,3386,1068,75,274
266,3359,1072,74,273
267,3334,1070,73,272
268,3316,1078,74,271
269,3288,1079,73,271
270,3266,1077,73,269
271,3227,1060,69,265
272,3219,1057,71,268
273,3219,1034,71,270
274,3198,1015,70,269
275,3199,1025,72,274
276,3182,1053,74,276
277,3141,1038,71,270
278,3126,1061,73,272
279,3115,1035,72,273
280,3125,1028,74,277
281,3090,1051,74,276
282,3047,1071,73,272
283,3034,1080,75,273
284,2995,1104,74,268
285,2952,1116,72,264
286,2943,1115,73,266
287,2934,1112,74,269
288,2941,1112,77,273
289,2944,1126,79,277
290,2890,1139,78,271
291,2858,1175,79,266
292,2840,1211,82,264
293,2785,1222,79,256
294,2793,1231,84,263
295,2804,1227,87,269
296,2807,1216,88,274
297,2820,1227,93,279
298,2835,1225,96,285
299,2852,1231,98,288
300,2882,1238,101,290
301,2858,1259,103,287
302,2863,1259,103,288
303,2867,1252,103,290
304,2869,1251,103,291
305,2872,1253,103,290
306,2874,1254,103,290
307,2870,1223,98,291
308,2870,1220,98,292
309,2853,1215,97,290
310,2871,1215,97,292
311,2873,1203,96,291
312,2875,1202,96,291
313,2868,1201,96,292
314,2885,1221,98,292
315,2872,1200,95,292
316,2888,1221,99,293
317,2892,1203,97,293
318,2889,1206,96,292
319,2888,1201,96,292
320,2886,1200,96,292
321,2879,1193,95,292
322,2879,1192,95,292
323,2882,1176,93,291
324,2883,1191,95,292
325,2879,1188,94,291
326,2880,1191,95,291
327,2883,1188,95,292
328,2885,1187,94,292
329,2892,1191,96,292
330,2896,1191,95,293
