1.0
0.6317848075207576
0.6574593237246741
0.6618714753655489
0.6757307953772943
0.6884323298074315
0.7248917302536605
0.657825802226588
0.6085058618109254
0.6071975267881262
0.6391771512535587
0.6065603262173183
0.5906836698547644
0.7459011164274322
0.6772683629380701
0.5986059401506032
0.6372939169982945
0.6659857290827483
0.6332982669841094
0.6827690076421041
0.5430246550090888
0.5348429437402936
0.7294831984030166
0.6521938541507415
0.6181946850826033
0.5402673256205773
0.7096774193548387
0.5327016550790623
0.5513484513959103
0.555470638051763
0.6737468714063451
0.6096319172022369
0.5445164755073075
0.4934099602965971
0.5203827260063054
0.4866412213740458
0.500417948672346
0.5086194614617466
0.5920378257417166
0.5462775089745591
0.49965727714854585
0.685177151120752
0.587511637185796
0.5852593147961013
0.6077440251263679
0.6844164488530285
0.6432788728874449
0.5318788870242142
0.7237163814180929
0.5498297454017012
0.5455542895725197
0.7564775050314565
0.6410658307210031
0.5636797359333177
0.5604616848463119
0.5475361595354764
0.6910952520067332
0.6868714473108877
0.5935900345462339
0.547732755649648
0.6317652263677923
0.662022728353383
0.634673281840221
0.6144228717729892
0.6416389460900787
0.6364614811441818
0.6276691790340742
0.6451102697679936
0.6776824932022589
0.6230288300990687
0.5776273539876768
0.5392227715454232
0.5771983937612757
0.5488709294033753
0.5228169530075332
0.6339689265536723
0.655793025871766
0.6390456329735035
0.622228972793551
0.6180270668788415
0.7268315229951468
0.6961984415037911
0.6629342109970308
0.7434568865762067
0.7061206346475096
0.5718687510218455
0.6986208822975334
0.5540382364416699
0.5401949283057472
0.6361042069409923
0.5925273410231693
0.47502317837397035
0.63933520316133
0.5268187408627851
0.6426358811888635
0.5290232851816141
0.43218819394140906
0.6064530808341574
0.5953081429558188
0.5252798208513517
0.7007441209261324
0.6183846006878104
0.5311434475004199
0.7379535495526905
0.6143709159531321
0.5693090909090909
0.520085822743027
0.6596136409895824
0.5527113562643412
0.5010720218974916
0.48923031612016493
0.625278316084608
0.5479316265817284
0.6681291758378518
0.5655290453186517
0.6980969954784274
0.5623064572839841
0.6571992759585322
0.8113663388762009
0.6389881603842078
0.7051957276296922
0.7351904929138675
0.6216701859822952
0.7020540381359052
0.5572406529752502
0.6224592542679168
0.5394474863115978
0.5888102122412445
0.5059492574323471
0.5686990614552143
0.5170969757349588
0.6343653327088751
0.5271507189372084
0.6334487587976525
0.5301895387296746
0.6681404690243009
0.6509554915131264
0.5650331217104413
0.6901994547280815
0.7094883736506091
0.6641169515311219
0.5762590025328779
0.7266774991779612
0.7142956322115719
0.5993072778585479
0.515100061389875
0.47514200659421274
0.4469933647513106
0.4516238243478692
0.42199664722882146
0.5132237410367851
0.49998357347350636
0.4755951762765164
0.4631396698605072
0.41304778513443774
0.4442701474762207
0.4165161233899157
0.4169317361487096
0.36218820421167147
0.3495308957932301
0.38011558520885214
0.37985816631027025
0.3994271103677644
0.0
0.0
0.0
0.0
0.0
0.0
0.0
0.0
0.0
0.0
0.0
0.0
0.0
0.0
0.5589348967875901
0.5891308576065888
0.6215062910772355
0.641358029040235
0.6396001114771436
0.6273857317675348
0.6093302742270293
0.5920164959544568
0.6242402186621654
0.5734475746062775
0.5629355164442664
0.5991670458124803
0.6054636633142161
0.6204019792106171
0.6216112247170538
0.6256667120746927
0.6462540716612378
0.6558997066598258
0.6386792894971177
0.6313505051942507
0.5968318488851695
0.6877321976414544
0.6442284901635459
0.628202720467899
0.5824289687517042
0.6158299795241121
0.5796761762337513
0.6046657899250958
0.6017960602549247
0.6137640449438202
0.6064054174067496
0.476916285514586
0.5035464510688954
0.45086890842264277
0.39983437832722113
0.3324712134632418
0.29300085009917826
0.27441788523088273
0.22432868847556964
0.2106260735651247
0.13166009322337754
0.0
0.0
0.0
0.0
0.0
0.0
0.0
0.0
0.0
0.0
0.07519791645135286
0.06422427154370738
0.042066434241875096
0.04249355502880772
0.09657885202629264
0.050803711447987454
0.0
0.0
0.0
0.0
0.0
0.0
0.0
0.0
0.0
0.0
0.0
0.0
0.0
0.0
0.0
0.0
0.0
0.0
0.0
0.0
0.0
0.0
0.0
0.0
0.0
0.0
0.0
0.0
0.0
0.0
0.0
0.0
0.0
0.0
0.0
0.0
0.0
0.0
0.0
0.0
0.0
0.0
0.0
0.0
0.0
0.0
0.0
0.0
0.0
0.0
0.0
0.0
0.0
0.0
0.0
0.0
0.0
0.0
0.0
0.0
0.0
0.0
0.0
0.0
0.0
0.0
0.0
0.0
0.0
0.0
0.0
0.0
0.0
0.0
0.0
0.0
0.0
0.0
0.0
0.0
0.0
0.0
0.0
0.0
0.0
0.0
0.0
0.0
0.0
0.0
0.0
0.0
0.0
0.0
0.006757974409803569
0.0
