1.0
0.6317848075207576
0.6574593237246741
0.6618714753655489
0.6757307953772943
0.6884323298074315
0.7248917302536605
0.657825802226588
0.6085058618109254
0.6071975267881262
0.6391771512535587
0.6065603262173183
0.5906836698547644
0.7459011164274322
0.6772683629380701
0.5986059401506032
0.6372939169982945
0.6659857290827483
0.6332982669841094
0.6827690076421041
0.5430246550090888
0.5348429437402936
0.7294831984030166
0.6521938541507415
0.6181946850826033
0.5402673256205773
0.7096774193548387
0.5327016550790623
0.5513484513959103
0.555470638051763
0.6737468714063451
0.6096319172022369
0.5445164755073075
0.4934099602965971
0.5203827260063054
0.4866412213740458
0.500417948672346
0.5086194614617466
0.5920378257417166
0.5462775089745591
0.49965727714854585
0.685177151120752
0.587511637185796
0.5852593147961013
0.6077440251263679
0.6844164488530285
0.6432788728874449
0.5318788870242142
0.7237163814180929
0.5498297454017012
0.5455542895725197
0.7564775050314565
0.6410658307210031
0.5636797359333177
0.5604616848463119
0.5475361595354764
0.6910952520067332
0.6868714473108877
0.5935900345462339
0.547732755649648
0.6317652263677923
0.662022728353383
0.634673281840221
0.6144228717729892
0.6416389460900787
0.6364614811441818
0.6276691790340742
0.6451102697679936
0.6776824932022589
0.6230288300990687
0.5776273539876768
0.5392227715454232
0.5771983937612757
0.5488709294033753
0.5228169530075332
0.6339689265536723
0.655793025871766
0.6390456329735035
0.622228972793551
0.6180270668788415
0.7268315229951468
0.6961984415037911
0.6629342109970308
0.7434568865762067
0.7061206346475096
0.5718687510218455
0.6986208822975334
0.5540382364416699
0.5401949283057472
0.6361042069409923
0.5925273410231693
0.47502317837397035
0.63933520316133
0.5268187408627851
0.6426358811888635
0.5290232851816141
0.43218819394140906
0.6064530808341574
0.5953081429558188
0.5252798208513517
0.7007441209261324
0.6183846006878104
0.5311434475004199
0.7379535495526905
0.6143709159531321
0.5693090909090909
0.520085822743027
0.6596136409895824
0.5527113562643412
0.5010720218974916
0.48923031612016493
0.625278316084608
0.5479316265817284
0.6681291758378518
0.5655290453186517
0.6980969954784274
0.5623064572839841
0.6571992759585322
0.8113663388762009
0.6389881603842078
0.7051957276296922
0.7351904929138675
0.6100514622616797
0.6591507553880792
0.631041662972966
0.5267981227489359
0.5916942984998053
0.4906691829724559
0.5732406833838317
0.47330397874347685
0.5506483099250846
0.6198907287620439
0.6701267263228676
0.5778505632603824
0.623331067758912
0.6710485443012331
0.5685698777209336
0.6611897939753643
0.7195562825936042
0.608933365442075
0.7073094610410336
0.5770805632116094
0.6819672736163715
0.5802752293577982
0.6441231757897955
0.5044672607052646
0.5621139499543272
0.4233645688610364
0.46686645439220825
0.3822683988245307
0.4557619077069878
0.45216611309541743
0.30152120336534377
0.32412147605920916
0.1698283573273025
0.20052169799735284
0.09469595383723646
0.12881771082983393
0.0282265298625409
0.06999409264660925
0.0
0.0
0.0
0.0
0.0
0.0
0.0
0.0
0.0
0.0
0.0
0.0
0.0
0.0
0.0
0.0
0.0
0.0
0.0
0.0
0.0
0.0
0.0
0.0
0.0
0.0
0.0
0.0
0.0
0.0
0.0
0.0
0.0
0.0
0.0
0.0
0.0
0.0
0.0
0.0
0.0
0.0
0.0
0.0
0.0
0.0
0.0
0.0
0.0
0.0
0.0
0.0
0.0
0.0
0.0
0.0
0.0
0.0
0.0
0.0
0.0
0.0
0.0
0.0
0.0
0.0
0.0
0.0
0.0
0.0
0.0
0.0
0.0
0.0
0.0
0.0
0.0
0.0
0.0
0.0
0.0
0.0
0.0
0.0
0.0
0.0
0.0
0.0
0.0
0.0
0.0
0.0
0.0
0.0
0.0
0.0
0.0
0.0
0.0
0.0
0.0
0.0
0.0
0.0
0.0
0.0
0.0
0.0
0.0
0.0
0.0
0.0
0.0
0.0
0.0
0.0
0.0
0.0
0.0
0.0
0.0
0.0
0.0
0.0
0.0
0.0
0.0
0.0
0.0
0.0
0.0
0.0
0.0
0.0
0.0
0.0
0.0
0.0
0.0
0.0
0.0
0.0
0.0
0.0
0.0
0.0
0.0
0.0
0.0
0.0
0.0
0.0
0.0
0.0
0.0
0.0
0.0
0.0
0.0
0.0
0.0
0.0
0.0
0.0
0.0
0.0
0.0
0.0
0.0
0.0
