1.0
0.9635399403380842
0.8928571428571429
0.984488107549121
0.8375474083438685
0.9322033898305084
0.9289980092899801
0.8974514563106796
0.9332119004250152
0.9499545040946314
0.9523809523809523
0.9156626506024096
0.8821292775665399
0.96875
0.8449067819508241
0.8785942492012779
0.9715004191114837
0.8726045883940621
0.8953635672662782
0.9372628383506197
0.8445697474871292
1.0
0.9231145935357493
0.9180288461538462
0.9696092619392185
0.9229675278502014
0.941974730931212
0.941974730931212
1.0
0.943359375
0.8916349809885932
0.9104477611940298
0.9446985446985448
0.9837433155080214
1.0
0.9377147766323024
0.9121830550401979
0.9014778325123153
0.8922134102379236
0.9097787024777757
0.879560685033507
0.9820310922673128
0.9436997319034852
0.9129649693029974
0.9367044463818658
0.8657180242067386
0.9285714285714286
0.9242761692650334
0.9655629139072848
0.9551401869158879
0.926039588767838
0.9035769828926905
0.9230262073512444
0.8795034816833182
0.9885057471264368
0.9688073394495413
0.9631763879128602
0.926464239458915
0.9295415959252971
0.8490895485158394
0.870794734275963
0.9599183048251213
0.905941197999268
0.8098981399468557
0.8887841658812441
0.8202764976958525
0.9000382995021065
0.8062382894301775
0.7691892475439922
0.782967032967033
0.8372524752475248
0.8242640499553969
0.7958164515217186
0.8276458276458276
0.8888888888888888
0.8475689881734559
0.8138050515181909
0.7692994996426019
0.8142726440988106
0.7977659219739913
0.7139303482587065
0.7328788348311125
0.8235010835540573
0.7048685276570671
0.87524106215695
0.8442896737971715
0.7654942513096129
0.783841351450606
0.7321777837728468
0.7033930613800992
0.7315688814855944
0.7060968938058476
0.7081424039478322
0.8039588884659307
0.786092481468408
0.7403945437747949
0.7839692561076036
0.7245991934690665
0.7013390258102077
0.705873693508023
0.6989022952009435
0.6980652389365277
0.7011161823851055
0.7169786448721329
0.6272991287512101
0.6495425756509501
0.7084947069455203
0.6289812275891162
0.6223578121595119
0.6023451440224318
0.6119970857281632
0.5684136475553992
0.551484933882506
0.5782915478156433
0.5652173913043478
0.6141948184342813
0.5473594548551959
0.5551601423487544
0.5416471845568098
0.5308848080133556
0.5378277906158947
0.5534311699049194
0.5895335287262968
0.6095954844778928
0.5999334393373517
0.6053359240714445
0.570851565129586
0.5771387974872869
0.6662538452319124
0.6700430488731325
0.7050174249295842
0.6729565294065779
0.6930674081887046
0.7127488437562839
0.7032738095238096
0.7609165585819282
0.8332941010310249
0.7414212375033775
0.8135900655783452
0.8120759837177748
0.8132780082987552
0.7566128093810142
0.8250361097737121
0.7961964235026966
0.7728318542517726
0.7690694126620901
0.7303538175046554
0.7678435742870169
0.8581058308055275
0.8667801784875528
0.7898563575101969
0.8268365378995968
0.7251724331295912
0.7313746065057712
0.733047409296395
0.7481034585747566
0.7721726461482425
0.7211747643219725
0.8232558139534883
0.7808584377499334
0.6942053930005737
0.7842900302114804
0.860604661897069
0.7754569190600522
0.8553888130968622
0.9064171122994652
0.9045398773006135
0.8130506196804539
0.7528628279054658
0.8168990840828452
0.7442792202789121
0.8320172886709334
0.8071337579617834
0.8957557029900937
0.7990381947655599
0.8377775623000097
0.8448328733517326
0.780748157944455
0.88358964376095
0.8355993772703685
0.88429575964202
0.8221890971039182
0.7921250723798494
0.7887679083094555
0.8404218333526481
0.8613569321533924
0.8613569321533924
0.775367231638418
0.8379641013031719
0.782201997219062
0.8080438756855576
0.8082810905379793
0.8082810905379793
0.9194395796847635
0.9115401885945218
0.9317803660565723
0.7686226816661599
0.8765640852215083
0.8494183188595773
0.8963956120494515
0.7992633517495396
