1.0
0.9635399403380842
0.8928571428571429
0.984488107549121
0.8375474083438685
0.9322033898305084
0.9289980092899801
0.8974514563106796
0.9332119004250152
0.9499545040946314
0.9523809523809523
0.9156626506024096
0.9469387755102041
0.96875
0.8449067819508241
0.8785942492012779
0.9715004191114837
0.8726045883940621
0.8953635672662782
0.9372628383506197
0.8445697474871292
1.0
0.9231145935357493
0.8897580053776583
0.925434362934363
0.899865891819401
0.941974730931212
0.8702879887614142
0.9520624303232998
0.9702970297029703
0.8916349809885932
0.9104477611940298
0.9446985446985448
0.9837433155080214
1.0
0.9377147766323024
0.8837209302325582
0.9014778325123153
0.8922134102379236
0.9097787024777757
0.879560685033507
0.9820310922673128
0.9436997319034852
0.9129649693029974
0.9367044463818658
0.8657180242067386
0.9285714285714286
0.9242761692650334
0.9655629139072848
0.9551401869158879
0.926039588767838
0.9076992345790185
0.9747706422018348
0.9380581964851628
0.997934493951018
0.930467397576457
1.0
0.9472
0.9295415959252971
0.872318428534505
0.8076079005120702
0.9290474323794591
0.8333333333333334
0.7814085171640911
0.9028004520909205
0.801333021515435
0.8834244080145719
0.8523332623055615
0.7395547422994816
0.83808
0.8637815558990212
0.8505052506439469
0.8120573984345881
0.832294819298558
0.8824381761978362
0.8661137440758294
0.8125614223175199
0.7847486082884156
0.7978241160471442
0.7814306955228812
0.7588064983110825
0.7668845315904139
0.8069673109043187
0.7252611218568665
0.8276946107784431
0.8434485828757976
0.7774184476940382
0.7841483979763912
0.7593804246227801
0.7442904548116338
0.7445922426653406
0.7064313490876458
0.7205751819634297
0.8039588884659307
0.7549430796884362
0.7403945437747949
0.7839692561076036
0.7245991934690665
0.7013390258102077
0.7236352818682136
0.6995437655801703
0.6532309082693176
0.6750046151006092
0.6740233843922777
0.6158337128897354
0.6808661069376933
0.7084947069455203
0.6489932332067998
0.7169206094627105
0.7267971719318321
0.6253195422189012
0.6483382766750323
0.6267488986784141
0.6218131346336474
0.6
0.6408201915722767
0.534676319378869
0.49925705794947994
0.5210989160815325
0.44701454234388366
0.4769432555570896
0.5452863164387787
0.5575635876840697
0.54425741440513
0.5474656437376634
0.5486124080230083
0.5367426347971095
0.5316910836552806
0.6142236075793618
0.6599845797995374
0.682209975978522
0.6371617011598817
0.6451306864000759
0.7090212113467927
0.6916104241588256
0.7338129496402878
0.7694606378288346
0.7308641975308642
0.7658218751497149
0.7896722939424031
0.8132780082987552
0.8065116279069767
0.7841011743450768
0.8092923516797713
0.7599106898751481
0.7727094944754083
0.7389351548610461
0.7678435742870169
0.8192771084337349
0.8093502037315033
0.7216881212318722
0.8268365378995968
0.735488238280589
0.7010309278350515
0.7052866554146022
0.7376202351264696
0.8284356382622665
0.7536343754020327
0.8249659104995661
0.8005375973533668
0.7424154589371981
0.8519203121790923
0.8587915818058385
0.7567660629433235
0.8694158075601375
0.8246588017580384
0.8576081898557468
0.8416494517718099
0.7657694510349341
0.8304929753096683
0.7591265210868479
0.8766859344894027
0.8393250183418929
0.8900331004045605
0.8294930875576036
0.8871851040525739
0.8285714285714286
0.9184353817090788
0.9313520301381331
0.8391129470594629
0.9146083274523642
0.8755672319082876
0.8180839612486545
0.7887679083094555
0.8093881736356386
0.8613569321533924
0.8784937888198758
0.8619784833377067
0.8628642452699903
0.7953216374269005
0.8218651284164263
0.813391382675274
0.8156892612338157
0.9187770228536133
0.9387819501420006
0.9164666346615459
0.8294899848510352
0.8765640852215083
0.8531874893180653
0.8963956120494515
0.7986787778695293
