1,1759,1352,59,52
2,1756,1355,58,54
3,1756,1355,58,54
4,1756,1356,58,54
5,1755,1365,57,53
6,1752,1364,59,52
7,1751,1364,58,54
8,1749,1370,60,55
9,1749,1370,58,52
10,1747,1373,60,55
11,1742,1373,62,57
12,1742,1377,62,57
13,1742,1379,64,58
14,1736,1383,63,57
15,1736,1386,65,58
16,1733,1388,68,61
17,1731,1389,68,61
18,1733,1394,64,58
19,1728,1394,68,61
20,1724,1393,70,65
21,1724,1395,68,61
22,1722,1398,69,61
23,1720,1402,71,63
24,1719,1400,72,65
25,1717,1405,70,62
26,1715,1409,70,63
27,1713,1409,72,64
28,1711,1414,71,64
29,1709,1415,73,64
30,1708,1415,72,64
31,1706,1417,72,64
32,1702,1420,75,66
33,1700,1423,75,65
34,1697,1423,76,67
35,1696,1426,77,67
36,1691,1427,78,68
37,1693,1429,76,66
38,1685,1434,79,68
39,1685,1438,81,70
40,1683,1442,79,68
41,1681,1444,83,71
42,1678,1448,82,70
43,1678,1450,82,70
44,1673,1452,85,72
45,1669,1453,85,73
46,1667,1457,84,71
47,1662,1463,88,74
48,1660,1467,88,75
49,1658,1468,89,75
50,1654,1469,91,77
51,1650,1474,94,78
52,1648,1476,91,76
53,1646,1479,91,76
54,1643,1483,95,78
55,1643,1487,90,75
56,1637,1488,95,78
57,1635,1492,95,78
58,1630,1495,98,79
59,1625,1496,101,82
60,1618,1504,100,80
61,1617,1506,102,82
62,1611,1511,102,82
63,1610,1513,102,81
64,1609,1517,102,81
65,1599,1519,106,84
66,1597,1522,104,82
67,1596,1526,105,82
68,1584,1534,110,86
69,1584,1535,109,84
70,1582,1535,113,88
71,1568,1546,114,87
72,1567,1547,116,89
73,1561,1551,116,88
74,1555,1562,114,86
75,1551,1563,116,88
76,1549,1561,118,89
77,1540,1571,122,90
78,1535,1574,127,92
79,1532,1578,123,91
80,1517,1593,130,91
81,1512,1597,124,89
82,1509,1600,127,91
83,1501,1607,128,90
84,1492,1612,136,95
85,1483,1622,131,90
86,1477,1626,131,89
87,1474,1633,126,86
88,1457,1641,130,87
89,1451,1643,136,90
90,1448,1644,136,90
91,1427,1658,136,87
92,1422,1664,136,87
93,1421,1666,134,85
94,1400,1673,139,87
95,1394,1674,140,88
96,1387,1679,139,86
97,1374,1689,144,88
98,1361,1692,154,91
99,1354,1691,158,95
100,1336,1706,157,91
101,1323,1711,160,93
102,1319,1711,162,93
103,1301,1723,156,88
104,1290,1721,165,94
105,1276,1727,166,93
106,1259,1734,160,88
107,1251,1738,157,86
108,1232,1743,159,86
109,1217,1756,159,83
110,1203,1756,162,86
111,1186,1759,169,87
112,1165,1766,172,88
113,1156,1773,170,85
114,1133,1776,175,87
115,1115,1780,173,86
116,1114,1783,171,84
117,1091,1785,173,85
118,1071,1787,176,86
119,1067,1790,177,85
120,1048,1794,168,80
121,1026,1798,166,78
122,1015,1797,175,83
123,988,1798,182,85
124,969,1799,182,85
125,960,1798,183,86
126,945,1803,176,82
127,925,1805,169,78
128,919,1804,164,76
129,896,1802,169,78
130,881,1803,168,78
131,863,1800,162,76
132,851,1802,171,79
133,827,1795,172,83
134,808,1793,164,78
135,801,1789,166,80
136,784,1787,162,78
137,765,1787,159,77
138,761,1784,156,77
139,741,1776,159,79
140,724,1778,154,76
141,716,1776,145,74
142,698,1773,150,76
143,686,1769,142,74
144,674,1767,142,74
145,656,1764,136,72
146,643,1758,144,75
147,640,1752,137,74
148,629,1748,133,72
149,612,1744,133,74
150,605,1736,141,77
151,599,1734,132,75
152,581,1732,136,75
153,575,1729,135,76
154,560,1720,139,78
155,552,1715,139,80
156,545,1716,138,78
157,529,1710,132,76
158,524,1706,135,79
159,517,1702,132,77
160,502,1691,133,80
161,492,1691,137,82
162,488,1690,133,80
163,477,1685,124,76
164,473,1684,118,73
165,468,1679,123,77
166,448,1670,122,77
167,444,1668,120,76
168,439,1666,124,78
169,428,1662,114,75
170,425,1662,113,72
171,424,1658,112,74
172,411,1652,109,72
173,400,1646,112,75
174,399,1645,110,74
175,390,1642,106,70
176,387,1639,109,73
177,374,1632,107,74
178,368,1631,108,72
179,366,1629,108,74
180,360,1622,106,73
181,357,1620,100,70
182,357,1622,97,67
183,344,1613,96,67
184,345,1613,92,64
185,345,1611,89,63
186,332,1606,90,64
187,331,1603,86,62
188,332,1600,85,61
189,323,1593,86,63
190,321,1592,84,61
191,320,1590,83,62
192,311,1582,79,58
193,311,1583,75,55
194,306,1578,78,58
195,297,1570,80,60
196,301,1569,76,57
197,296,1566,75,57
198,289,1561,78,60
199,288,1560,75,57
200,289,1557,72,56
201,280,1552,72,55
