1.0
0.9316584646611646
0.9542038781791061
0.9632593153733251
0.9722959197922194
0.91881936068961
0.9304081507453742
0.9157881132179982
0.9389010163603502
0.9619267035603164
0.9362618593168847
0.9247287386288254
0.9222352573866808
0.9065751244162743
0.9222352573866808
0.9317166921033294
0.9183160583049189
0.9323397807608054
0.9244131540863043
0.8926866736160641
0.9132045443306014
0.8921115756288123
0.9125127161749745
0.9602555777064308
0.9412851387745109
0.9398655566932289
0.9469615718386328
0.9469615718386328
0.9028299412854965
0.9503093087854431
0.9620416953598232
0.9620416953598232
0.9504612095699336
0.9285742246114902
0.9071729957805907
0.9293977997023836
0.9219318902666863
0.9378647427229378
0.9299070181578166
0.9299070181578166
0.9299070181578166
0.9551661782128827
0.9436351560770423
0.9375360671504765
0.9263187176188323
0.9263187176188323
0.9260036368722898
0.9149209881264886
0.9255659470326021
0.9012549694801458
0.9182260367068157
0.9227416146077525
0.912048724141552
0.8912043672802962
0.912048724141552
0.8912043672802962
0.8660531046661469
0.8660531046661469
0.848576003105138
0.7905729950026685
0.8752318284596428
0.8814146160504513
0.8608481116757691
0.8259379479659258
0.802094513285849
0.8493434808062224
0.853726165508212
0.881942568708218
0.8314886118118505
0.8201458530370417
0.829210623473131
0.829210623473131
0.8485524446102675
0.8253373051997103
0.8538325051833142
0.8384175519188439
0.878628343767786
0.8407497339917606
0.815931883135621
0.8248477601979812
0.7706187067109016
0.772636924480768
0.7613919509993752
0.7964814829384967
0.7930156918687589
0.7766331573055307
0.7684343217089784
0.7783056304705162
0.7783056304705162
0.7714127769671626
0.7860345331723885
0.7685320972460703
0.7946657593048212
0.7728516852147412
0.7542259827123042
0.841294712122315
0.8135048352834197
0.7854392719635982
0.77725203708907
0.7617454408369069
0.7840236686390533
0.7901479335061766
0.7820206036508224
0.7644431400900482
0.799175916765419
0.7642181060479885
0.8174682851145386
0.7564733710444392
0.7530923108910014
0.7542701481448815
0.7542701481448815
0.7760445108443665
0.7975517597806886
0.7670991728234791
0.7670991728234791
0.7746026783388047
0.7364728437111215
0.792008250634057
0.7434340347217147
0.737417238598292
0.7721831560100769
0.7780963971924443
0.7523446924982812
0.7557884835912435
0.7143546115708856
0.7930072377971563
0.7903671644043266
0.7865002273946009
0.7619583191072015
0.7619583191072015
0.7456320476112434
0.7249965103835476
0.8057962778803808
0.7874209012464046
0.7738476438650898
0.7358285541805011
0.7661585432889079
0.797283984250023
0.7620898829981032
0.8210920289456574
0.8380976324888743
0.7762095496431876
0.8339168046276363
0.8149288040355022
0.8211384197442272
0.7965514625944935
0.8127758361182683
0.7770807347078533
0.8231419681838711
0.7816345056859305
0.8015803608531964
0.7816345056859305
0.7720424728444055
0.7666453806970908
0.7891346843911682
0.7592849252371227
0.7592849252371227
0.7592849252371227
0.7443195518975501
0.7701843694774879
0.7701843694774879
0.7599941511916947
0.727400644918129
0.7434159112773767
0.7255496016731682
0.761656066571071
0.7285244388340985
0.7415219635882488
0.7246491924808048
0.711212349233353
0.711212349233353
0.711212349233353
0.7286262348628604
0.7088180634808878
0.6929715271368102
0.7303322774777458
0.7590698769383403
0.6798669518464318
0.7154396649755074
0.5862464020358077
0.7116964519507725
0.6399546610890996
0.7381277758797403
0.6679617214504958
0.6542365938272079
0.6904085372986885
0.6426241932020563
0.741326315734402
0.6459965827351472
0.5880379887255265
0.7246785346933805
0.6436506352690747
0.5193383754534834
0.6436506352690747
0.7254731509259236
0.6342715996296124
0.6551547463843473
0.6088504462314449
0.6362851027952526
0.5804909323141609
0.6532744825865215
0.623962277345428
0.6878466875684099
0.5851741434904795
0.6784408851411754
0.5879107253564786
0.6965157573457152
0.6205634013300456
0.6302109725500858
0.5433906289701207
0.6033738207687458
0.6486158502634096
0.582147313073701
0.528303917116644
0.6039015184762574
0.5372091434038336
0.604933647260274
0.7438128645903991
0.6289986741531042
0.667113135708458
0.620451564993443
0.5397549843862599
0.627955279640105
0.5474264448948214
0.6116239437619825
0.5742643789986406
0.6077447631211754
0.6772343855877748
0.5577944197585964
0.631063960329852
0.6543134252169475
0.5986789659492086
0.7292436560729244
0.6749594676402164
0.6621259465761518
0.6498886591203519
0.6018143492511947
0.640181707531107
0.6289833681575033
0.6627976744667204
0.6613196626426328
0.617960545291528
0.6596515692228654
0.6694377304964539
0.6259742279061632
0.6297432033433505
0.5918222311633389
0.639043059179591
0.6118524794130759
0.6293761755277552
0.5616006876952586
0.5806035628822122
0.6623797539807607
0.620812064007485
0.6587018662497469
0.6150571210443418
0.5631815095394693
0.5982087341355473
0.6198477107897045
0.6333156429522453
0.6281952313340593
0.6194837635303914
0.6251696534913996
0.6224630928663131
0.5927064651123067
0.6233419549371361
0.6012422872565889
0.6302502234137622
0.5896764853276909
0.6812044010355378
0.6504946667412294
0.6430640909894058
0.6548885286266288
0.6079203746295985
0.6360440712297591
0.602844005248289
0.6611020691744217
0.6634603797925955
0.6773099850968703
0.7020400096930457
0.6771472106764086
0.692635589464055
0.7306850172036284
0.6705924619971115
0.6746923488496522
0.6951839664971582
0.7176238247957646
0.6950508995454254
0.7024132820267335
0.6694565159075058
0.6860459231015809
0.7205775925303528
0.7185319885186161
0.7389124119563193
0.7558109562870529
0.7157001414427157
0.6599145513948228
0.7180890862873828
0.6186149063165954
0.6386642273332066
0.5209116056314769
0.5639108733621263
0.5257456353346764
0.5080700878977469
0.44635580310387507
0.535874166953633
0.5142041199436828
0.43690257586424636
0.4736313223417321
0.43487845111784534
0.4082465960890288
0.43356158224026514
0.39913089145410924
0.4418589566881253
0.4571002314821294
0.41535161381512214
0.42306069759200826
0.3870011458638145
0.37042014312568017
0.3717252675075035
0.38808525583335163
0.4068646228039959
0.4357168457761823
0.4454727178500037
0.48028134513769816
0.4599986194519224
0.502673989592472
0.48492310427593566
0.451738782794104
0.4789833249352567
0.45337695723299837
0.4607216408937776
0.5112569894327167
0.5220255553807863
0.5549599516631292
0.5824047175128995
0.540360873694207
0.5586269949868381
0.5870628737090052
0.5466087237038829
0.5119001052194295
0.5608011093039487
0.5217105046581295
0.5217105046581295
0.5133062697338746
0.5411637169758462
0.48035454067452865
0.4569867194222904
0.4793554765659942
0.5322321102035841
0.5089071257005604
0.5247879027378144
0.5118631461509855
0.541192018055743
0.5766666024244994
0.5872686677922052
0.5235550715737358
0.5326320268841093
0.5173443530949711
0.49649367120085547
0.46869313392165585
0.5009505038624154
0.5007691401236357
0.47947605382630154
0.496550979445616
0.4885589361715869
0.5190003558859583
0.4642178754979004
0.4995825161653624
0.5287530765626959
0.559409442831924
0.5219087876419061
0.5442209471790764
0.5550804727522085
0.5488951386098835
0.5035461909547089
0.5592072813841995
0.589809354552064
0.584736635497086
0.5346232016769991
0.5722860501391687
0.6205126057728545
0.6585064333538823
0.6657109085551387
0.6702077861285205
0.6764203025280275
0.6957928802588996
0.6470955329571727
0.6332800010260323
0.6588693957115009
0.6894869593573848
0.6932023354514971
0.7060224451886612
0.7221510218219606
0.7047525534152239
0.7443875732375406
0.6101874997963022
0.6317030861555851
0.6317298470882838
0.6989517777008357
0.7315281100177481
0.7390444053510008
0.6958734968890035
0.7272625782704488
0.70312448294804
0.6954277286135693
0.7251433778206571
0.7249425655820911
0.7059934305003054
0.7049608355091384
0.7363902358613679
0.7363902358613679
0.7371343805865125
0.7686244871518031
0.7643313444053058
0.7483548274290801
0.7554883756941854
0.7167484633016472
0.7398864294334726
0.7554883756941854
0.7282751907667171
0.7591460933380985
0.7379999149683966
0.7285145864929967
0.7449680226250501
0.7388480877200698
0.7116967482375521
0.7449680226250501
0.7449680226250501
0.705306665229033
0.7270595133391967
0.750404063726622
0.7075606276747504
0.7173601147776184
0.7113598594105175
0.6442469690462819
0.7453919758914499
0.7049709198366241
0.6717623559163628
0.679711404925085
0.7143372718856408
0.6360224292303518
0.6786906036972736
0.714009231516722
0.6774876499647142
0.6618166234720323
0.6706115211743846
0.6887025242588949
0.7614323104614662
0.7395747458092883
0.7150664513725004
0.7210850977284069
0.7007358489035284
0.6546139344493919
0.7072760292574019
0.7072760292574019
0.6776126489331658
0.616605892413437
0.6283071498436236
0.6283071498436236
0.6509274185320465
0.6450149761158535
0.652442503376118
0.6328309055314065
0.6532725783759948
0.6334145681018143
0.6041444205789097
0.6810349632360823
0.6398026040883183
0.6324084858569051
0.6689887764692873
0.6625301799112127
0.6118951364914842
0.6108979647414077
0.5989596329923028
0.619942656897101
0.607846542103679
0.6148921173199671
0.6148921173199671
0.5913243556720442
0.6051302114987237
0.6027486835475173
0.5869823234321343
0.6012230755720194
0.6012230755720194
0.6012230755720194
0.6120724992967086
0.6219386936286311
0.5979558844522982
0.5414342942424004
0.5958013338099876
0.6005131687560741
0.6535536368826844
0.6346282170380353
0.6575504763785358
0.6251677542274066
0.6443992027945052
0.6289718839565347
0.6297258374944481
0.6089751441494163
0.658129839189994
0.6710684273709484
0.6786716159927461
0.6451903243952747
0.6264777571868068
0.63879780164187
0.63879780164187
0.6184469661446123
0.6649301033255188
0.6682743253280515
0.6585178548572891
0.6156487378193816
0.6600885272875017
0.5804180656341384
0.6159564119444636
0.6859305817877821
0.6383758018486395
0.6063272136020629
0.6122046761549436
0.6794155499264586
0.6453914548902465
0.6257063333943058
0.604589658386154
0.5389022747538371
0.6241315099213103
0.6712308395032877
0.607470906174328
0.6374848233113937
0.6296050519105213
0.5851205596968309
0.6229866433573888
0.6370957769952421
0.565195875401406
0.598736923506541
0.6272449471934809
0.6107428850409412
0.5358171225334857
0.6132527541291353
0.6267823520991841
0.5534876874224549
0.6084523602159903
0.6690502818540234
0.7022213005207614
0.69211247296323
0.6442715467645609
0.5856250981411392
0.672281325582872
0.6441862085786961
0.5984315983807862
0.0
0.0
0.0
0.0
0.0
0.0
0.0
0.0
0.0
0.0
0.0
0.0
0.0
0.0
0.0
0.0
0.0
0.0
0.0
0.0
0.0
0.0
0.0
