1,768,436,62,57
2,763,433,62,58
3,759,432,62,58
4,754,432,62,58
5,745,433,62,58
6,740,437,62,58
7,734,435,61,58
8,728,433,60,58
9,719,429,60,58
10,711,427,60,58
11,705,429,60,58
12,691,429,59,57
13,694,429,60,58
14,686,429,60,58
15,681,438,60,58
16,694,430,62,58
17,688,434,61,58
18,681,437,60,58
19,691,438,61,58
20,691,429,61,58
21,687,431,61,58
22,683,433,60,58
23,672,429,60,58
24,663,425,60,58
25,648,437,60,58
26,636,439,60,58
27,614,446,58,57
28,615,446,60,58
29,608,447,60,58
30,596,442,59,58
31,577,442,58,57
32,553,439,56,57
33,534,438,55,56
34,524,436,55,56
35,512,434,55,56
36,502,434,55,55
37,487,431,54,55
38,464,429,51,53
39,441,428,49,52
40,428,436,50,53
41,421,434,52,54
42,411,430,52,54
43,400,427,52,53
44,393,433,52,54
45,397,431,54,55
46,398,428,56,55
47,398,425,57,56
48,392,426,57,56
49,396,426,59,57
50,391,426,59,57
51,389,426,59,57
52,389,425,60,58
53,388,425,60,58
54,387,425,60,58
55,386,426,60,58
56,385,426,61,58
57,385,425,61,58
58,385,423,61,59
59,384,424,61,58
60,384,424,61,58
61,384,424,61,58
62,384,423,61,59
63,384,424,60,58
64,382,424,60,58
65,384,424,60,58
66,382,423,60,59
67,382,423,60,59
68,383,423,60,59
69,382,423,60,59
70,383,423,60,59
71,382,423,60,59
72,383,423,60,59
73,382,423,60,59
74,381,424,60,58
75,381,423,60,59
76,381,423,60,59
77,381,423,60,59
78,381,423,60,59
79,381,423,60,59
80,381,423,60,59
81,381,423,60,59
82,381,423,60,59
83,381,423,60,59
84,382,423,60,59
85,381,423,60,59
86,381,423,60,59
87,381,422,60,59
88,381,423,60,59
89,381,423,60,59
90,381,423,60,59
91,381,423,60,59
92,382,423,60,59
93,382,423,60,59
94,381,423,60,59
95,382,423,60,59
96,381,423,60,59
97,381,423,60,59
98,381,423,60,59
99,381,423,60,59
100,382,423,60,59
101,381,423,60,59
102,381,423,60,59
103,381,423,60,59
104,381,423,60,59
105,381,423,60,59
106,381,423,60,59
107,381,423,60,59
108,381,423,60,59
109,381,423,60,59
110,381,423,60,59
111,381,423,60,59
112,381,422,60,59
113,382,423,60,59
114,381,423,60,59
115,381,423,60,59
116,381,422,60,59
117,381,422,60,59
118,381,422,60,59
119,382,423,60,59
120,381,422,60,59
121,382,423,60,59
122,381,424,60,58
123,381,422,60,59
124,381,423,60,59
125,381,423,60,59
126,381,422,60,59
127,381,422,60,59
128,381,422,60,59
129,381,422,60,59
130,381,422,60,59
131,381,422,60,59
132,381,422,60,59
133,381,422,60,59
134,381,423,60,59
135,381,423,60,59
136,381,423,60,59
137,381,422,60,59
138,381,424,60,58
139,382,423,60,59
140,381,423,60,59
141,381,422,60,59
142,381,422,60,59
143,381,422,60,59
144,381,422,60,59
145,382,422,60,59
146,381,422,60,59
147,381,422,60,59
148,381,422,60,59
149,381,422,60,59
150,381,422,60,59
151,381,422,60,59
152,381,422,60,59
153,381,422,60,59
154,381,422,60,59
155,381,422,60,59
156,381,422,60,59
157,381,422,60,59
158,381,422,60,59
159,381,423,60,59
160,382,423,60,59
161,381,423,60,59
162,381,423,60,59
163,381,423,60,59
164,381,423,60,59
165,381,423,60,59
166,381,424,60,58
167,381,424,60,58
168,382,423,60,59
169,382,423,60,59
170,382,423,60,59
171,382,423,60,59
172,382,423,60,59
173,383,423,60,59
174,382,423,60,59
175,383,423,60,59
176,382,424,60,58
177,382,424,60,58
178,382,424,60,58
179,382,424,60,58
180,383,424,60,58
181,382,424,60,58
182,382,424,60,58
183,383,424,60,58
184,382,424,60,58
185,382,424,60,58
186,382,424,60,58
187,382,424,60,58
188,382,424,60,58
189,383,424,60,58
190,382,424,60,58
191,383,424,60,58
192,383,424,60,58
193,383,424,60,58
194,383,424,60,58
195,383,424,60,58
196,383,424,60,58
197,384,424,60,58
198,383,424,60,58
199,383,424,60,58
200,383,424,60,58
201,383,424,60,58
202,382,425,60,58
203,382,425,60,58
204,382,425,60,58
205,383,424,60,58
206,383,424,60,58
207,383,424,60,58
208,383,424,60,58
209,383,424,60,58
210,383,424,60,58
211,383,424,60,58
212,383,423,60,59
213,383,424,60,58
214,383,424,60,58
215,383,424,60,58
216,383,424,60,58
217,383,424,60,58
218,383,424,60,58
219,383,424,60,58
220,383,425,60,58
221,384,424,60,58
222,384,424,60,58
223,384,425,60,58
224,384,425,60,58
225,384,424,61,58
226,385,425,61,58
227,384,425,61,58
228,384,425,61,58
229,384,426,61,58
230,384,426,61,58
231,385,425,61,58
232,385,425,61,58
233,385,426,61,58
234,385,426,61,58
235,385,426,61,58
236,385,426,61,58
237,385,426,61,58
238,385,425,61,58
239,386,425,61,58
240,385,425,61,58
241,385,425,61,58
242,385,425,61,58
243,384,426,61,58
244,385,427,60,58
245,384,425,61,58
246,384,424,61,58
247,384,425,61,58
248,384,425,61,58
249,384,425,60,58
250,384,425,60,58
251,384,425,60,58
252,384,424,60,58
253,383,425,60,58
254,383,425,60,58
255,384,426,60,58
256,383,424,60,58
257,383,424,60,58
258,382,424,60,58
259,382,424,60,58
260,382,424,60,58
261,383,424,60,58
262,382,424,60,58
263,382,424,60,58
264,382,423,60,59
265,382,423,60,59
266,382,423,60,59
267,383,423,60,59
268,382,423,60,59
269,382,423,60,59
270,382,423,60,59
271,382,423,60,59
272,383,423,60,59
273,382,423,60,59
274,381,424,60,58
275,381,424,60,58
276,381,423,60,59
277,381,423,60,59
278,382,424,60,58
279,381,424,60,58
280,381,423,60,59
281,381,423,60,59
282,381,423,60,59
283,381,423,60,59
284,381,423,60,59
285,382,424,60,58
286,381,424,60,58
287,381,424,60,58
288,381,423,60,59
289,381,423,60,59
290,381,423,60,59
291,381,423,60,59
292,381,423,60,59
293,381,423,60,59
294,381,423,60,59
295,381,423,60,59
296,381,423,60,59
297,381,423,60,59
298,381,423,60,59
299,381,423,60,59
300,381,423,60,59
301,381,423,60,59
302,381,423,60,59
303,381,423,60,59
304,381,423,60,59
305,381,423,60,59
306,381,423,60,59
307,381,422,60,59
308,381,422,60,59
309,381,422,60,59
310,381,422,60,59
311,381,422,60,59
312,381,422,60,59
313,381,422,60,59
314,380,423,60,59
315,380,423,60,59
316,380,423,60,59
317,381,423,60,59
318,381,422,60,59
319,381,423,60,59
320,381,423,60,59
321,381,423,60,59
322,381,423,60,59
323,381,423,60,59
324,381,424,60,58
325,381,424,60,58
326,381,424,60,58
327,381,424,60,58
328,382,423,60,59
329,383,423,60,59
330,382,423,60,59
331,382,423,60,59
332,383,423,60,59
333,382,423,60,59
334,382,424,60,58
335,382,423,60,59
336,382,423,60,59
337,382,423,60,59
338,382,423,60,59
339,382,423,60,59
340,382,423,60,59
341,382,423,60,59
342,382,423,60,59
343,382,423,60,59
344,382,423,60,59
345,382,423,60,59
346,382,423,60,59
347,383,423,60,59
348,384,423,60,59
349,383,423,60,59
350,382,425,60,58
351,383,423,60,59
352,383,423,60,59
353,383,423,60,59
354,383,423,60,59
355,383,423,60,59
356,383,423,60,59
357,383,423,60,59
358,383,423,60,59
359,383,423,60,59
360,383,423,60,59
361,384,423,60,59
362,384,423,60,59
363,384,423,60,59
364,384,423,61,59
365,384,423,60,59
366,384,423,60,59
367,384,423,61,59
368,384,423,60,59
369,384,423,60,59
370,384,423,60,59
371,383,422,61,59
372,383,422,61,59
373,384,423,60,59
374,384,423,60,59
375,384,423,60,59
376,384,423,60,59
377,384,423,60,59
378,384,423,60,59
379,384,423,61,59
380,384,423,60,59
381,384,424,60,58
382,384,423,61,59
383,384,423,61,59
384,384,424,61,58
385,384,424,61,58
386,384,424,61,58
387,384,424,61,58
388,384,425,61,58
389,384,425,61,58
390,385,425,61,58
391,385,425,61,58
392,385,425,61,58
393,385,425,61,58
394,386,424,61,58
395,386,424,61,58
396,386,424,61,58
397,386,424,61,58
398,385,425,61,58
399,385,425,61,58
400,385,425,61,58
401,385,425,61,58
402,385,425,61,58
403,385,425,61,58
404,385,425,61,58
405,385,425,61,58
406,386,425,61,58
407,386,425,61,58
408,386,425,61,58
409,386,425,61,58
410,386,425,61,58
411,387,425,61,58
412,387,425,61,58
413,388,425,61,58
414,387,425,61,58
415,387,425,61,58
416,387,425,61,58
417,386,425,61,58
418,386,425,61,58
419,386,425,61,58
420,386,425,61,58
421,386,425,61,58
422,386,425,61,58
423,386,425,61,58
424,385,426,61,58
425,385,425,61,58
426,386,425,61,58
427,386,425,61,58
428,387,426,61,58
429,386,425,61,58
430,387,425,61,58
431,386,425,61,58
432,386,425,61,58
433,386,425,61,58
434,386,425,61,58
435,386,425,61,58
436,386,425,61,58
437,386,425,61,58
438,386,424,61,58
439,386,425,61,58
440,386,425,61,58
441,387,425,61,58
442,387,426,61,58
443,387,427,61,58
444,388,427,61,58
445,387,426,61,58
446,387,426,61,58
447,387,426,61,58
448,387,426,61,58
449,388,426,61,58
