1.0
0.9618651124063281
0.9746835443037974
0.913429888084266
0.9866801551171809
0.9490755757379176
0.9996583532627263
0.9865138233310856
0.9753166612536538
0.975
1.0
0.9740670461733081
0.9873533445070852
0.9761904761904762
0.9069767441860465
0.9401734528884316
0.8797327394209354
0.999683644416324
0.9229246001523229
0.9111687469606095
0.9851513420902341
0.9350947731188972
0.9710344827586207
0.8356596127870328
0.8918512147925177
0.7549796944498163
0.8529886914378029
0.8149517354692956
0.8463039236939085
0.9857376665887304
0.9160883280757098
0.9297608881298036
0.9562890276538805
0.8549558390578998
0.8785367825383994
0.9435551811288964
0.814506737647646
0.8294346978557505
0.8843416370106761
0.9171732522796353
0.8738461538461538
0.8782249742002064
0.9233401779603012
0.9131466540104414
0.9488739108992273
0.8981198778724088
0.7989039427614553
0.86872009569378
0.8957149439410229
0.9322284699615271
0.8917725013804528
0.9105763141228626
0.9251592356687898
0.9888888888888889
0.8893771284192025
0.9161480856449742
0.9114733141578779
0.9502096999677385
0.965710517639301
0.8760857614073667
0.8646417959722681
0.9420596320575174
0.7977508650519031
0.8353504081058261
0.697980907324491
0.6119034171138097
0.5549191803487337
0.4991600671946244
0.7085882786583119
0.6718443673654049
0.936564705882353
0.9734513274336283
0.9366752427587351
0.9137958919618309
0.9056544337690975
0.8672124437167417
0.873159057437408
0.8425577646426652
0.8128514056224899
0.9089341152121421
0.9537949571227441
0.9419849345843796
0.8431522570772763
0.9460238438359754
0.9451847781288638
0.8277316641719962
0.9387351778656127
0.975016880486158
0.948051948051948
0.8435772902361414
0.8476123595505618
0.9997868258367086
0.9855376720317238
0.9550310559006211
0.8773561811505508
0.806060606060606
0.8747468903673705
1.0
0.9626004893393918
0.9129519129519129
0.8771929824561403
0.945516458569807
0.9253012048192771
0.8817891373801917
0.9571369121930919
0.9209083790133125
0.955113373438223
0.9008007117437722
0.818305391934753
0.9791099000908265
1.0
0.9379070777247069
0.9372141372141373
0.9403838301347489
1.0
1.0
0.9818799546998868
1.0
0.9464285714285714
0.9818181818181818
1.0
0.9672521583804704
0.9687581359021088
0.9674728940783986
0.908879049172687
0.834338747099768
0.8388321860906718
0.9249097472924188
0.9010380622837371
0.9134980988593155
0.9503171247357294
0.9375
0.9521484375
0.920817075969704
1.0
0.9831952662721893
0.9545454545454546
0.9997772332368011
0.9850993377483444
0.9596474045053869
0.9484083424807903
0.947888096544158
0.9226713532513181
0.9473684210526315
0.9082602339181286
0.9865072587532024
0.9144813763153499
0.8731906859660163
0.9651882845188284
0.9029674988224211
0.9401302207400349
0.9431818181818182
0.9398203592814371
0.9893171647177711
0.9465567668173358
0.9396887159533074
0.9408855393311352
0.9250773284454118
0.8929137184496779
0.9111156518185534
0.9514415781487102
1.0
0.9798023205844435
0.9411764705882353
0.9571929824561404
0.9782718544719555
0.9661564387024294
0.9198875614898102
1.0
0.9285277947464875
1.0
0.9370675453047776
0.8982853337772598
0.9868349864743011
0.9347277316985214
0.9584964761158966
0.9710604558969277
0.9329577464788732
0.958904109589041
0.986116782360147
0.9463327370304114
0.9714163822525598
0.9710144927536232
0.9850346213982578
0.985025324818322
0.9167188478396995
0.9748427672955975
0.984375
1.0
0.9979253112033195
0.9234356781966576
0.9594109873513309
0.8759661391240339
0.9444444444444444
0.9
0.911238609517381
0.8941605839416058
0.9577464788732394
0.9430968034459306
0.9416809605488851
0.9102135322871109
0.9384615384615385
1.0
1.0
0.9180131657690006
0.9949811794228356
0.9140914709517923
1.0
0.9491525423728814
0.9327758121582502
0.9143618793735422
0.9814230634419909
0.9470426409903714
0.9821615949632738
1.0
0.9811320754716981
0.8559670781893004
0.7873918417799752
0.9649122807017544
0.8721804511278195
0.9523683514157184
0.9400944568729803
0.8635097493036211
0.9469326307866014
0.9376458819606536
0.9998548410509508
0.9229214051048774
0.9114850036576445
0.9724510082362965
0.9247174447174448
0.9213103681188788
0.9249775956983741
0.9304640833205697
0.9165107974834212
1.0
0.9871319520174482
0.971772327626099
1.0
0.9809949692565679
0.967741935483871
0.9346463742166518
0.9672131147540983
0.9321382842509603
0.9797598627787307
0.9981515711645101
0.9781544256120527
0.8980697595665424
0.9608958407394241
0.9097196942118675
0.8258426966292135
0.896551724137931
0.9992606284658041
0.9441016333938294
0.912559081701553
0.966832504145937
0.9315960912052117
0.9987224528904504
0.8873478630059439
0.9666666666666667
0.8975957257346393
0.8088235294117647
0.9303567613757744
0.8302028549962435
0.8448928121059268
0.9581067472306143
0.9598409542743539
0.9726488533557753
0.793091596494243
0.7520426287744227
0.9256085018854988
0.9245402663284717
0.9041857423152387
0.9190849071088592
0.9429855357393625
0.9333154793786824
0.9536315141567501
0.8249378811836459
0.8569418386491557
0.9472551130247578
0.9245283018867925
0.905726529022205
0.8614314640373272
0.939381577873868
0.9140201394268009
0.992956273101332
0.9772727272727273
0.8972902346190991
0.9471370480272557
0.9059905543127019
0.9791743798593113
0.8467426130295479
0.9777777777777777
0.8886576482830385
0.9684584629053754
0.9929142292164456
0.9710569701410515
0.9717519783632175
0.9539200698842542
0.8967464979665613
0.9494949494949495
0.9890832566092332
0.9775095995611629
0.9629350610215459
1.0
1.0
1.0
0.9852915729364942
0.9117085862966176
0.7712248865845756
0.9060135404221425
0.9331651954602774
0.9343907714491708
0.9354240118760438
0.973735789886319
0.9855290358955083
0.9491276400367309
0.9742836149889786
0.9087650116508335
0.9273773143987057
0.963718820861678
0.9605285448077249
0.9764705882352941
0.9751120729633638
0.9886963074604371
0.987536759557485
0.9766244057052298
0.908866125044154
0.9651593773165308
0.9473684210526315
0.8079034028540066
0.8412098298676749
0.9782608695652174
0.9461966604823747
0.9452207246197601
0.9674497965612285
0.9468085106382979
1.0
0.9599673202614379
0.9662296384584823
0.9403490492315707
0.9535914483118237
0.9296254256526674
0.954808197582764
0.9538043478260869
0.989866132866258
0.9891304347826086
0.8962692350271227
0.9090909090909091
0.8895217624932832
0.8463602817846361
0.9181498696292937
0.672641012124407
0.6562102585841458
0.6976217440543602
0.8022269353128314
0.9118909366321636
0.9541672170122837
0.9358475894245724
0.851063829787234
0.7938156224760586
0.8425394548063128
0.8810463968410661
0.9221848110737
0.8694601128122482
0.9507847021179339
0.8824877750611247
0.8934243964421855
0.8723912697148319
0.8555628920435787
0.7773771969355565
0.7438662290982966
0.7922546767312111
0.9222515060240963
0.0
0.9414180717682663
0.8704093567251462
0.9846153846153847
0.9540907925109002
0.8536977491961415
0.7569272358639333
0.88037801541905
0.8615099583140343
0.8357348703170029
0.8679334916864608
0.925524222704266
0.9279869067103109
0.9230769230769231
0.9222462203023758
0.9416025350837482
0.8692449355432781
0.913417951042611
0.9547230521719146
0.9279869067103109
0.810724106324473
0.9527010804321728
0.9095283926852743
0.8970588235294118
0.9249097472924188
0.8840579710144928
0.9565217391304348
0.9117647058823529
0.8951166706759682
0.8966942148760331
0.9115087040618955
0.9009200283085633
0.9023106840539922
0.9575502984744638
0.9180570221752904
0.9170106452313709
0.96875
0.9855072463768116
0.9977728285077951
0.9718430034129693
0.9585235165707482
1.0
0.8715265247203176
0.8610542000372509
0.9189526184538653
0.9303655299162753
0.8369603995718873
0.7915129151291513
0.9146117790910944
0.9400921658986175
0.9560365989734434
0.9550045913682277
0.9397107897664071
0.9416342412451362
0.8452799008469325
0.860802732707088
0.9708644353479412
0.8571428571428571
0.9231323564736968
0.9244377053323225
0.9380220964699542
0.8946528332003192
0.9655172413793104
0.8126064735945485
0.9146800501882058
0.9155264723378941
0.44145644930985245
0.5511924837388581
0.5926899815934789
0.5097690941385435
0.4296028880866426
0.5664028144239226
0.6449136276391555
0.6866028708133971
0.6104938271604938
0.5945945945945946
0.7281754240794374
0.9746083198271205
0.9031505250875146
0.9047619047619048
0.9226932668329177
0.9010989010989011
1.0
0.9555796316359697
0.8224043715846995
0.9715762273901809
0.9968287526427061
0.9379652605459057
0.9773056494447127
0.9964570416297609
0.9245354569586651
0.9227985524728589
0.8775071633237822
0.9126074498567335
0.8959231024196221
0.9143880208333334
0.9827534039334342
1.0
1.0
0.9296527159394479
0.9513212795549374
0.9667823500247893
0.9008726784515552
0.8406404879908502
0.9110248185041364
0.9050381679389313
0.91890756302521
0.9253164556962026
0.8783212232946536
0.91195769268436
1.0
0.9320342205323194
0.9196
0.8881118881118881
0.9725474364150182
0.9510557024724006
0.9145059565522075
0.9279109857389124
0.9148861995119278
0.9415518121490556
0.9243303190581812
0.9529929126462301
0.8909604075069436
0.8940760352459356
0.9227121957306105
0.8959796817206035
0.9383148390363276
0.8974698692195914
0.89779482719594
0.9045241809672387
0.840320882287741
0.8271660649819494
0.8786991869918699
0.884808189541449
0.8800929750081641
0.9359472558180151
0.8584712156433748
0.9200767754318618
0.8890551117997488
0.8994758299359348
0.8612254857108
0.894056929360732
0.9320524835988754
0.922969837587007
0.9321052823182496
0.9374290630835134
0.9479101106956426
0.905761500669942
0.9141475211608222
0.9476281875514121
0.9187649538566709
0.9446254071661238
0.929879804923006
0.9137969840198065
0.9090055933030519
0.8986158013879096
0.9037808382786549
0.9024335706033615
0.9299512270056454
0.9244931506849315
0.9259476072003512
0.9235822202758923
0.9629404154934936
0.9093770349468201
0.8850744692088307
0.9621350364963503
0.9487450462351387
0.9321625727094217
0.9101632741135007
0.9311034559395488
0.9308176100628931
0.9199312058092872
0.9431097008159565
0.9112682481751825
0.8866916695078986
0.8974068987801923
0.9350967308338534
0.9702341869117969
0.9293871449925262
0.9312977099236641
0.9470931554612294
0.9236116415858223
0.9819819819819819
0.9896907216494846
0.947268708556994
0.9761408385452861
0.88893946290396
0.9877118095977234
0.9458940905602455
0.8804347826086957
0.9302615193026152
0.9069767441860465
0.9053430570025301
0.9161898871192207
0.9870151489928417
0.9246958237421901
