1.0
0.851
0.8865248226950354
0.8545754328112118
0.9996443179797261
1.0
1.0
1.0
0.9123479420096651
1.0
0.9743589743589743
0.925
1.0
0.951531370799881
0.8734531526222746
0.9749773892071149
0.9996625611607896
0.9871794871794872
0.963253716385502
0.9736842105263158
0.973735789886319
0.8865860679332181
0.8954004202661686
0.8545326774420239
0.9813803376365442
0.8470324748040313
0.885312783318223
0.7960513326752221
0.8410548823948681
0.7928057553956834
0.9852941176470589
0.9548186067215669
0.9558823529411765
0.877329510546795
0.870663153271849
0.8676470588235294
0.9173844949099452
0.891974134651959
0.9995919200163232
0.9714285714285714
0.8950639853747715
0.9583718778908418
0.8673503142573602
0.9256089532587228
0.9869994799791991
0.9476093591047813
0.8545994065281899
0.838030349953546
0.9169125640627427
0.9397174254317111
0.8905904874098071
0.8737446197991392
1.0
0.8826986653605975
0.9475755120935077
0.8962422882781829
0.9097901329524228
0.9502096999677385
0.9340659340659341
0.9394221808014911
0.8611616215638036
0.9252336448598131
0.8732954545454545
0.9446583782594344
0.7803910456219892
0.8507067137809188
0.8186019641825535
0.7638418079096045
0.845771144278607
0.7478028276652656
0.9013232126371935
0.9412908602648393
0.8953156117412763
0.9349469214437367
0.8966725043782837
0.866038982490915
0.8100418410041841
0.9313585291113381
0.812486404176637
0.9544275657650981
0.8552240733565801
0.9541409993155373
0.867109634551495
0.9413778934392549
0.9097995545657016
0.9186046511627907
0.9498355263157895
0.879686990544506
0.9726177437020811
0.8783086971467858
0.972636815920398
0.9112694300518135
0.9407096171802054
0.9066187788609543
0.9381663113006397
0.9052941176470588
0.9032258064516129
0.9291859695565851
0.9626068376068376
0.9292604501607717
0.945179584120983
0.9276789095039758
0.8938522777532065
0.899063899063899
0.8968386023294509
0.80859375
0.9329014345210551
0.9187840290381125
0.8725212464589235
1.0
0.9791666666666666
0.8634655532359081
0.8711403869905311
0.9612015018773467
0.9641203703703703
0.9430473372781065
1.0
0.9616189811584089
0.9464105156723963
0.9807893817673768
0.980820995962315
0.9327680193821926
0.9838709677419355
0.8819484240687679
0.9398686205154119
0.8836973082783138
0.766052762568442
0.9211785444472425
0.8832186090671731
0.8689355539464156
0.9216464170592611
0.8788184801817723
0.9662383471907281
0.9204168640454761
1.0
0.9393373775081661
0.9687936655798789
1.0
0.9714285714285714
0.9726027397260274
0.9731581953169617
0.9073830546684201
0.885237258347979
1.0
0.8617414248021108
0.9371897997603971
0.924
0.9127789046653144
0.947891669523483
0.9104046242774566
0.9255985858910494
0.9534225019669551
0.9482288828337875
0.9392470051340559
0.9534404614750721
0.8873492430074417
0.9462205700123916
0.902382604672681
0.8797243458598041
0.9393684210526316
0.8833146010013283
0.9902083333333334
0.8919717269754194
0.9689522764673615
0.9882985074626865
0.9676303434642946
0.933027650409893
0.926829268292683
0.975418488915699
0.975609756097561
0.935300983825246
0.9505843071786311
0.848199259508583
0.9452662721893491
0.9304279851475474
0.9852941176470589
0.9844357976653697
0.8929566255471548
0.9438982070561018
0.9159183673469388
0.9318685748840959
0.9705882352941176
0.9010966273536106
0.953125
0.9085025663914305
0.872294836083137
0.9865988909426987
0.9296726504751848
0.9118942731277533
0.9415610952186351
0.9282008715501141
0.901937756899589
0.8922465208747515
0.8916820702402958
0.8968976407207877
0.9208843413118948
0.9061413673232909
0.9590973201692524
0.9298167188198481
0.9280367061096354
0.8919737506309945
0.9089941458222459
0.935374149659864
0.9836426549229318
0.912962962962963
0.9821260583254939
0.9610552763819096
0.9233830845771144
0.9423076923076923
0.9041003049813623
0.9411764705882353
0.9803921568627451
0.9225199131064447
0.9786154403769481
0.9604728481714074
0.8909090909090909
0.9623095429029671
0.8290155440414507
1.0
0.8253968253968254
0.9072276159654801
0.8684985279685966
0.8759623609923011
0.9349341595662277
0.9102564102564102
0.9622473246135553
0.8503128911138924
0.8534928848641656
0.9796348314606742
0.9244515040206492
0.9192229038854806
0.8811802232854864
0.9117174959871589
0.8915046059365405
0.9599342510786932
0.9977954144620811
1.0
0.9819890368050117
0.9849955869373345
0.9852989219209408
0.9484726936130824
0.9824328803447133
0.9450694904037061
0.8941605839416058
1.0
0.9192789968652038
0.8783831282952548
0.9800295857988166
0.9608411892675852
0.715527950310559
0.8489564909798373
0.9245283018867925
0.9615384615384616
0.9279475982532751
0.9636109167249826
0.9285004965243296
1.0
0.9013177159590043
0.9994251221615407
0.9249278152069298
0.7965043695380774
0.8936999794787606
0.9044932500503727
0.881237911025145
0.8795973674022455
0.8385310942978409
0.9006396588486141
0.8295883516088441
0.6986884083658277
0.8987658737256304
0.9705580280725778
0.9488675360329444
0.9167361922242616
0.9509688784497945
1.0
0.9530762687836688
0.8626577579806979
0.8365361803084223
0.9568684305907937
0.9259473531964131
0.8677929476475789
0.8622738320280854
0.8877352368591823
0.9305755123648188
0.9726196528433437
0.9752094258666485
0.8979836055764974
0.8563426688632619
0.902029826014913
0.959350754438574
0.9255807072052079
0.926826590547291
0.8659243341798528
0.9345794392523364
0.9411764705882353
0.96599342414279
0.9267640403209216
0.9667328119528423
0.9325259515570934
0.9755188930282065
0.9667177273360257
0.9997090909090909
0.9619530754597336
0.9876543209876543
0.8969283276450511
0.9601482854494903
0.8942206654991244
0.935064935064935
0.8439897698209718
0.8824619948090471
0.8817494600431965
0.8535008313319785
0.9207014868471216
0.9184890656063618
0.9015800494955264
0.8695328494323469
1.0
0.931563981042654
0.9452313503305004
0.9467478876007074
0.9721690728822404
0.9597837107130788
0.9752925877763329
0.9272616136919315
0.8939711847810883
0.9289253858133938
0.6990490876381393
0.8823529411764706
0.9250845819236346
0.8334574864318399
0.915356425109351
0.946064322362658
0.9140781563126252
0.9653230966090851
0.975609756097561
0.9441829186281103
0.9013470681458003
0.9664372981322847
0.8810689244609076
0.9324324324324325
0.9570181329751511
0.9714404547345071
0.9335106382978723
0.9436997319034852
1.0
0.9166666666666666
0.9149515022474568
0.9480288859950278
0.907247675590904
0.8523290386521308
0.8982536066818527
0.8653780942692438
0.82798459563543
0.6729389846297159
0.7680991909215089
0.810865416994051
0.9995848899958489
0.9394287354672025
0.9336116910229645
0.9081673573051731
0.8338658146964856
0.8805031446540881
0.9887685519454472
0.8991666666666667
0.9875020288914137
0.8253220232485077
0.8712603437301082
0.8129351694259632
0.848254657261711
0.8840027700831025
0.8826256258112368
0.9192688499619193
0.9468579511012326
0.0
0.972556135178045
0.8313762329732268
0.8649253731343284
0.9379487179487179
0.8685932388222465
0.8087154801114771
0.8881469115191987
0.7636363636363637
0.8764659890539483
0.9089989888776542
0.8975317875841436
0.8980755523877405
0.9076923076923077
0.9073896353166987
0.9843787551069454
0.8970588235294118
0.8859184143811938
1.0
0.8948761125811884
0.8186955497998587
0.8393564933550944
0.8193176357520423
0.9086089371370866
0.9249097472924188
0.9258118037449633
0.8952026082906381
0.8546595847416707
0.8943377148634984
0.9099804305283757
0.9397206567017887
0.9511830635118307
0.893971884679533
0.9380184331797236
0.8626827717736809
0.8405766376934493
0.8912994350282486
0.9995337995337995
0.9417244367417678
0.8967784352399737
0.9272078875603105
0.9023569023569024
0.9177750906892382
0.9313164349959117
0.9063004846526656
0.9010406039583758
0.8340659340659341
0.8365679264555669
0.9560365989734434
0.9861988304093567
0.9987960510474356
0.9848484848484849
0.9696969696969697
0.9128367670364501
0.9111462808048836
0.8983440662373505
0.8979000724112962
0.9205921938088829
0.863847470056221
0.9057702488088936
0.9672131147540983
0.8888888888888888
0.9147102526002971
0.8364188163884674
0.8261997405966277
0.8902077151335311
0.5498721227621484
0.6198005351495987
0.4245810055865922
0.5678941311852704
0.4218611521418021
0.5866990586091709
0.6384666226040978
0.7109826589595376
0.7498104624715694
0.7344745222929936
0.8911392405063291
0.9080068143100511
0.8475573866980577
0.9512195121951219
0.8512756689483509
0.8317698561601
0.9233644859813084
0.9524079320113314
0.8541666666666666
0.952995867768595
0.9936575052854123
0.8957298907646475
0.935666982024598
0.9318885448916409
0.913373253493014
0.9206219312602292
0.8729569093610698
0.9285714285714286
0.9790575916230366
0.9643107067879636
0.9283958205285802
0.9827586206896551
0.9655172413793104
0.9655172413793104
0.9502730669732682
0.9843629838502947
0.9008726784515552
0.8451536643026005
0.8983697537287547
0.9631336405529954
1.0
0.8906128782001551
0.9463659733582612
0.9209800918836141
0.9095725891910985
0.9141280882705685
0.957851946940522
0.8170900692840647
0.9678099733842214
0.9138187221396731
0.8731947309950802
0.895937988622376
0.7883749488334015
0.6826781465956724
0.5885546825839162
0.5410750656787792
0.5117717733070887
0.4964048577424571
0.5399896684933968
0.6075564300900167
0.6316292620749305
0.6375546851737328
0.6889673721783721
0.77405327816946
0.8254272506161107
0.8285357540579759
0.8832893763163387
0.8730221833505606
0.8817413905133203
0.8871794871794871
0.9017226485085624
0.8960806976988547
0.9420954522590762
1.0
0.9136907689785211
1.0
0.9634194262851428
0.9812879175498868
0.9302596344161136
0.8947247706422018
0.9285884881776929
0.9121175030599755
0.9567024299223952
0.9497401073105298
0.9317717667653066
0.9292346298619825
0.9035992422647864
0.9360297152290549
0.9362053628161139
0.9706368374221431
0.9608948015082829
0.9860281121117751
0.9617845189170868
0.9931506849315068
0.9371601208459215
0.9215686274509803
0.9498999599839936
0.9496116231335775
0.9353233830845771
0.9318264673714911
0.947632880584125
0.9517076530405543
0.9186794228356336
0.9748900439824071
0.9381011792168069
0.9245162322085398
0.9471722573326852
0.8802388153501709
0.9367833240973613
0.9884920997351356
0.9767441860465116
0.9397506925207756
0.9745762711864406
0.9763425763425764
0.9451989135644672
0.9445254222755723
0.962054604349838
0.9421171392131855
0.9266174554928355
0.9465259250666976
0.8856607310215557
0.9902736350667877
0.9657814770775531
0.8202103103359836
0.9302325581395349
0.8943774516925759
0.9058823529411765
0.9288735704214319
0.8978485794054853
0.885256950294861
