1.0
0.9339251928394703
0.9140418015896379
0.8992248062015504
0.9102902374670184
0.9294419499679282
0.9299781181619255
0.9366348815749
0.9574266792809839
0.9681538704083241
0.974664923177509
1.0
1.0
0.9604969735584581
0.9601600266711119
0.9499666444296198
0.9553586641676606
0.9590079228384429
0.9653491206686401
0.9253731343283582
0.9696969696969697
0.9626556016597511
0.9235046335299073
0.904500725923536
0.9590409590409591
0.9782608695652174
0.9679020516214427
0.9692307692307692
0.9294605809128631
0.9592701205604431
0.9890836916969897
1.0
0.9996656636576395
1.0
0.9743504330446369
0.918460534898891
0.978021978021978
0.9543865490261362
0.9844489519945909
0.989247311827957
0.9200913242009132
0.989247311827957
1.0
0.9953125
0.978021978021978
0.9848484848484849
0.9916434540389972
0.9173333333333333
0.926629040533607
0.9888947646747752
0.9070355997975367
0.951372004168114
0.9659544901858607
0.9146005509641874
0.9146005509641874
0.901867572156197
0.9442864313200602
0.955503512880562
0.9424187427817192
0.9424187427817192
0.9424187427817192
0.9424187427817192
0.9208680045684451
0.9315068493150684
0.8952028332260141
0.9095022624434389
0.9244019138755981
0.9264219316212384
0.936604014017203
0.8861309339125039
0.923580428735068
0.9449131513647643
0.9288859892350351
0.9431985595023735
0.9534999172596392
0.9363992172211351
0.9534282018111255
0.9773993315295241
0.9927821522309711
0.9747817652764307
0.9464627151051626
0.9926211100417067
0.9607231920199502
0.9330055316533498
0.9351609425535192
0.9704607481136619
0.9653401797175867
0.9402985074626866
0.9801897785916431
0.9345417925478349
0.9483960948396095
0.8535414165666266
0.8721227621483376
0.869598180439727
0.8865096359743041
0.9214892755969243
0.8670223681510363
0.89078642209572
0.8884064264003474
0.9142091152815014
0.8849162011173184
0.8966152429196408
0.897495904516733
0.8815132048536759
0.8951437545300798
0.8951437545300798
0.8916767189384801
0.8658420551855376
0.8658420551855376
0.8411171086599389
0.8815132048536759
0.8815132048536759
0.8981369465279458
0.8981369465279458
0.8951437545300798
0.8819328731254463
0.8438761776581427
0.8222128378378378
0.9025878392594151
0.8785582633626868
0.8956881943136886
0.9307849322694377
0.9320388349514563
0.9247130317353139
0.9202603742880391
0.9588905398712234
0.9595242028746076
0.9961577013030404
0.9961577013030404
0.9961577013030404
0.9740624483727077
0.9601042175541443
0.9706947645702997
0.9706947645702997
0.9601042175541443
1.0
0.9886006938708078
0.9886006938708078
0.9817253868949621
0.9601042175541443
1.0
1.0
1.0
0.9811479548897492
0.9525547445255474
0.9525547445255474
0.9962114689168245
0.9741144414168937
0.9741144414168937
0.9557101646020703
0.9243027888446215
0.966078697421981
0.9741144414168937
0.9741144414168937
0.9741144414168937
0.9530179964962574
0.922360248447205
0.9096394629657565
0.9061784897025171
0.9326683291770573
0.9816707218167072
0.9746416758544653
0.9927007299270073
0.9465721040189126
0.9681766520539049
0.9497422680412371
0.9555555555555556
0.9279778393351801
0.8848050914876691
0.8695856137607506
0.8835366819838377
0.8693181818181818
0.8918393782383419
0.9095022624434389
0.9095022624434389
0.9464196294441662
0.9330655957161981
0.9330655957161981
0.9442864313200602
0.955503512880562
0.955503512880562
0.955503512880562
0.9442864313200602
0.9574215436810857
0.9458863443596268
0.877431906614786
0.9027275714755176
0.9027275714755176
0.8428045461821675
0.8477514309076043
0.8477514309076043
0.8477514309076043
0.8581314878892734
0.9738104020656584
0.947242206235012
0.9222911346224005
0.8949829167415932
0.9275147928994083
0.9275147928994083
0.9064902556767388
0.9290691441843845
0.9516157828959114
0.8919102651257648
0.91931330472103
0.9090137497878119
0.9546712802768166
0.9647302904564315
0.9647302904564315
0.8858659588586596
0.8728342595619484
0.8546455163483327
0.8816326530612245
0.8852459016393442
0.917955615332885
0.9419795221843004
0.9019743678559058
0.8465535157603048
0.8681898066783831
0.858981046774474
0.9061535668905427
0.9134615384615384
0.9371165644171779
0.9278587874136608
0.94453125
0.9618138424821002
0.979740680713128
0.9406575781876504
0.9876135425268373
0.9317399230301803
0.9217990275526742
0.9389186958316137
0.9031800688677334
0.9286009079653322
0.8934359805510534
0.8836879432624114
0.8934359805510534
0.9286009079653322
0.8997317928615639
0.9098411388487725
0.9352669188734762
0.9352669188734762
0.9650967199327166
0.9541727979819213
0.9650967199327166
0.9182831200990508
0.9541727979819213
0.9650967199327166
0.9650967199327166
0.9286009079653322
0.8364327134573085
0.839622641509434
0.7814309732860079
0.7852941176470588
0.6971940092959201
0.7020518907919281
0.8439716312056738
0.8099523557437798
0.7604022191400832
0.8391705872103153
0.898857240320655
0.9078107090224333
0.8859060402684564
0.88836143394991
0.8904894418071697
0.8679430535100638
0.856675392670157
0.8679430535100638
0.8894303478406991
0.9005376344086021
0.9005376344086021
0.8683819891142999
0.8683819891142999
0.8683819891142999
0.8678756476683938
0.8923884514435696
0.9035433070866141
0.9035433070866141
0.9035433070866141
0.9035433070866141
0.9035433070866141
0.8599271113928062
0.8841091492776886
0.8731942215088283
0.8841091492776886
0.8980638755584974
0.9238510566923851
0.9238510566923851
0.9352566252935257
0.9466621938946662
0.9574215436810857
0.9574215436810857
0.9442864313200602
0.9442864313200602
0.9442864313200602
0.9442864313200602
0.9442864313200602
0.9442864313200602
0.9211528905085308
0.9211528905085308
0.9211528905085308
0.9211528905085308
0.9211528905085308
0.9211528905085308
0.9211528905085308
0.9211528905085308
0.9211528905085308
0.923580428735068
0.923580428735068
0.908327953518399
0.8870836718115354
0.8870836718115354
0.8870836718115354
0.8368660700266918
0.8542994868605194
0.8630202519534365
0.8617021276595744
0.8578305519897305
0.8578305519897305
0.8659127625201939
0.9116411893163111
0.9218617292339052
0.9241568500887526
0.8860201511335013
0.918918918918919
0.8899566026038438
0.9232236528373867
0.9018414731785428
0.9209377526273241
0.9276473406804024
0.9242203910163193
0.9579256360078278
0.940061063795597
0.9925925925925926
0.9742092457420924
0.9454923273657289
0.9081553095275222
0.9635809401572276
0.9239384041063929
0.9498094027954257
0.929885238170099
0.9536762281569403
0.942805340365914
0.9701492537313433
0.9363652388506963
0.9156626506024096
0.8876902330957427
0.8351126927639383
0.8529473026452822
0.8482438701126573
0.8579088471849866
0.8868120456905504
0.8102368635992376
0.7712750918857789
0.7862709832134293
0.7234310942920215
0.0
0.0
0.0
0.0
0.0
0.0
0.0
0.0
0.0
0.0
0.0
0.0
0.0
0.0
0.0
0.0
0.0
0.0
0.0
0.0
0.0
0.0
0.0
0.0
0.0
0.0
0.0
0.0
0.0
0.0
0.0
0.0
0.0
0.0
0.0
0.0
0.0
0.0
0.0
0.0
0.0
0.0
0.0
0.0
0.0
0.0
0.0
0.0
0.0
0.0
0.0
0.0
0.0
0.0
0.0
0.0
0.0
0.0
0.0
0.0
0.0
0.0
0.0
0.0
0.0
0.0
0.0
0.0
0.0
0.0
0.0
0.0
0.0
0.0
0.0
0.0
0.0
0.0
0.0
0.0
0.0
0.0
0.0
0.0
0.0
0.0
0.0
0.0
0.0
0.0
0.0
0.0
0.0
0.0
0.0
0.0
0.0
0.0
0.0
0.0
0.0
0.0
0.0
0.0
0.0
0.0
0.0
0.0
0.0
0.0
0.0
0.0
0.0
0.0
0.0
0.0
0.0
0.0
0.0
0.0
0.0
0.0
0.0
0.0
0.0
0.0
0.0
0.0
0.0
0.0
0.0
0.0
0.0
0.0
0.0
0.0
0.0
0.0
0.0
0.0
0.0
0.0
0.0
0.0
0.0
0.0
0.0
0.0
0.0
0.0
0.0
0.0
0.0
0.0
0.0
0.0
0.0
0.0
0.0
0.0
0.0
0.0
0.0
0.0
0.0
0.0
0.0
0.0
0.0
0.0
0.0
0.012912536553871862
0.0933426252357137
0.1387551867219917
0.1535904255319149
0.17247111628293574
0.17811054297540785
0.21406551851699618
0.19278762670112667
0.22656866409202275
0.20181470480530578
0.2202850650692006
0.19879053533016763
0.21406551851699618
0.1957815473057771
0.21406551851699618
0.19278762670112667
0.21406551851699618
0.19879053533016763
0.20485417091576585
0.1898086606243706
0.21716734660238182
0.19278762670112667
0.21097945963675127
0.1957815473057771
0.2232293683820197
0.1833001195695496
0.18627881887561434
0.19228143448054294
0.2044707696052578
0.2075571463434475
0.2044707696052578
0.2044707696052578
0.2075571463434475
0.21554192229038854
0.21246736292428198
0.1738683940279643
0.18548065416832868
0.19732495367013134
0.20636466958921904
0.1738683940279643
0.18548065416832868
0.19543342089310972
0.2103102938762108
0.20427999673282693
0.21946983168603448
0.19239789729074
0.22202413035366309
0.19701092474515697
0.21884045984616657
0.19029251044680168
0.2020448898122123
0.1811631909698595
0.1930058621386699
0.2020448898122123
0.16668643498201083
0.19903873338987843
0.1658877587087146
0.19287178044762326
0.19238476953907815
0.2016317957831812
0.16256350136772177
0.1654783358144637
0.1802745378084583
0.19463567989175853
0.20104020804160833
0.18202937354805684
0.22147165259348614
0.21785700011989928
0.19976900712891793
0.21785700011989928
0.21700472353431507
0.2530209314709376
0.22054380664652568
0.22281682324493599
0.2425259792166267
0.2508159071678956
0.2739135787270713
0.2576486278947581
0.2958681050274781
0.30221342896005937
0.32905982905982906
0.338408910767177
0.3504273504273504
0.3722138715911531
0.3848594150623615
0.39449418682346654
0.40737955346651
0.45428208386277
0.48736051013436577
0.5546915500259202
0.6248175182481752
0.712300438415088
0.7982757022341708
0.8917713822456425
0.9491964189407831
0.9728885417828852
0.9586253673976939
0.9151860543077439
0.8951486697965572
0.9752666744813034
0.9424368774611999
0.9424368774611999
0.9424368774611999
0.9195375987180955
