1,1616,342,71,97
2,1620,343,72,94
3,1623,345,72,90
4,1626,346,72,88
5,1630,348,71,87
6,1633,349,71,86
7,1636,349,71,85
8,1639,351,71,87
9,1643,352,70,88
10,1647,354,70,90
11,1650,354,69,91
12,1654,355,68,91
13,1656,356,68,91
14,1659,357,66,91
15,1660,356,67,91
16,1662,358,65,90
17,1664,358,65,90
18,1665,359,65,89
19,1666,359,64,89
20,1667,360,64,90
21,1668,360,64,90
22,1668,361,64,91
23,1668,361,63,91
24,1668,361,64,92
25,1668,362,64,92
26,1668,363,64,93
27,1667,363,64,94
28,1668,363,64,94
29,1667,363,63,94
30,1666,362,63,94
31,1667,361,63,94
32,1666,362,63,93
33,1665,361,63,93
34,1664,361,63,92
35,1664,361,63,93
36,1662,360,63,92
37,1659,360,64,91
38,1657,359,63,92
39,1655,359,64,92
40,1653,359,63,93
41,1650,358,65,93
42,1647,358,65,93
43,1645,357,65,93
44,1642,356,65,92
45,1640,357,65,92
46,1637,355,65,91
47,1634,354,65,90
48,1632,354,65,88
49,1630,355,66,87
50,1628,353,66,86
51,1626,354,66,85
52,1624,354,67,84
53,1623,354,67,84
54,1623,354,68,84
55,1620,354,69,84
56,1620,353,69,84
57,1619,353,70,85
58,1618,352,70,85
59,1618,352,70,85
60,1618,351,70,86
61,1619,351,70,86
62,1618,351,70,85
63,1619,351,70,86
64,1619,350,70,85
65,1620,350,70,85
66,1621,350,70,86
67,1623,351,70,86
68,1625,350,70,85
69,1628,350,69,85
70,1629,350,69,85
71,1631,350,69,84
72,1633,350,69,84
73,1635,350,69,85
74,1637,350,69,86
75,1639,349,69,86
76,1641,350,69,87
77,1643,351,69,88
78,1644,350,68,89
79,1646,351,68,90
80,1647,349,68,90
81,1649,351,68,92
82,1650,349,68,92
83,1652,350,67,93
84,1653,350,67,93
85,1654,350,66,93
86,1656,350,66,93
87,1657,350,65,94
88,1660,349,64,94
89,1660,350,64,93
90,1661,349,63,92
91,1663,348,62,92
92,1663,348,62,90
93,1663,348,63,86
94,1663,348,63,84
95,1663,349,64,81
96,1663,349,65,78
97,1664,349,65,76
98,1664,349,64,74
99,1664,350,64,72
100,1664,350,64,70
101,1664,350,64,68
102,1664,350,64,67
103,1664,350,64,65
104,1664,351,63,65
105,1664,350,63,64
106,1664,351,63,63
107,1665,351,62,64
108,1665,350,62,65
109,1665,350,62,66
110,1664,351,62,65
111,1665,350,62,66
112,1665,350,62,65
113,1666,349,61,66
114,1665,349,61,66
115,1664,349,62,65
116,1665,350,63,64
117,1664,352,64,65
118,1664,352,64,67
119,1664,353,64,70
120,1664,353,64,72
121,1664,353,64,75
122,1664,353,64,77
123,1665,354,64,81
124,1664,354,63,84
125,1664,353,63,87
126,1664,353,64,89
127,1664,352,64,90
128,1664,352,65,90
129,1663,352,65,90
130,1663,352,66,90
131,1663,351,66,90
132,1663,352,66,90
133,1663,352,67,90
134,1662,352,67,90
135,1662,352,67,90
136,1662,352,67,90
137,1662,353,67,90
138,1662,352,67,90
139,1662,352,67,90
140,1662,351,67,90
141,1663,352,67,90
142,1663,352,67,90
143,1662,352,67,90
144,1663,352,67,90
145,1663,353,67,89
146,1663,353,67,89
147,1664,353,67,90
148,1664,353,67,90
149,1664,353,67,90
150,1664,353,67,89
151,1664,353,67,90
152,1664,353,67,90
153,1664,354,67,89
154,1663,353,67,89
155,1662,354,67,89
156,1661,354,67,89
157,1659,354,67,90
158,1657,354,67,90
159,1655,354,67,90
160,1653,352,67,92
161,1649,353,68,93
162,1645,352,67,94
163,1643,352,68,93
164,1640,352,68,92
165,1637,351,68,90
166,1635,351,68,88
167,1633,352,68,87
168,1630,352,68,86
169,1626,352,68,84
170,1623,352,69,83
171,1622,352,69,83
172,1620,353,69,82
173,1617,352,69,81
174,1616,352,70,81
175,1614,352,70,81
176,1612,352,70,81
177,1611,352,70,82
178,1610,352,70,83
179,1610,352,70,84
180,1610,352,69,84
181,1610,351,69,84
182,1609,350,69,84
183,1610,351,69,83
184,1611,350,69,83
185,1611,351,69,82
186,1612,351,69,82
187,1613,351,69,81
188,1614,351,69,82
189,1616,350,68,81
190,1618,351,68,81
191,1619,351,68,80
192,1620,351,68,80
193,1622,351,68,80
194,1622,351,68,80
195,1623,351,68,80
196,1623,352,68,79
197,1624,352,68,79
198,1625,352,68,78
199,1625,352,68,78
200,1628,352,67,78
201,1628,353,67,81
202,1629,353,67,83
203,1630,353,66,85
204,1630,353,66,86
205,1631,352,66,88
206,1631,352,66,88
207,1631,352,66,90
208,1632,351,66,90
209,1632,352,67,91
210,1632,352,67,91
211,1633,352,66,92
212,1633,351,66,93
213,1635,352,65,94
214,1635,351,64,94
215,1635,351,64,95
216,1637,351,63,95
217,1637,351,61,96
218,1637,351,61,95
219,1639,352,60,96
220,1639,352,59,96
221,1640,351,58,95
222,1642,351,56,94
223,1644,351,55,93
224,1644,350,55,93
225,1645,351,53,93
226,1645,350,52,93
227,1645,350,51,93
228,1646,350,51,92
229,1647,351,50,92
230,1647,351,50,91
231,1647,351,49,91
232,1647,350,49,91
233,1647,351,49,90
234,1648,350,49,89
235,1647,351,49,89
236,1647,351,49,89
237,1647,352,49,89
238,1647,351,49,89
239,1648,352,49,89
240,1648,351,49,89
241,1647,351,49,88
242,1647,352,49,89
243,1646,351,50,89
244,1646,351,50,89
245,1646,351,49,89
246,1646,350,50,89
247,1644,351,50,89
248,1644,351,50,89
249,1644,351,50,89
250,1639,350,52,88
251,1639,351,54,88
252,1637,350,55,88
253,1635,349,57,89
254,1633,350,58,91
255,1632,350,59,92
256,1630,349,60,93
257,1629,349,61,92
258,1628,348,62,90
259,1627,349,62,90
260,1625,348,64,89
261,1624,348,65,88
262,1623,349,65,87
263,1623,349,66,85
264,1622,349,66,84
265,1622,348,67,82
266,1621,349,67,80
267,1621,351,67,80
268,1621,351,68,80
269,1620,352,68,81
270,1618,351,69,81
271,1619,352,69,82
272,1618,351,69,82
273,1617,351,69,82
274,1617,351,69,81
275,1616,352,69,81
276,1615,351,69,81
277,1615,352,69,82
278,1615,352,69,82
279,1614,352,69,81
280,1613,352,69,81
281,1613,352,69,81
282,1612,352,69,81
283,1611,352,69,82
284,1610,353,69,82
285,1610,353,69,82
286,1610,352,69,82
287,1610,353,69,82
288,1609,352,69,83
289,1609,353,68,83
290,1608,352,68,83
291,1608,353,68,83
292,1608,353,68,84
293,1607,352,68,84
294,1607,352,68,84
295,1607,353,68,84
296,1606,353,68,84
297,1606,352,68,84
298,1606,352,68,84
299,1606,352,68,83
300,1605,352,68,83
301,1605,352,68,83
302,1605,352,68,83
303,1606,353,68,83
304,1605,352,68,83
305,1606,352,68,83
306,1606,352,68,83
307,1606,352,68,84
308,1607,352,68,84
309,1607,353,68,84
310,1607,352,68,84
311,1608,352,68,84
312,1610,352,69,84
313,1611,352,69,83
314,1613,353,69,83
315,1615,352,69,82
316,1617,353,69,82
317,1620,353,69,82
318,1625,353,68,83
319,1628,353,68,83
320,1632,353,68,82
321,1634,353,68,83
322,1637,353,68,84
323,1640,354,68,85
324,1643,353,68,86
325,1645,354,68,88
326,1648,354,68,89
327,1650,353,68,89
328,1654,354,67,89
329,1656,354,66,89
330,1658,353,66,89
331,1660,354,66,89
332,1662,354,66,90
333,1663,354,66,91
334,1666,354,65,92
335,1667,354,65,92
336,1668,354,65,93
337,1669,355,66,93
338,1669,355,65,94
339,1670,355,63,95
340,1670,352,64,94
341,1670,354,64,93
342,1670,354,65,92
343,1670,353,65,90
344,1669,352,64,88
345,1669,351,64,86
346,1668,351,64,83
347,1669,352,63,80
348,1667,352,63,76
349,1667,352,63,73
350,1667,352,63,69
351,1667,351,61,67
352,1668,351,59,66
353,1667,351,59,64
354,1666,351,60,60
355,1665,350,60,58
356,1665,351,60,57
357,1664,352,60,55
358,1664,351,59,53
359,1664,351,58,53
360,1664,353,58,52
361,1659,351,64,49
362,1651,351,67,49
363,1639,353,69,49
364,1638,359,69,49
365,1633,354,70,49
366,1622,349,71,50
367,1622,345,74,51
368,1625,343,74,51
369,1627,341,75,52
370,1631,344,74,53
371,1636,340,74,53
372,1638,339,75,53
373,1641,335,75,54
374,1640,335,75,55
375,1642,332,75,55
376,1643,330,75,56
377,1645,325,76,57
378,1647,319,76,58
379,1649,329,76,62
380,1651,324,76,65
381,1653,327,77,69
382,1653,321,79,71
383,1653,318,82,74
384,1650,314,87,76
385,1650,312,91,77
386,1642,309,98,78
387,1641,305,106,78
388,1637,301,111,78
389,1633,305,117,77
390,1629,303,129,74
391,1625,297,135,75
392,1619,302,143,73
393,1619,295,151,73
394,1619,288,155,74
395,1612,287,162,75
396,1611,277,168,75
397,1606,278,174,76
398,1601,274,178,79
399,1596,271,184,81
400,1596,268,187,83
401,1591,264,191,85
402,1588,263,195,85
403,1591,263,195,87
404,1587,260,199,86
405,1585,256,203,87
406,1584,256,204,86
407,1584,252,207,87
408,1583,251,207,88
409,1585,248,208,88
410,1587,250,208,88
411,1583,244,209,90
412,1587,242,209,92
413,1588,241,207,93
414,1585,240,208,94
415,1591,241,206,96
416,1588,232,210,96
417,1585,233,211,97
418,1593,238,206,99
419,1581,229,211,99
420,1584,230,209,100
421,1587,234,207,102
422,1584,227,210,103
423,1584,229,209,104
424,1580,224,211,105
425,1586,227,209,106
426,1579,221,213,107
427,1588,224,210,108
428,1580,217,214,109
429,1583,222,212,109
430,1579,216,215,110
431,1583,219,213,110
432,1586,222,210,111
433,1579,216,214,111
434,1580,218,213,111
435,1577,213,215,111
436,1582,218,212,112
437,1583,220,210,112
438,1584,220,210,113
439,1585,221,209,114
440,1582,213,213,114
441,1588,218,210,114
442,1584,220,210,114
443,1587,220,208,115
444,1588,219,208,115
445,1591,220,207,116
446,1587,222,207,117
447,1581,212,213,116
448,1587,218,208,117
449,1587,219,207,117
450,1587,219,207,117
451,1587,220,207,117
452,1589,221,205,117
453,1589,222,205,117
454,1592,225,202,118
455,1591,226,202,118
456,1593,228,201,119
457,1595,233,199,119
458,1596,236,196,121
459,1590,229,199,123
460,1593,233,197,123
461,1595,235,196,123
462,1595,236,196,124
463,1600,240,194,124
464,1595,233,197,124
465,1599,243,193,125
466,1598,238,196,125
467,1600,246,192,125
468,1593,237,200,126
469,1599,254,191,128
470,1605,259,185,130
471,1602,257,187,132
472,1594,252,194,129
473,1596,262,192,130
474,1590,261,196,129
475,1587,265,199,124
476,1589,273,197,123
477,1589,278,197,122
478,1593,287,193,124
479,1591,284,196,125
480,1589,291,196,125
481,1585,287,201,124
482,1586,291,201,122
483,1585,296,200,122
484,1583,299,200,124
485,1584,300,200,127
486,1584,307,199,130
487,1584,312,198,133
488,1587,317,196,136
489,1589,327,192,140
490,1592,333,189,146
491,1590,327,192,149
492,1590,334,190,151
493,1594,341,187,154
494,1594,343,187,154
495,1590,331,189,157
496,1590,339,186,159
497,1590,340,187,161
498,1590,334,189,162
499,1589,338,190,162
500,1592,341,189,164
501,1588,343,190,166
502,1594,341,188,168
503,1587,350,187,172
504,1582,369,185,170
505,1586,354,186,173
506,1577,373,187,171
507,1574,380,187,168
508,1574,368,189,170
509,1568,372,192,176
510,1567,372,190,178
511,1565,373,189,180
512,1562,381,187,179
513,1560,378,191,179
514,1558,374,189,183
515,1551,376,189,183
516,1552,379,190,179
517,1545,366,189,183
518,1538,383,189,176
519,1533,383,191,172
520,1532,384,189,171
521,1528,384,186,169
522,1524,377,186,167
523,1522,377,185,168
524,1519,384,182,167
525,1516,371,180,168
526,1514,366,181,171
527,1513,359,183,172
528,1507,379,178,173
529,1503,374,177,175
530,1500,373,176,176
531,1499,370,176,179
532,1494,374,173,181
533,1488,381,168,181
534,1487,387,166,182
535,1483,383,163,183
536,1483,386,159,181
537,1482,385,156,182
538,1482,385,155,182
539,1477,386,151,181
540,1475,385,145,181
541,1476,380,145,180
542,1470,382,141,181
543,1471,381,139,183
544,1472,373,138,184
545,1469,387,134,185
546,1473,378,135,186
547,1470,373,134,185
548,1470,377,131,188
549,1472,374,130,187
550,1470,383,128,189
551,1472,375,127,190
552,1470,374,126,191
553,1471,374,126,193
554,1471,375,126,195
555,1470,374,125,196
556,1470,373,124,195
557,1469,374,123,197
558,1469,374,123,198
559,1469,374,121,199
560,1469,377,119,201
561,1468,378,120,202
562,1468,375,121,202
563,1468,381,119,204
564,1468,377,119,204
565,1468,380,118,205
566,1467,381,117,205
567,1468,387,115,206
568,1471,404,115,203
569,1466,422,118,195
570,1469,422,120,190
571,1462,432,122,183
572,1461,442,125,179
573,1462,447,126,176
574,1462,460,129,169
575,1462,473,131,163
576,1461,490,136,153
577,1460,503,140,147
578,1459,519,143,140
579,1461,530,145,137
580,1462,540,147,134
581,1463,546,148,136
582,1461,554,147,137
583,1464,549,141,146
584,1468,554,138,152
585,1468,544,135,158
586,1464,536,134,160
587,1458,535,134,160
588,1432,534,130,158
589,1405,508,122,157
590,1422,524,131,159
591,1410,522,130,158
592,1413,529,134,160
593,1414,535,139,157
594,1419,552,147,156
595,1427,538,149,156
596,1413,554,152,154
597,1426,549,153,155
598,1422,571,159,153
599,1423,579,158,149
600,1411,574,154,145
601,1411,569,153,144
602,1408,554,154,135
603,1414,553,163,131
604,1400,561,171,129
605,1375,559,173,126
606,1428,537,176,130
607,1438,529,180,134
608,1434,532,188,138
609,1432,536,194,144
610,1430,536,201,148
611,1426,537,207,152
612,1432,532,209,157
613,1420,534,212,163
614,1417,537,215,170
615,1400,548,218,174
616,1406,532,212,179
617,1399,520,205,181
618,1410,525,206,185
619,1416,524,206,190
620,1425,507,203,191
621,1414,522,210,196
622,1423,526,212,200
623,1418,518,211,201
624,1414,537,224,202
625,1428,521,223,200
626,1415,531,235,201
627,1407,532,242,204
628,1427,523,241,205
629,1402,524,249,214
630,1416,517,249,217
