1.0
0.9721115537848606
0.9503788578820921
1.0
0.9646410803127221
0.9435753207945158
0.9303892879311874
0.9699627857522595
0.9699627857522595
0.9641670408621464
1.0
0.9578364165649357
0.9684059358544759
0.9575613762891302
0.9717595944967415
0.9809885931558935
0.9640427599611273
1.0
0.9795900792283845
0.9846153846153847
0.9704404123008774
0.9380687766771362
0.9744501940491591
0.9439981280711333
0.9705655725073201
0.9440559440559441
0.9549707157526431
0.9722538094155105
0.9591836734693877
0.9755640506708643
0.9330024813895782
0.9710144927536232
0.9851049424509141
0.9728718428437793
0.982346508358069
0.9773514951237204
0.9161047514505253
0.9954030536857659
0.9596904224443727
0.9596904224443727
0.9926082365364308
0.9802026500389711
0.937939375614181
0.9808049535603716
0.9411588111678175
0.9753471680449368
0.9753471680449368
0.9621142682554231
0.9710144927536232
0.9323275230701626
0.9645347529429407
0.9323220536756126
0.9757539021063798
0.9928057553956835
0.995973562257844
0.9964917632702868
0.9436110892955313
0.9428116288331342
0.9820663386764006
1.0
0.9749487947061604
0.9401309635173059
0.9742222222222222
1.0
0.975
0.9243096832443006
0.9396009626581787
0.9680093859992178
1.0
0.9965059399021663
0.9856115107913669
0.9375
0.9476575614222493
0.9446854663774403
0.9410136122433285
0.9403136459389873
0.9319707138499085
0.8909512761020881
0.931292842340188
0.9436665581243895
0.9211791092598526
0.9280540801545147
0.9386374617490739
0.9105408606395579
0.8979210464844662
0.9176075678974672
0.8820497497572272
0.8747708776303248
0.9195910894110467
0.8709796128652388
0.9051937345424568
0.9129941794542293
0.9024353120243531
0.909754984020697
0.9374313940724479
0.9536423841059603
0.912379124529416
0.922266139657444
0.9291509707331208
0.9305674365554605
0.9212697524821704
0.8976888768752534
0.9028426531429334
0.8884098402231804
0.922182006204757
0.9757826343768459
0.945820145224353
0.9244314013206163
0.8938819707634001
0.9222690358429505
0.8974781993872261
0.9349218703226965
0.8572409845449341
0.9264356905552918
0.9555396199354608
0.9424460431654677
0.9230252852987245
0.9564125969876769
0.9853008727606798
0.9420257539439211
0.9098691649168147
0.9043933054393305
0.879681768869143
0.8919677670912399
0.8923982040563555
0.9244176998495617
0.9375353743246719
0.97152
0.8992988214232434
0.9444106309596267
0.9511978704525288
0.9511978704525288
0.9314179796107507
0.9511424278534791
0.9506963935815284
0.9223300970873787
0.9706427168116756
1.0
0.9289735816370723
0.8955462992630567
0.9289314795324877
0.928679055750879
0.9208543425301683
0.9150005584720206
0.8701800184913254
0.895499366495896
0.8892778993435448
0.8956864031490898
0.8956864031490898
0.9150005584720206
0.9569551427276847
0.9569551427276847
0.9637579367309097
0.9289078517205076
0.8889930000551177
0.8952100793694844
0.8952100793694844
0.8819314298313307
0.9161156347341385
0.9493761336777882
0.929345470307759
0.9091202582728006
0.9141274238227147
0.9271559836156316
0.9357214596585203
0.9424525120827245
0.9424525120827245
0.9289236053404244
0.9289236053404244
0.9289236053404244
0.9224337110793267
0.9224337110793267
0.928964152188256
0.9019985685184165
0.9018084988350161
0.9217886451180707
0.9285714285714286
0.9152486004101769
0.9152486004101769
0.94901625320787
0.9776684986982933
0.9630182611691742
0.9623994909469543
0.9142334723730072
0.9276270006958942
0.9271827500883705
0.9413805479124298
0.9128490269551554
0.9175724068605893
0.9181196908730919
0.931298213226083
0.9250693802035153
0.9320153318539439
0.9178292503838195
0.9457375017215259
0.9382819015846539
0.8929156563339669
0.9076677103457464
0.8745758200811764
0.9042863087806908
0.8843780002743108
0.8855926383738497
0.8909153713298791
0.8833922261484098
0.9067447862174792
0.9034463706057048
0.9284408828904822
0.9114622869367194
0.9210392994137656
0.9121755027422304
0.8977305372019535
0.934094447327452
0.9530719357826489
0.9345948787264399
0.8836567109948404
0.8705682907053881
0.9140093698050477
0.9323952278984399
0.9488002445361455
0.9471048038248463
0.9311634867190423
0.9615581752947207
0.9418158104485183
0.9662384224678817
0.9727450685137781
0.9658106785149484
0.935892657472978
0.977474807350326
0.9967727063162748
0.9516043790109475
0.9452914798206278
0.9990052796694467
0.985248447204969
0.9561498876567369
0.9612357913144856
0.9579572969403478
0.9778879146016012
0.9645079511408159
0.995765081901718
0.9892118916248044
1.0
1.0
0.9752204955900882
0.9329175796393055
0.9896123638206232
0.9662337662337662
0.9894736842105263
0.9711350708888701
1.0
0.9398726114649681
0.9918032786885246
0.983117816091954
0.9862989941033645
0.9707857329728787
0.975609756097561
0.966768456978624
0.9731187472814267
0.9668362870679067
0.9345875043148084
0.949829779609389
0.9785454545454545
0.9259196760040499
0.9649275110686691
0.9976363636363637
0.9429477020602218
0.9354355676913592
0.9553563504038342
0.944888178913738
0.9752305188935093
0.9895224849327771
0.9787234042553191
0.952335648368376
0.9761950470339796
0.9681770684905481
0.9890823529411765
0.9322094691535151
0.9540897097625329
0.9442771084337349
0.9622641509433962
0.9311804358049851
0.9245283018867925
0.9497953027364792
0.9669421487603306
0.956140350877193
1.0
1.0
0.9571962079862109
0.9665976943541236
1.0
1.0
0.9901589704769115
0.9737891317188423
0.9648404940516784
0.9726535868494811
1.0
0.9306854776874712
0.9574223245109321
0.8952872081363702
0.8435865986701956
0.93441317047265
0.9515311295883188
0.9400066956812856
0.9630081300813008
0.9415593040244389
0.892368162463151
0.930605474149848
0.8791351914561084
0.9348088531187123
0.9000262398320651
0.9267660401814647
0.9183149242229643
0.9082626850563077
0.8454103581205654
0.8537918469596902
0.8341744772891132
0.8580260072479216
0.9074044113681713
0.822760552307012
0.8341648373578128
0.8476190476190476
0.8286742592318691
0.773711267273499
0.768795033307654
0.7653500897666068
0.7028542303771662
0.7012666556999506
0.7181216134858519
0.7089885459134149
0.7298502343660683
0.7623550945698597
0.6973598825096485
0.5933247089262613
0.5800401411862413
0.6237251744498121
0.6560485961923106
0.6481192966837303
0.6366295527458011
0.6579129232895646
0.6662076562930322
0.630924422375808
0.6751204723875025
0.6420306084359836
0.6575704807459166
0.6436423439799186
0.6458400987205299
0.6418367787320357
0.6329309016182892
0.6279268501110922
0.6673500098139707
0.6157065324004446
0.6038899325892364
0.602291252596083
0.6041666666666666
0.615669086426517
0.615669086426517
0.6273843863403741
0.6327718079864858
0.6341168091168091
0.6391752577319587
0.6372984454958
0.6406972780834591
0.6577588142825062
0.6583760058522312
0.6887516862094013
0.7107653781602152
0.7389033942558747
0.7255642251866767
0.7350170608650004
0.7566075660756607
0.7323759791122716
0.7159385917118041
0.7256677975033761
0.7376748607904386
0.7728512960436562
0.7846153846153846
0.7793135222299009
0.77142175192935
0.7241463713131807
0.7021332172398781
0.7315983053214767
0.761720877271152
0.7990624334114639
0.8115717992601998
0.7842567292599267
0.9005745690731951
0.9009009009009009
0.911895783339047
0.9444482925815613
0.9721601300548669
0.9183659824831183
0.941349621016999
0.8817800300894766
0.9371493617367266
0.9357798165137615
0.9458453906572964
0.9375
0.9365093113902122
0.9642857142857143
0.955616850551655
0.9461966604823747
0.9120135363790186
0.92041928721174
0.9297425877155722
0.9297906331455478
0.9583333333333334
0.9410760034158838
0.9514663898261095
0.9206963249516441
0.9383798364663238
0.976
0.91659200130325
0.9313733452448631
0.9250417760802101
0.9564652371669915
0.9306993786840847
0.9454645756166759
0.9489005399483528
0.8998407764045796
0.8740831295843521
0.9167884334384373
0.9428571428571428
0.9753566796368353
0.9448275862068966
0.9723648444578677
0.9998436278342455
0.9576682859125607
0.935659760087241
0.9244587008821171
0.9363891487371375
0.9124901806755695
0.9959977129788451
0.9446303620322483
0.9813923644529997
1.0
0.9817728618164823
0.9537705421594225
1.0
0.9098626331223955
0.9298685034439574
0.9367663171075286
0.9593250019899705
0.9587628865979382
0.9625503673856364
0.9681235117904601
0.9576739898601936
0.9407829722538958
0.9080038861071669
1.0
0.9270777479892761
0.9545489740611692
