1.0
0.6548589239910386
0.6548589239910386
0.6524640657084189
0.6197367408205681
0.6207338978701565
0.6336813871060446
0.6283443624734826
0.6262651350512263
0.6132478632478633
0.6911266303789668
0.7818711900344554
0.5773126266036462
0.5749922859652038
0.4425654774180243
0.42862434753325473
0.42862434753325473
0.4468113975576662
0.45607062524311254
0.46443430072933684
0.3773108975382356
0.37911879813154903
0.39265680775114736
0.4326330804642417
0.3831722569641842
0.3651736660769159
0.37699475206169003
0.3183978620118063
0.33414813421992784
0.3644488404542805
0.3270544653934194
0.3281650240037999
0.31088790678987543
0.2993880506376419
0.2682741982341573
0.23761795335647581
0.31304402084048294
0.32256172289901225
0.2861370794380843
0.2968197879858657
0.28414274215186475
0.29504221304113526
0.277130570758405
0.1731671963722922
0.0
0.0
0.0
0.0
0.0
0.10263797605113892
0.11074569170520436
0.11863611320831718
0.09732119943936672
0.06366296192582149
0.0
0.0
0.0
0.0
0.0
0.0
0.0
0.0
0.0
0.0
0.0
0.0
0.0
0.0
0.0
0.0
0.0
0.3690525709531885
0.3690525709531885
0.345501762196253
0.41563205417607224
0.40358652175254234
0.41280095769822184
0.3654894506150535
0.3723944635048244
0.37384295106775867
0.37082992792926667
0.37221269296740994
0.38304201582641495
0.3826112639711483
0.38402908341979825
0.4091570667657624
0.38122198984164923
0.35191821510966576
0.3586668942562089
0.31065867288806903
0.3161841325623685
0.2714302566178979
0.0
0.004121600689627305
0.0
0.0
0.0
0.0
0.0
0.0
0.0
0.0
0.0
0.0
0.0
0.0
0.0
0.0
0.0
0.0
0.0
0.0
0.0
0.0
0.0
0.0
0.0
0.0
0.0
0.0
0.0
0.0
0.0
0.0
0.0
0.0
0.0
0.0
0.0
0.0
0.0
0.0
0.0
0.0
0.0
0.0
0.0
0.0
0.0
0.0
0.0
0.0
0.0
0.0
0.0
0.0
0.0
0.0
0.0
0.0
0.0
0.0
0.0
0.0
0.0
0.0
0.0
0.0
0.0
0.0
0.0
0.0
0.0
0.0
0.0
0.0
0.0
0.0
0.0
0.0
0.0
0.0
0.0
0.0
0.0
0.0
0.0
0.0
0.0
0.0
0.0
0.0
0.0
0.0
0.0
0.0
0.0
0.0
0.0
0.0
0.0
0.0
0.0
0.0
0.0
0.0
0.0
0.0
0.0
0.0
0.0
0.33707547012675515
0.33707547012675515
0.3060919397035007
0.3141944588873208
0.3076128143300034
0.3286547395472966
0.3286547395472966
0.3286547395472966
0.0
0.0
0.0
0.0
0.0
0.0
0.0
0.0
0.0
0.0
0.0
0.0
0.0
0.0
0.0
0.0
0.0
0.0
0.0
0.0
0.0
0.0
0.0
0.0
0.0
0.0
0.0
0.0
0.0
0.0
0.0
0.0
0.0
0.0
0.0
0.0
0.0
0.0
0.0
0.0
0.0
0.0
0.0
0.0
0.0
0.0
0.0
0.0
0.0
0.0
0.0
0.0
0.0
0.0
0.0
0.0
0.0
0.0
0.0
0.0
0.0
0.0
0.0
0.0
0.0
0.2957061977052959
0.240428252638969
0.240428252638969
0.2999772744489054
0.2737568571934171
0.27304589006555724
0.3238775966048693
0.23586897222419886
0.19880734827354044
0.2131332450590947
0.2258783884236087
0.19828342924022238
0.17468688200395519
0.18653096166650812
0.19861631594119342
0.17019790454016298
0.18203198494825965
0.14907941742236877
0.13855228862773789
0.15319207611343474
0.1287604204421892
0.14046498754497647
0.13799258547301935
0.14988115766416554
0.11529015826814626
0.09504187159377908
0.054239645356164976
0.06311083840995749
0.0906434063216582
0.08566246366993728
0.0950428706826247
0.09191495034326468
0.09191495034326468
0.0
0.0952352158664893
0.10100893496178977
0.10997835346693667
0.10055853081113383
0.10948397710684246
0.09038867813089208
0.09552293746836608
0.0
0.0
0.0
0.0
0.0
