1,1592,451,30,49
2,1599,448,28,52
3,1605,449,27,52
4,1611,449,27,53
5,1616,451,28,52
6,1621,447,29,54
7,1627,444,32,56
8,1633,443,34,59
9,1642,441,34,61
10,1650,438,36,64
11,1656,435,40,66
12,1667,433,43,69
13,1677,430,46,71
14,1686,430,50,72
15,1701,424,51,77
16,1716,420,49,80
17,1737,413,50,83
18,1753,408,50,87
19,1751,417,52,88
20,1781,413,50,87
21,1795,417,51,86
22,1820,417,52,85
23,1841,412,49,85
24,1867,411,47,86
25,1919,417,43,81
26,24,417,42,80
27,69,431,38,76
28,97,426,37,73
29,126,424,36,69
30,143,410,37,73
31,169,407,36,73
32,191,406,34,74
33,215,399,34,74
34,241,399,31,77
35,280,400,29,73
36,308,410,31,70
37,314,413,38,71
38,321,411,42,73
39,328,408,46,75
40,336,408,48,76
41,344,408,48,76
42,353,408,48,76
43,360,408,48,76
44,370,410,47,74
45,375,410,46,74
46,378,412,47,72
47,382,413,46,71
48,388,413,46,69
49,398,416,43,67
50,405,417,41,64
51,412,418,39,62
52,415,420,38,60
53,418,422,38,58
54,420,422,37,57
55,423,425,39,54
56,423,424,39,54
57,427,426,39,52
58,429,426,40,52
59,431,427,42,50
60,434,427,43,50
61,435,429,45,48
62,438,428,44,49
63,442,428,44,48
64,444,429,45,48
65,446,429,45,48
66,448,429,44,48
67,450,428,43,48
68,453,428,42,48
69,449,428,42,48
70,456,427,40,49
71,456,425,38,50
72,461,425,37,51
73,457,427,36,50
74,464,428,35,49
75,467,429,34,49
76,460,427,35,49
77,466,430,35,49
78,455,428,36,48
79,450,422,37,49
80,448,425,38,49
81,443,419,39,49
82,447,419,40,49
83,454,419,39,49
84,443,414,40,49
