1.0
0.885179564997471
0.88247493950916
0.8683255572835666
0.8967334035827187
0.9361554476058292
0.9876928410469752
0.9014634146341464
0.8440338239899781
0.9000333222259247
0.9378044819746671
0.9246917694101966
0.9356459717944562
0.8905756801442958
0.8599456685783278
0.9489222118088098
1.0
1.0
0.916116248348745
0.92
0.9448025785656728
0.9074336641685234
0.890625
0.7815468113975577
0.9392185238784371
0.833119931711481
0.8759655705142353
0.8440239963082603
0.7700818765213543
0.9384615384615385
0.8703947368421052
0.8677483885307846
0.9692307692307692
0.9412022817025011
0.8655287260616153
0.9995675675675676
0.8113241678726484
0.8796696076590952
0.9861197431116635
0.971830985915493
0.8728179551122195
0.9598246895544192
0.8693520140105079
0.937350222526532
0.9485446985446986
0.876439250730366
0.8091286307053942
0.7553635280095352
0.9078947368421053
0.9276437847866419
0.9632082413539367
0.9008053176530743
0.924953095684803
0.9661701590507448
0.8703394546466333
0.886654478976234
0.92
0.9285944378825298
0.9576261785912368
0.9579472558802566
0.8032303830623159
0.9536746401125663
0.9771137952956135
0.9280337591240876
0.8083722820564926
0.7099021396583182
0.6088741626449614
0.5841618820893433
0.7503242542153048
0.7466459797389796
0.9822400164254184
0.9249796876410581
0.9080992871253113
0.9540473965854073
0.9006755066299725
0.852878826422454
0.915769770706598
0.9409919623603215
0.8383922964203475
0.8871117292535929
0.9113466011889377
0.9326910210089656
0.9632764309281309
0.9515813042261405
0.9506172839506173
0.9873417721518988
0.916503819506129
0.9483937115516062
0.9324452901998097
0.86722571628232
0.9199845380749904
0.9559105431309904
1.0
0.9233097880928355
0.9686486486486486
0.9005360333531864
0.9325015994881638
1.0
1.0
0.9103825136612022
0.945179584120983
0.945516458569807
0.9037656903765691
0.9013184178985217
0.8992506244796004
0.826885502149277
0.9174977334542158
0.8571428571428571
0.7837960855712335
0.8480906420478389
0.9416740872662511
0.8782978723404256
0.9395914819643634
0.9560975609756097
1.0
0.9416195856873822
0.9415833973866257
0.9051934471941443
0.9260020554984584
0.8699895433949111
0.9250513347022588
0.9808957093642343
0.9354838709677419
0.8586688578471652
0.8970340004822763
0.8586437440305635
0.8391368317802844
0.9211785444472425
0.9262508892577662
0.9108935128518972
0.9669489210598197
0.9067622950819673
0.936036262906069
0.9551915201156348
0.9549461312438785
0.9838829655343417
0.924948358962589
0.9855137062625362
0.9852941176470589
0.9563621533442088
0.9212233549582948
0.9191246431969553
0.9605263157894737
0.9342105263157895
0.8381564844587353
0.9733333333333334
0.9115197779319917
0.892711560410892
0.8949269413889345
0.9127086007702182
0.9602595296025953
0.9660030627871363
0.8518737964745964
0.8998614958448753
0.9887640449438202
0.9771092217135383
0.9552295434425193
0.8506417736289381
0.898989898989899
0.9269391696169939
0.8833146010013283
0.9896907216494846
0.8754808665721806
0.9088145896656535
0.8701991078228702
0.9463548830811555
0.8681318681318682
0.9175879396984925
0.9045680687471732
0.9519336151557852
0.961839693384436
0.9153067885117493
0.934793597304128
0.944896449704142
1.0
0.9705882352941176
0.9699769053117783
0.9213649851632048
0.8632599118942731
0.9432768822689247
0.8816591311185374
0.9224194608809994
0.8836721861245022
0.9696157283288651
0.9380370872908186
0.9116430903155603
0.9450945094509451
0.96875
0.96875
0.9138002486531289
0.9136571191365712
0.9303675048355899
0.916968964127368
0.8525771291335673
0.9109237536656891
0.9187533777697712
0.8857844062676987
0.8573065902578797
1.0
0.9273797841020608
0.8904593639575972
0.9805013927576601
0.9653802497162316
0.9358446144791054
0.9090909090909091
0.9054181020983402
0.8845671267252195
0.9092096668843893
0.8735164462529671
0.8937034529451591
0.9263759828448892
0.9648518263266712
0.9423076923076923
0.927221833449965
0.9245830311820159
0.8720181749337372
0.9081592432006307
0.8598524762908325
0.9623402824478816
0.8548387096774194
0.9513437057991514
0.8684985279685966
0.8475789473684211
0.9191148416634872
0.888610972152743
0.9509585376727597
0.8983750322414238
0.8621321547914197
0.9814814814814815
0.941747572815534
0.9769146207401979
0.8976820737896036
0.892375274552871
0.9508881922675027
1.0
0.960619754680439
0.9665631717219967
0.8908358986502486
1.0
0.9107806691449815
0.9459545890629997
0.9007585335018964
0.8195014200063111
0.9379499485773054
0.9980747015787447
0.9334637964774951
0.8783831282952548
0.8909090909090909
0.8657301535445933
0.7697241821680565
0.8497049635543215
0.9409158050221565
0.91
0.8808290155440415
0.9132497458488648
0.9175662414131501
1.0
0.9046497939964685
0.9835926449787836
0.909952606635071
0.8501742160278746
0.9239105892978099
0.7857142857142857
0.9061256961018298
0.8830275229357798
0.8637270912720014
0.9172286940527283
0.9227530660809079
0.7614261331310449
0.8917801137342753
0.9489291598023064
0.9133611691022965
0.9730089970009996
0.9283330915421442
0.9275321768326805
0.9411764705882353
0.9018279432442797
0.9357177380376994
0.9196666666666666
0.8598443809711416
0.9705882352941176
0.8973123262279888
0.9354062875794537
0.9570196311719215
0.9808274470232089
0.9764801297648013
0.9060555289612254
0.8425214144520097
0.9571924012630053
0.9518140589569161
0.814262905800958
0.8811550310688737
0.8896564958741124
0.9276741247305433
0.9401022644265887
0.865979381443299
0.9262518968133535
0.9606849160752506
0.9325259515570934
0.9559322033898305
0.9667177273360257
0.9611347517730496
0.9618196588139724
1.0
0.8717161378369157
0.9331888768508487
0.8819821397303449
0.9459459459459459
0.9175019275250579
0.8469493278179938
0.8050245767340252
0.8584310189359784
0.9076512116008395
0.8842690170530753
0.9660823170731707
0.9101654846335697
0.9588906372934697
0.8777348777348777
0.9117330462863293
0.9326573560359671
1.0
0.9151574481970958
0.9733333333333334
0.9752857584182886
0.8768980477223427
0.9759036144578314
0.7094594594594594
0.838726378462335
0.9669189453125
0.841688654353562
0.833877250236867
0.9372702768929184
0.9524486367747771
0.9381696140441461
0.9526302015179272
0.9858497046297569
0.9379586390927285
0.935064935064935
0.9504766949152542
0.914471017430077
0.925
0.9146970931812007
0.9200478914460556
0.8986175115207373
0.967391304347826
0.8621311106104979
0.9207860368607348
0.978021978021978
0.9179463671785468
0.9242894673990925
0.89
0.8569509738079247
0.8076840981856991
0.6651895153686592
0.7870370370370371
0.7898638928848069
0.9433064622703846
0.923265306122449
0.8831366577845451
0.8467076842518654
0.8232189973614775
0.9111111111111111
0.9890425969045337
0.920125071063104
0.9629629629629629
0.8814432989690721
0.9493670886075949
0.9149540517961571
0.8164330450342976
0.7313090804926955
0.8698830409356725
0.9848584595128373
0.9844357976653697
0.0
0.9142857142857143
0.9242424242424242
0.9355498721227622
0.9994794377928162
0.7970940606678563
0.8608650338718082
0.9508196721311475
0.8692289098380469
0.8906819364914107
0.8956962025316456
0.9388734528921445
0.9239794671229529
0.9059500959692899
0.879877039489241
0.9692307692307692
0.9403281949278965
0.9708832884756545
0.9389059910016576
0.8802308802308803
0.8296349319971367
0.7673267326732673
0.9388541165142031
0.8974987739087789
0.921476343819668
0.7815446789402783
0.9694709857841994
0.8823529411764706
0.953125
0.887793427230047
0.924631894185176
0.909648907439234
0.9078185328185329
0.9120254603318936
0.922781666290359
0.9357541899441341
0.968798751950078
0.9834841628959275
0.8882717368083742
0.9697235629662132
0.9714285714285714
0.9573835480673935
0.9068100358422939
0.8221611721611721
0.8102893890675241
0.8435018400154949
0.8385951802727443
0.7110091743119266
1.0
0.9258118037449633
0.9271096803862957
0.9226333493512734
0.9846153846153847
0.898347294543808
0.9249205184641721
0.8204675782973092
0.8950843727072634
0.7760402862443678
0.7453567937438905
0.8937098844672657
0.8918058870326173
0.8097412480974124
0.752168199737188
0.7969924812030075
0.8360655737704918
0.8044930176077717
0.7055214723926381
0.5415162454873647
0.671244635193133
0.6233993015133876
0.6216216216216216
0.6650602409638554
0.6673151750972762
0.6844974446337309
0.6524347212420607
0.6415362731152204
0.8473760231102552
0.911062906724512
0.8815489749430524
0.9534883720930233
0.8414918414918415
0.9523809523809523
0.9263093788063338
0.9761904761904762
0.8691453404152584
0.9601167315175098
0.9574468085106383
1.0
0.7730061349693251
0.8930623066725586
0.827027027027027
0.870509277536518
0.8541123930033495
0.9429542878730639
0.8934592043155766
0.8989025606917194
0.9640221402214022
0.9666975023126735
0.9307479224376731
0.9022277227722773
0.9322429906542056
0.969254820218864
0.9089635854341737
0.8838021338506304
0.876238484269077
0.9746835443037974
0.9535091640590077
0.9540229885057471
0.9465847317419049
0.9211883639364555
0.943535335371336
0.8493411652643277
0.9346910112359551
0.8933717579250721
0.957980558168705
0.8550213944122829
0.8937250634747914
0.847070408665682
0.760123765063511
0.6543487231213608
0.5888169723121179
0.4987456836761798
0.4685043898324579
0.4470558561863707
0.37051582715245907
0.5593880199439929
0.6049705838842928
0.5997405966277561
0.6745901746753502
0.7647767876361444
0.8340083533729907
0.8602165367905662
0.880654807544855
0.8979994420754792
0.8895595606270662
0.8662020905923344
0.8794124374189941
0.9284410772548802
0.9336035870032553
0.9447236180904522
0.9445127736585023
0.9440989399293286
0.930646466132235
0.9053606882859033
0.9541141141141141
0.8763099458490786
0.8873666391086965
0.934333642417601
0.9528009838429244
0.9489843518086595
0.9215212414143984
0.8644417322503262
0.9093205354887598
0.9044371474278017
0.8987802812129426
0.9278543758070563
0.9599203491081643
0.9406090729118403
0.9266788868521914
0.9228166290686433
0.9643045257485515
0.9127932190025626
0.9452054794520548
0.9361907831131163
0.9056848052100906
0.9105691056910569
0.9284131652096845
0.9021505811834272
0.9517076530405543
0.9400168289457868
0.9504517279098975
0.9236683357646966
0.9304327038010997
0.9508038196542972
0.8875253856457677
0.8838523071360781
0.9752925877763329
0.9636761992619927
0.9436352948860296
0.9556513479944473
0.9638862256311921
0.988677303139475
0.9510659350544212
0.9051387167508819
0.9161913119789381
0.8552693208430914
0.8411996654319512
0.8937131899739762
0.8518172100481026
0.9157688540646425
0.9518072289156626
0.962517353077279
0.8472661545413466
0.9506172839506173
0.9012666450146152
0.9463980880846705
