1.0
0.9435215946843853
0.8875
0.8974504249291785
0.855522549284364
0.7365728900255755
0.6689834926151172
0.5979421471558921
0.5448671931083992
0.4848103258303164
0.44592442449688724
0.4357060849598163
0.40485398053073746
0.3402373749127298
0.2829780964541794
0.24962043404483344
0.22714396085500901
0.19242902208201892
0.15480609241008575
0.13904806455385335
0.13209883823789587
0.114726741760534
0.1043956043956044
0.09104732064691518
0.07992065241348908
0.07533682796863493
0.07132090098626125
0.0637037037037037
0.058017797941022506
0.05679257189218426
0.06187806233267667
0.06185931424531636
0.07160135462022255
0.07524184879971337
0.08915856603306296
0.09329794293297942
0.11061785896222982
0.11927969601850322
0.13445898161244696
0.16159105034182722
0.19786396852164137
0.21847246891651864
0.20615648761344127
0.23639774859287055
0.24897400820793433
0.25078566939032054
0.2730071843995895
0.30038510911424904
0.3191252779836916
0.377487695270704
0.3245331616226658
0.34695244474212994
0.3612273361227336
0.3791706387035272
0.3850267379679144
0.43427485062466054
0.38357588357588357
0.4079382579933848
0.5135861451179456
0.484472049689441
0.48366606170598914
0.5627817128139085
0.46021093000958774
0.4352
0.45608220086178325
0.5254065040650406
0.4980975441023867
0.4561161022805805
0.4561161022805805
0.4350828729281768
0.4350828729281768
0.4350828729281768
0.40358744394618834
0.3666436940041351
0.3697450034458994
0.3697450034458994
0.3251892635925671
0.3251892635925671
0.2949467170849089
0.27481964960494676
0.27481964960494676
0.2554067971163749
0.2554067971163749
0.2554067971163749
0.27481964960494676
0.24468085106382978
0.24922760041194644
0.2606456043956044
0.2526604874699622
0.2554067971163749
0.22873799725651578
0.21110349554489377
0.21110349554489377
0.21110349554489377
0.18829168093118795
0.18829168093118795
0.18829168093118795
0.17242559014710915
0.14935064935064934
0.14935064935064934
0.12286689419795221
0.12286689419795221
0.10320404721753794
0.10320404721753794
0.09368836291913216
0.0796812749003984
0.0796812749003984
0.07065750736015702
0.07065750736015702
0.07065750736015702
0.05725190839694656
0.05725190839694656
0.05725190839694656
0.032025117739403454
0.032025117739403454
0.032025117739403454
0.015838509316770187
0.015838509316770187
0.01050355267222737
0.0046612802983219395
0.0046612802983219395
0.0046612802983219395
0.0
0.0
0.0
0.0
0.0
0.0
0.0
0.0
0.0
0.0
0.0
0.0
0.0
