1,716,367,85,123
2,716,360,86,124
3,719,355,86,126
4,719,345,86,128
5,718,333,89,130
6,721,330,90,129
7,723,329,90,129
8,722,327,90,129
9,723,327,91,129
10,723,329,91,130
11,721,334,91,130
12,714,342,90,130
13,715,354,87,129
14,726,366,86,127
15,729,363,87,129
16,731,357,88,131
17,738,357,88,132
18,743,355,87,133
19,744,350,90,134
20,748,351,89,134
21,753,353,90,135
22,756,352,90,136
23,761,353,89,137
24,763,349,91,138
25,764,344,93,140
26,768,345,93,141
27,773,346,93,141
28,773,346,95,142
29,775,345,96,142
30,773,342,97,143
31,769,337,97,145
32,768,337,97,144
33,768,341,97,143
34,760,341,97,142
35,757,339,97,144
36,760,342,97,142
37,759,346,96,140
38,758,348,96,139
39,758,351,95,138
40,757,351,96,137
41,756,349,96,138
42,753,345,96,139
43,750,343,96,140
44,751,347,97,139
45,752,354,96,139
46,751,356,96,139
47,751,356,96,139
48,753,355,96,140
49,756,358,96,138
50,758,361,96,136
51,760,366,94,135
52,765,375,93,132
53,771,385,90,130
54,774,392,90,129
55,775,399,90,130
56,776,404,91,132
57,782,415,94,126
58,789,429,98,121
59,790,438,100,118
60,783,443,102,116
61,778,448,105,115
62,776,456,106,113
63,774,460,107,113
64,773,461,108,114
65,772,460,110,116
66,771,460,111,118
67,771,462,112,119
68,767,466,112,120
69,761,467,113,122
70,759,477,111,126
71,755,476,111,129
72,756,476,110,131
73,760,480,108,132
74,758,486,108,132
75,754,491,108,132
76,755,500,107,131
77,753,508,107,129
78,748,514,109,128
79,748,517,108,128
80,752,520,108,127
81,757,530,109,125
82,762,544,109,121
83,758,556,112,120
84,759,558,111,121
85,761,560,112,122
86,756,563,112,122
87,756,566,112,120
88,759,573,112,119
89,761,578,113,117
90,758,579,114,117
91,758,579,113,116
92,757,584,114,115
93,757,590,113,113
94,755,592,114,113
95,754,595,114,113
96,756,604,115,109
97,759,615,117,106
98,763,622,118,104
99,759,627,119,104
100,757,630,119,103
101,762,637,120,103
102,764,641,120,103
103,762,644,122,103
104,765,650,122,101
105,764,661,126,99
106,764,670,129,98
107,753,674,131,99
108,741,675,132,100
109,740,678,133,99
110,740,683,136,99
111,741,682,137,100
112,739,680,135,101
113,741,680,138,102
114,752,682,139,100
115,748,682,138,102
116,747,680,138,102
117,748,682,140,103
118,749,683,140,103
119,747,684,143,103
120,748,686,144,103
121,751,690,145,102
122,752,694,147,101
123,750,694,147,101
124,747,694,148,102
125,747,695,148,101
126,747,697,149,101
127,745,696,149,101
128,745,695,149,101
129,744,704,153,102
130,742,704,154,103
131,739,702,154,104
132,738,699,153,104
133,735,699,153,103
134,729,699,154,103
135,726,695,149,103
136,718,691,149,103
137,711,688,148,103
138,703,686,147,102
139,699,694,151,102
140,701,692,150,102
141,702,689,148,102
142,706,687,147,102
143,718,689,148,101
144,717,690,149,101
145,731,689,146,101
146,731,689,146,101
147,731,689,146,100
148,732,691,147,100
149,730,698,150,101
150,733,697,151,101
151,744,697,149,100
152,741,696,149,99
153,739,696,148,99
154,740,694,146,99
155,743,693,146,99
156,745,692,145,99
157,746,692,145,99
158,759,694,146,98
159,758,696,146,97
160,754,697,148,97
161,750,696,146,98
162,750,695,146,98
163,750,695,146,98
164,749,696,146,98
165,746,695,146,97
166,746,696,146,97
167,746,695,144,97
168,746,694,144,97
169,744,695,145,97
170,744,695,145,97
171,746,694,144,98
172,744,693,145,98
173,743,692,143,98
174,745,691,143,99
175,745,690,143,99
176,745,689,142,99
177,744,689,142,100
178,744,688,142,100
179,744,687,143,100
180,744,686,142,100
181,742,685,141,100
182,742,684,141,101
183,741,682,140,101
184,740,679,139,102
185,742,674,137,103
186,744,669,135,104
187,745,665,133,105
188,745,661,132,104
189,747,657,130,104
190,749,652,128,104
191,750,647,126,103
192,752,641,123,103
193,754,635,120,103
194,757,631,119,103
195,757,627,117,102
196,759,622,115,102
197,761,618,112,102
198,760,616,113,102
199,756,611,112,102
200,755,607,111,103
201,756,599,108,103
202,751,589,107,104
203,751,584,105,104
204,748,582,107,104
205,744,574,106,106
206,737,565,104,106
207,737,563,105,107
208,737,563,107,108
209,727,557,105,107
210,725,551,104,108
211,727,548,105,108
212,725,544,105,108
213,722,538,103,110
214,717,527,101,110
215,710,512,99,111
216,711,501,99,114
217,713,495,99,114
218,713,485,98,115
219,710,475,99,115
220,705,466,99,115
221,701,457,98,116
222,698,449,99,116
223,696,441,101,118
224,694,431,101,119
225,686,419,101,120
226,686,418,104,122
227,686,420,104,125
228,684,411,106,124
229,678,402,104,123
230,679,393,108,122
231,679,397,111,123
232,675,393,110,121
233,673,385,108,119
234,671,374,108,118
235,665,362,106,117
236,661,353,107,116
237,677,353,108,114
238,683,352,107,114
239,690,351,105,114
240,697,351,103,114
241,704,345,103,113
242,708,340,101,114
243,707,331,101,114
244,705,319,102,115
245,707,314,102,114
246,707,315,103,114
247,704,311,104,115
248,702,306,105,117
249,701,303,105,118
250,701,306,105,119
251,698,304,105,120
252,692,301,106,120
253,686,294,105,122
254,686,294,106,122
255,686,295,105,123
256,680,290,105,123
257,677,285,106,123
258,678,286,105,123
259,677,288,105,122
260,677,287,104,121
261,672,284,104,121
262,669,281,104,121
263,671,282,103,121
264,670,281,103,121
265,671,281,102,121
266,670,279,102,121
267,672,277,103,121
268,673,276,102,121
269,673,273,102,121
270,672,270,102,121
271,678,270,102,121
272,685,275,101,119
273,685,273,102,119
274,686,268,101,120
275,684,262,102,120
276,686,250,103,119
277,691,236,106,119
278,687,222,110,119
279,682,207,114,118
280,688,193,120,117
281,700,181,124,115
282,704,175,127,114
283,702,175,130,113
284,698,178,131,111
285,697,182,130,110
286,691,179,130,111
287,686,174,132,113
288,684,172,133,113
289,681,173,131,113
290,683,173,131,112
291,678,170,132,113
292,675,167,133,113
293,680,168,130,113
294,680,169,130,112
295,679,166,130,113
296,676,164,129,114
297,671,159,132,113
298,665,140,142,112
299,685,120,154,111
300,696,115,155,111
301,705,118,154,110
302,704,119,153,109
303,702,118,153,109
304,703,116,154,109
305,698,118,153,109
306,706,121,149,109
307,702,120,151,108
308,691,114,156,108
309,688,111,156,107
310,679,107,160,107
311,681,108,160,105
312,668,100,167,105
313,640,89,178,102
314,631,87,179,101
315,616,81,184,99
316,606,78,189,97
317,609,77,191,97
318,591,76,192,94
319,574,73,196,92
320,576,73,197,92
321,577,73,196,92
322,555,71,196,88
323,548,69,199,87
324,543,67,204,85
325,535,66,202,85
326,519,64,206,81
327,508,57,221,80
328,520,52,235,82
329,518,51,237,83
330,516,49,243,81
331,500,43,264,79
332,483,29,323,76
333,519,15,369,84
334,516,15,375,83
335,530,15,364,86
336,543,16,353,88
337,546,17,348,88
338,546,17,348,88
339,561,19,333,90
340,573,23,318,90
341,575,22,327,90
342,579,22,319,92
343,588,23,315,91
344,583,22,319,91
345,585,23,311,91
346,585,23,311,91
347,590,24,308,91
348,583,24,311,91
349,574,22,322,91
350,588,25,308,91
351,595,27,301,91
352,590,26,304,91
353,588,25,308,91
354,595,27,301,91
355,594,26,304,91
356,592,27,301,91
357,597,28,297,91
358,600,28,294,91
359,605,29,291,91
360,605,29,291,91
361,607,29,287,92
362,607,30,287,92
363,613,31,281,92
364,613,32,285,92
365,616,33,279,93
366,620,36,270,93
367,626,38,264,93
368,618,39,262,93
369,624,41,256,94
370,636,49,240,94
371,646,57,224,93
372,651,59,219,93
373,651,58,219,94
374,659,61,212,95
375,665,66,204,96
376,666,66,202,97
377,672,68,201,98
378,679,75,190,98
379,685,84,179,98
380,691,92,172,98
381,694,100,163,98
382,698,106,157,98
383,699,109,154,99
384,696,113,152,100
385,698,120,147,100
386,703,130,141,99
387,712,135,138,99
388,713,129,141,103
389,707,125,144,104
390,704,134,139,106
391,702,163,126,101
392,701,175,122,100
393,704,182,120,102
394,711,191,117,103
395,714,200,114,105
396,717,211,111,107
397,725,220,109,108
398,730,225,108,110
399,732,229,108,113
400,734,236,108,115
401,738,244,106,114
402,738,253,105,115
403,741,257,105,117
404,743,262,105,117
405,746,272,104,117
406,752,285,101,116
407,752,292,102,118
408,752,297,102,120
409,751,300,103,122
410,756,301,103,125
411,761,312,102,122
412,762,323,102,123
413,763,329,101,125
414,763,330,102,129
415,772,333,101,129
416,775,342,102,128
417,777,355,101,126
418,776,367,101,126
419,782,372,100,128
420,787,369,102,132
421,789,362,103,136
422,792,367,103,136
423,796,371,103,137
424,801,372,103,138
425,806,368,104,140
426,807,369,105,139
427,809,369,105,139
428,822,376,105,137
429,828,388,104,132
430,825,393,105,131
431,817,393,105,132
432,813,393,105,132
433,817,395,104,131
434,817,395,104,131
435,815,393,103,130
436,817,394,102,130
437,820,395,102,129
438,824,396,102,127
439,826,396,102,125
440,824,396,102,124
441,825,395,102,123
442,827,395,102,122
443,827,392,103,122
444,823,389,103,122
445,825,389,102,120
446,826,390,102,119
447,827,390,102,118
448,825,390,102,118
449,822,385,102,119
450,824,384,102,118
