1.0
0.75530708151029
0.7686622320768662
0.7444666400319616
0.7398791540785499
0.7593778591033852
0.765165118276212
0.7595498736890454
0.7848648648648648
0.7843137254901961
0.7769384923693541
0.8367346938775511
0.7210912052117264
0.7281645569620253
0.7797500596991165
0.7639143243888845
0.7701167194867434
0.7176409185803758
0.7717179294823706
0.7544927966731027
0.7652969406118776
0.7767414747886914
0.7780119168725476
0.7913438987989482
0.7632622873663686
0.7719928186714542
0.7972302604381976
0.7576197387518142
0.7863145258103241
0.7514987429897505
0.7837041007772715
0.760577915376677
0.7459052960295711
0.7848470460557553
0.7959265710840144
0.7668640664352324
0.8178786803831146
0.7533534081576786
0.7707868303571429
0.7581414644264676
0.7278635255889521
0.7543859649122807
0.7835521028663274
0.7594962015193922
0.7681236673773987
0.7346502936465563
0.7346502936465563
0.7667560321715817
0.7204968944099379
0.7118622202154422
0.6598543875335292
0.6455437970164478
0.6391485975731053
0.6608881184157888
0.6944632005401755
0.6989826854409485
0.680184912796806
0.6652402665731323
0.6765094142986173
0.7328190743338009
0.7191011235955056
0.7045326576576577
0.6652795117214593
0.6985856398457062
0.6863240476032179
0.6917001250575923
0.6568901606295116
0.6409670664382258
0.6409846153846154
0.7370964624009279
0.7124334481678672
0.6808277541083384
0.7003796601730254
0.7110091743119266
0.6969677985214885
0.7097973839446012
0.7376954255935148
0.8060465433699584
0.820293060547415
0.7905572330496843
0.7564523697794463
0.7495936060688161
0.7624197363974315
0.7855870667214687
0.781638723634397
0.7776606954689147
0.7588684915398184
0.7437020810514786
0.7072214005530191
0.7539936102236422
0.7406996475655919
0.6854519954099196
0.7067629330330529
0.710735060814384
0.6963002395528347
0.6307270757662652
0.6434519303557911
0.6289699838086935
0.6767238629839892
0.6890488628400331
0.722872956622474
0.7171052631578947
0.6836275106512477
0.6451800232288037
0.5738092557144465
0.6802294317978133
0.7023450197353146
0.7302063128196086
0.7191720750745483
0.6926806742091896
0.6814050738778924
0.6395329982163126
0.6806291300311288
0.6922048253189949
0.6892108610296964
0.6741976351351351
0.6471919358156758
0.5999394000606
0.6610169491525424
0.6754299371330597
0.6277977617905676
0.6239743651988153
0.637152347429478
0.6230243902439024
0.6171943072901539
0.607475297150222
0.6245787250201738
0.6248788994380934
0.6332557056357708
0.6278919716102866
0.6667949581449052
0.6533601378518094
0.6645689112649465
0.6773446545735238
0.6738549807102582
0.7110374475578806
0.7254526091586795
0.750254405227358
0.6921833156485271
0.7046870213417747
0.6644140684994625
0.6681425041186162
0.6641016180888631
0.6304977881730818
0.6716182048040455
0.6708407871198568
0.6649986831709244
0.6792882486892973
0.6744767260231178
0.6467671968601528
0.6857869904044955
0.6427904079725942
0.6815203145478375
0.6572394073303873
0.6246096189881324
0.6364066691211276
0.6450589541585153
0.6671518680252305
0.6180840163934426
0.65723595738078
0.6551918735891648
0.6551918735891648
0.5946661237785016
0.5974304068522484
0.6113866501343252
0.6216075699282521
0.6013639181649101
0.640087783467447
0.6285625614234728
0.6285625614234728
0.6459779714986689
0.6684249393395928
0.6403953632788243
0.6346042901347878
0.624296435272045
0.6205398696866273
0.6133394570320474
0.6303708670758756
0.6356133292066439
0.674348481585182
0.6866299773389446
0.6928675400291121
0.656084656084656
0.6524886877828054
0.651705853998179
0.6745922793915765
0.6784
0.6631455399061033
0.6697205149020062
0.6565071271294473
0.6481833293754453
0.6673527453235668
0.6697213622291022
0.6517862632970547
0.6589599037182492
0.6624228395061729
0.6550692106247662
0.6722731266474206
0.6920790799844941
0.6906436978105069
0.6914433880726015
0.6629564538176137
0.6820893543682884
0.6923542465200726
0.7455427283284377
0.6873054764585127
0.7006023697623618
0.6498012743675478
0.7282948157401624
0.7321578505457599
0.6984052217212839
0.6515080897529796
0.7779578606158833
0.7198139141467541
0.7342692225468539
0.7487300565214281
0.7179433221099888
0.7445550266839752
0.7043933054393305
0.7284125522419778
0.6804750069041701
0.7090537780803268
0.683579335793358
0.6933772165502418
0.6889008548159117
0.7120362957032292
0.7501347708894879
0.7368148914167528
0.7284500202347228
0.6598596043395022
0.6835282959215935
0.6487768347478782
0.6773618538324421
0.7103789974905089
0.7099882797239224
0.580175628533622
0.6051051051051051
0.6479781207267045
0.6156260215756784
0.6649211004049713
0.6512347850559347
0.683921568627451
0.7418293321367138
0.7744186046511627
0.6832342619780849
0.7015129682997118
0.7089659123460327
0.7438269356835895
0.7483511651766085
0.7905551819472465
0.7287746013503807
0.7472069119618651
0.7934133942385618
0.7494077955638504
0.7581576667629223
0.7985704509162801
0.7902072387624052
0.7766904569200206
0.7793072824156305
0.7550373556712701
0.7771664374140302
0.8011312890741292
0.7918385717500562
0.77562877455852
0.8227529855436833
0.7817371937639198
0.8095898859081098
0.8047140649149923
0.7988921372518849
0.8068851685923132
0.7704346478654993
0.7896883667808778
0.8194410494581602
0.7830301104313975
0.7814671814671814
0.8132741294695022
0.7805383022774327
0.7975832975832976
0.8122484186313974
0.774159244982055
0.7156892846177464
0.6983034760944359
0.6641256910096014
0.6482750257685078
0.6826722338204593
0.7237781779792585
0.8542333802997311
0.7424456889654748
0.7284375
0.7451179305097642
0.8050847457627118
0.8139387806729067
0.7597312032458476
0.785075587005468
0.7953803993214146
0.805614406779661
0.8417708953742307
0.7648820217990179
0.760125295378359
0.7643469656992085
0.7832255135625922
0.7740392826643894
0.7407407407407407
0.7584207004238234
0.7667618503712165
0.7676689949094353
0.8362989323843416
0.8064219656499512
0.8295872496935023
0.8217944388157155
0.8423594342876854
0.8408668730650155
0.9452534764042483
0.8762384366960425
0.839622641509434
0.9149061979250659
0.864417337139891
0.9402985074626866
0.9453717754172989
0.9594903626265926
0.964656736107294
0.9139784946236559
0.9161118508655126
0.9291608616439824
0.8954941707803802
0.8329979879275654
0.8768205381387312
0.9586179780803067
0.908312389462906
0.9524897648290964
0.9191415564708433
0.7400771284485316
0.780952380952381
0.8105328011572152
0.8593553084829305
0.8261192749728401
0.8275424949582253
0.8275424949582253
0.837466638678142
0.825084788343173
0.859103385178408
0.8256324092224401
0.7974078074371239
0.7676207135748108
0.7735322956244638
0.7735322956244638
0.8062331473004327
0.7803512657254468
0.7615391430174526
0.7703276506749477
0.7505881594637275
0.7450532479649947
0.7301013941698352
0.7774447481966997
0.7638947608052294
0.7628131839414628
0.7935153583617748
0.8008307162394894
0.8164090613112169
0.8164090613112169
0.8078841292614607
0.8019114996088569
0.8172553641374051
0.8153162393162393
0.7677753635300016
0.7711841015732818
0.8188265635074146
0.7815763796031947
0.8158875401247094
0.7211487858055785
0.7119456652017578
0.7536927469071951
0.7469247170739708
0.7284249145334779
0.7555477896208282
0.7625290480992678
0.7978461257643515
0.820067153861347
0.7152304508051895
0.7416502423693603
0.7485470747772182
0.747839029137329
0.7927800389311627
0.7884260965720604
0.7588132844874181
0.6810631229235881
0.7726110054436939
0.8116987695677382
0.7724781692261367
0.760967310730344
0.6823575949367089
0.7458100558659218
0.8218439497804821
0.7874145828640084
0.7593833780160858
0.7779456193353474
0.8384416841426037
0.7820200790994828
0.7856144737809811
0.8204124642480807
0.7919877909194963
0.8042650418888042
0.8043313645312736
0.8043543997580889
0.7499629464947384
0.7055196711685261
0.7856157031130194
0.8043892402651832
0.8018867924528302
0.7597560975609756
0.7662413415967918
0.7793583974452025
0.7994046754755336
0.7842578069299871
0.7868746405980449
0.7171537831193663
0.7056182832267719
0.8052236135957066
0.82760663507109
0.8320594328166298
0.781387181738367
0.7605800144347484
0.7908483766448456
0.7705492793143748
0.7345528975310222
0.7354242832403309
0.7413962635201573
0.6820816778479776
0.6439154109155375
0.7164876226062588
0.718562874251497
0.7430412371134021
0.7333689553833823
0.7333689553833823
0.7156939040207523
0.746219156274874
0.7196439491744241
0.7321047926837654
0.7483731019522777
0.7149552033080634
0.6995793973660622
0.6843333791020184
0.7055425663595104
0.6834841180743578
0.6908761085729642
0.7087054332265321
0.7160239224582388
0.6900006770022341
0.7319065052098
0.6911095796002756
