1.0
0.7403247959925668
0.7326007326007326
0.7352094659417973
0.7362739049969155
0.7416487894575544
0.7773986191572098
0.7666743952391993
0.7589278857230627
0.7896681868218274
0.7458563535911602
0.8115358819584172
0.6930033317467873
0.7378700976592776
0.7728016200638679
0.7643327253984616
0.7597983039193216
0.7296975115482044
0.7496095783446122
0.7349081364829396
0.7536016634486856
0.7775759337305624
0.7456573930235842
0.7726127135256231
0.7467380394780864
0.7566529855686482
0.7723908467440755
0.7251469627694317
0.739004477218857
0.7087067861715749
0.7665649372668701
0.7529381039435884
0.7141766352761517
0.7293623825704577
0.7610678830158304
0.7070639437562772
0.7806999088295112
0.7214266414482572
0.7461970672879266
0.7607959649001589
0.6975752731148415
0.7327161709671065
0.7676417671753182
0.7326601993004686
0.7443717277486911
0.7116821817228268
0.6964494732735076
0.7393176548526001
0.690673113627688
0.7116788321167883
0.6617034700315457
0.6538097939118926
0.60843144701861
0.6200406917599186
0.6204351698689401
0.6134405514072372
0.6785515320334262
0.6732491713096833
0.6902094495859717
0.7205405778114873
0.7023875624652971
0.6561598681499794
0.6248378507544207
0.6559318650608823
0.6441717791411042
0.6549726847890476
0.607413647851727
0.6650207386924748
0.6499364675984752
0.7286193956152479
0.6713100740834547
0.622365988909427
0.712789632150805
0.68
0.6662792949835367
0.6490010378827192
0.6818181818181818
0.7656594383220761
0.7725910064239828
0.7590645784166488
0.7290485192186515
0.767686904164576
0.7308207115181402
0.7949298655756867
0.7701223438506117
0.735989010989011
0.7199511068857802
0.7056815900421602
0.6885179701171086
0.7455905565849976
0.7322754205543827
0.6857586183633543
0.7078464106844741
0.7178841309823678
0.6904995102840352
0.6398161103337997
0.7376258100096512
0.6631212658394064
0.6732673267326733
0.7146670225543841
0.6959574747342171
0.7080576099649669
0.6616958881886816
0.6798789712556732
0.6696064716258135
0.6793145654834761
0.7001795332136446
0.6835172659309363
0.7453598774885145
0.7152414548108502
0.7114046467743838
0.6771873751498202
0.7569258266309205
0.6942068094390538
0.6790955969853233
0.6717482971132014
0.6413488811849984
0.6366898881148406
0.6478739659623795
0.711864406779661
0.7021276595744681
0.6801673127933074
0.6813894758542494
0.6525174754330868
0.7185740118832343
0.659250469692475
0.6794682422451994
0.6442378633613693
0.7400040184850312
0.7021027467434259
0.7272543571608993
0.7128307538691963
0.7185488297819252
0.6920592984001174
0.7173224785165083
0.6885022692889561
0.7335727868159729
0.6963091530961254
0.6903368973169256
0.7322920450417726
0.668127835261736
0.7399840383080607
0.6758671354357979
0.6816549570647932
0.6297497213496808
0.6812386156648452
0.7456254050550875
0.72384
0.7966195622055972
0.7069546159191746
0.7351514498221408
0.6791746790707344
0.6714009366727755
0.6469344608879493
0.6910050118702189
0.6709065318250534
0.7393640112871717
0.7400621626042859
0.7361155021603962
0.6990291262135923
0.7132439186088021
0.6940648479653069
0.7025316455696202
0.6570675319407828
0.6691176470588235
0.6313005289949096
0.6173796392905053
0.6447895791583166
0.7686671694860467
0.7137338831758626
0.673207277916518
0.6818647540983607
0.663483287258105
0.6954293483945194
0.6567865903515945
0.6591382023042176
0.6506736114589072
0.660217654171705
0.6323376430375984
0.657639243740419
0.6871646718943458
0.6619747042023664
0.6187437686939182
0.6291816387469001
0.6333757961783439
0.6756270504815325
0.6459524056946898
0.6642433313732827
0.6647595995158984
0.6351454406798126
0.6703171343828428
0.7075057127790473
0.6881287726358148
0.6788914604474512
0.7090038078860091
0.6956845238095238
0.7171562938984914
0.722140221402214
0.7499680918953414
0.7521066039584559
0.7428161855737277
0.7235490498202363
0.7271906052393857
0.7491536674410886
0.7601295525150373
0.7312971196597718
0.7409032258064516
0.674102993121398
0.7684346701164295
0.7420051275131562
0.704390243902439
0.680404303880013
0.7707231040564374
0.7237799946077109
0.7518387360392264
0.721359940872136
0.7100862641008626
0.7434761872317232
0.7539046584272715
0.7794299026997397
0.7078740157480315
0.7822890449066101
0.736949846468782
0.7457846952010376
0.7890017931858936
0.6977108811539667
0.6845508237488344
0.6927374301675978
0.7398843930635838
0.7213861135702542
0.6930106199061496
0.6918998890395759
0.6940151370603574
0.7318791324229129
0.7604745078243311
0.7025238912031365
0.6096512183468705
0.6693980460132367
0.6600559369438088
0.6976147036961957
0.6722403480152257
0.7388232001679144
0.761339946804687
0.8102030035469021
0.7686218064051817
0.7448755230867438
0.7655913978494624
0.7798111837327524
0.7487596174588337
0.789268651231165
0.7438928289992119
0.7590861889927311
0.8038897893030794
0.7730656934306569
0.7690627048284903
0.7821258593336858
0.7742923840093376
0.7804696789536266
0.779080118694362
0.7505093955173194
0.7943982763927362
0.8183453237410072
0.7968187274909964
0.7804281345565749
0.8008199257425742
0.749793310785419
0.8079000154297177
0.7957088122605364
0.7751298502902536
0.7991180407906134
0.7610023492560689
0.7451386675167357
0.790395846852693
0.7896912229516169
0.778740157480315
0.7831702544031311
0.7386058981233244
0.7813398187043997
0.8173598553345389
0.741414977244518
0.6933932007697242
0.7019954819277109
0.7121125689294543
0.7366486197446694
0.732824427480916
0.7472030007113756
0.8396946564885496
0.7574598316755929
0.7729993493819128
0.7791330579054364
0.8002208222380983
0.8093624096693739
0.7506792190560435
0.769279674486617
0.7803162310422717
0.7968822247176167
0.8317042356539663
0.7520108897413686
0.6849486174984386
0.6907600596125186
0.7022452098272012
0.7400754445841566
0.739657631954351
0.7638301673316262
0.7667770087270539
0.7411442483262325
0.8153506620892594
0.7975348921515316
0.7951850306894702
0.7921807124239791
0.8210662131253299
0.8059081467805216
0.7877860985128151
0.7892761394101877
0.7702781149401023
0.7885181052845116
0.7543135230791919
0.8109812290827958
0.7629661380197171
0.7736924611657403
0.8145555990602976
0.817670563859701
0.8107146246559742
0.7327075549075003
0.7512607332697288
0.7905353338470604
0.8033770273272606
0.6440158179323703
0.7037295081967213
0.6902773272786247
0.6958881958881958
0.6073579780323609
0.42577197149643703
0.5054517341579803
0.5676189395443842
0.5967018747554994
0.6027231467473525
0.5898942068510804
0.6490146217418945
0.7044125105663567
0.671589893035732
0.7378372783106756
0.7422198115126449
0.6552953647489641
0.74546553808948
0.663083577153034
0.7683369156367544
0.6660787957043429
0.744336985509109
0.7644084934277048
0.7198176918726504
0.7808696841241625
0.6559870447401009
0.7592314620234164
0.6569347629020662
0.747643362136685
0.8355128729055987
0.740026980150318
0.814241898919856
0.7656987647933777
0.8374941436316177
0.8134562573558258
0.7882474760548797
0.8419669546365338
0.7219239853983251
0.7900277723955306
0.8539490318717147
0.7485061054819434
0.7946146950429961
0.6983568075117371
0.7487308768173498
0.7323657174377715
0.6994144437215355
0.783601108033241
0.7098337950138505
0.7220987105380169
0.7957845058592968
0.7502762430939226
0.7045946289932544
0.6727021900327643
0.7178837892832919
0.7181830900526979
0.7187008905185961
0.6619635795537763
0.72
0.7030648309331645
0.7259429070465586
0.7745136735269241
0.7521727247881935
0.7869533071717
0.7839123366849299
0.684828731320337
0.7344154613781343
0.7199924509310518
0.7234097347411795
0.7646783781978492
0.751602011989251
0.7466367713004485
0.7795275590551181
0.7738012988807517
0.7910565040360026
0.7875559343703388
0.7723026456535691
0.7767895567350452
0.7175070028011205
0.7058823529411765
0.7479774631609362
0.7322004732200473
0.7386151415026576
0.7058329248652055
0.6697620030265511
0.667148064094629
0.7129293493437587
0.7291592637339208
0.7034569805763972
0.6358892011240466
0.6739526411657559
0.7135699087102753
0.703734965182528
0.7306319546504304
0.7149586946132314
0.6824551016380501
0.7058900867735998
0.69302870533099
0.7014746911119968
0.6572282114560333
0.6918604651162791
0.6139578329330131
0.6418714679984229
0.6804095563139931
0.6676602086438153
0.6861845124909842
0.676923076923077
0.6616985565626049
0.6681632114089529
0.6754993342210386
0.6518869870076305
0.6776334171556301
0.6953501559398922
0.6953501559398922
0.6779540946443752
0.6682875264270614
0.6818952125406016
0.6625966625966626
0.6752101701865901
0.6880165289256198
0.6927397545246515
0.6571176430656439
0.7357251136937848
0.6766446223459798
