1,768,436,62,57
2,762,432,64,59
3,756,429,65,60
4,749,428,68,62
5,743,428,71,64
6,740,427,71,66
7,731,425,76,70
8,725,423,76,70
9,717,419,77,71
10,710,417,78,72
11,702,415,82,76
12,695,414,87,80
13,694,413,88,81
14,694,413,88,81
15,693,413,90,82
16,692,412,91,83
17,693,412,90,84
18,692,412,92,84
19,693,412,92,85
20,693,412,92,85
21,693,412,92,85
22,694,412,92,85
23,694,413,92,84
24,697,413,91,84
25,698,413,92,85
26,699,414,92,84
27,701,415,91,84
28,703,416,91,84
29,703,417,92,84
30,703,417,92,84
31,703,417,92,84
32,703,417,92,85
33,703,417,92,85
34,703,418,92,84
35,703,418,92,84
36,703,418,92,84
37,703,418,92,84
38,703,418,92,84
39,702,417,93,85
40,702,418,93,84
41,702,417,92,85
42,701,417,93,85
43,700,417,92,85
44,699,416,92,85
45,698,416,93,85
46,698,416,93,85
47,697,416,93,85
48,697,415,93,86
49,696,415,93,85
50,695,415,93,85
51,695,414,93,86
52,694,414,93,86
53,694,414,93,85
54,694,414,93,85
55,693,413,93,86
56,693,413,93,86
57,693,413,93,86
58,692,413,94,85
59,692,412,94,86
60,692,412,93,86
61,692,412,93,86
62,692,412,93,86
63,692,412,93,86
64,691,412,94,86
65,691,412,94,86
66,691,411,94,86
67,691,411,94,86
68,691,411,94,86
69,691,411,93,86
70,691,411,93,86
71,691,411,93,86
72,691,411,93,86
73,691,411,93,86
74,691,411,93,86
75,691,411,93,86
76,691,411,93,86
77,691,411,93,86
78,690,411,94,86
79,690,411,94,86
80,690,411,94,86
81,690,411,94,86
82,690,411,94,86
83,690,411,94,86
84,690,411,94,86
85,690,411,94,86
86,690,411,94,86
87,690,411,94,86
88,690,411,94,86
89,690,411,94,86
90,690,411,94,86
91,691,411,93,86
92,691,411,93,86
93,691,411,93,86
94,691,411,93,86
95,691,411,93,86
96,691,411,93,86
97,691,411,93,86
98,691,411,93,86
99,691,411,93,86
100,691,411,93,86
101,691,411,93,86
102,691,411,93,86
103,691,411,93,86
104,691,411,93,86
105,691,411,93,86
106,691,411,93,86
107,691,411,93,86
108,691,411,93,86
109,691,411,93,86
110,691,411,93,86
111,691,411,93,86
112,691,411,93,86
113,691,411,93,86
114,691,411,93,86
115,691,411,93,86
116,691,411,93,86
117,691,411,93,86
118,691,411,93,86
119,691,411,93,86
120,690,411,94,86
121,690,411,94,86
122,690,411,94,86
123,690,411,94,86
124,690,411,94,86
125,691,411,93,86
126,691,411,93,86
127,691,411,93,86
128,691,411,93,86
129,691,411,93,86
130,691,411,93,86
131,691,411,93,86
132,691,411,93,86
133,691,411,93,86
134,691,411,93,86
135,691,411,93,86
136,691,411,93,86
137,691,411,93,86
138,691,411,93,86
139,691,411,93,86
140,691,411,93,86
141,691,411,93,86
142,691,411,93,86
143,691,411,93,86
144,691,411,93,86
145,691,411,93,86
146,691,411,93,86
147,691,411,93,86
148,691,411,93,86
149,691,411,93,86
150,691,411,93,86
151,691,411,93,86
152,691,411,93,86
153,691,411,93,86
154,691,411,93,86
155,691,411,93,86
156,691,411,93,86
157,691,411,93,86
158,691,411,93,86
159,691,411,93,86
160,691,411,93,86
161,691,411,93,86
162,691,411,93,86
163,691,411,93,86
164,691,411,93,86
165,691,411,93,86
166,691,411,94,86
167,691,411,94,86
168,691,411,94,86
169,691,411,94,86
170,691,411,94,86
171,691,411,94,86
172,691,411,94,86
173,692,411,93,86
174,692,411,93,86
175,692,411,93,86
176,692,411,93,86
177,692,411,93,86
178,692,411,93,86
179,692,411,93,86
180,692,411,93,86
181,692,411,93,86
182,692,411,93,86
183,692,411,93,86
184,692,411,93,86
185,692,411,93,86
186,692,411,93,86
187,692,411,93,86
188,692,411,93,86
189,692,411,93,86
190,692,411,93,86
191,692,411,93,86
192,692,411,93,86
193,692,411,93,86
194,692,411,93,86
195,692,411,93,86
196,692,411,93,86
197,692,411,93,86
198,692,411,93,86
199,692,411,93,86
200,692,411,93,86
201,692,411,93,86
202,692,411,93,86
203,692,411,93,86
204,692,411,93,86
205,692,411,93,86
206,692,411,93,86
207,692,411,93,86
208,692,411,93,86
209,692,411,93,86
210,692,411,93,86
211,692,411,93,86
212,692,411,93,86
213,692,411,93,86
214,692,411,93,86
215,692,411,93,86
216,692,411,93,86
217,692,411,93,86
218,692,411,93,86
219,692,411,93,86
220,692,412,94,85
221,693,412,93,86
222,693,412,93,86
223,693,412,93,85
224,693,412,93,86
225,693,412,93,86
226,693,412,94,86
227,693,412,94,86
228,693,413,94,85
229,694,413,93,85
230,694,413,93,85
231,694,413,93,85
232,694,413,93,85
233,694,413,93,85
234,694,413,93,85
235,694,413,93,85
236,694,413,93,85
237,694,413,93,85
238,694,413,93,85
239,694,413,93,85
240,694,413,93,85
241,694,413,93,85
242,694,413,93,85
243,694,413,93,85
244,694,413,93,85
245,694,413,93,85
246,694,413,93,85
247,693,413,94,85
248,693,413,94,85
249,693,412,93,86
250,693,412,93,86
251,693,412,93,86
252,693,412,93,86
253,692,412,94,86
254,692,412,94,86
255,692,412,93,86
256,692,412,93,86
257,692,412,93,86
258,692,412,93,86
259,692,411,93,87
260,692,411,93,87
261,691,411,94,87
262,691,411,94,87
263,691,411,94,87
264,691,411,94,87
265,691,411,94,87
266,691,411,94,87
267,691,411,94,87
268,691,411,94,87
269,691,411,94,87
270,691,411,94,87
271,691,411,94,87
272,691,411,94,87
273,691,411,94,87
274,691,411,94,87
275,691,411,94,87
276,691,411,94,87
277,691,411,94,87
278,691,411,94,87
279,691,411,94,87
280,691,411,94,87
281,691,411,94,87
282,691,411,94,87
283,691,411,94,87
284,691,411,94,87
285,691,411,94,87
286,691,411,94,87
287,691,411,94,87
288,691,411,94,87
289,691,411,94,87
290,691,411,94,87
291,691,411,94,87
292,691,411,94,87
293,691,411,94,87
294,691,411,94,87
295,691,411,94,87
296,691,411,94,87
297,691,411,94,87
298,691,411,94,87
299,691,411,94,87
300,691,411,94,87
301,691,411,94,87
302,691,411,94,87
303,691,411,94,87
304,691,411,94,87
305,691,411,94,87
306,691,411,94,87
307,691,411,94,87
308,691,411,94,87
309,691,411,94,87
310,691,411,94,87
311,691,411,94,87
312,691,411,94,87
313,691,411,94,87
314,691,411,94,87
315,691,411,94,87
316,691,411,94,87
317,691,411,94,87
318,691,411,94,87
319,691,411,94,87
320,691,411,94,87
321,691,411,94,87
322,691,411,94,87
323,691,411,94,87
324,691,411,94,87
325,691,411,94,87
326,691,411,94,87
327,691,411,94,87
328,691,411,94,87
329,691,411,94,87
330,691,411,94,87
331,692,411,94,87
332,692,411,94,87
333,692,411,94,87
334,692,411,94,87
335,692,411,94,87
336,692,411,94,87
337,692,411,94,87
338,692,411,94,87
339,692,412,94,86
340,692,412,94,86
341,692,412,94,86
342,692,412,94,86
343,692,412,94,86
344,692,412,94,86
345,692,412,94,86
346,692,411,94,87
347,692,411,94,87
348,692,412,94,86
349,692,412,94,86
350,692,411,94,87
351,692,412,94,86
352,692,412,94,86
353,692,411,94,87
354,692,412,94,86
355,692,411,94,87
356,692,411,94,87
357,692,411,94,87
358,692,411,94,87
359,692,411,94,87
360,692,411,94,87
361,692,411,94,87
362,692,411,94,87
363,693,412,93,86
364,693,412,94,86
365,693,412,94,86
366,693,412,94,86
367,693,412,94,86
368,693,412,94,86
369,693,412,94,86
370,693,412,93,86
371,692,412,94,86
372,692,412,94,86
373,693,412,93,86
374,693,412,93,86
375,693,412,93,86
376,693,412,93,86
377,693,412,93,86
378,693,412,93,86
379,693,412,93,86
380,693,412,93,86
381,693,412,94,86
382,693,412,94,86
383,693,412,94,86
384,693,412,94,86
385,693,412,94,86
386,693,412,94,86
387,693,412,94,86
388,694,412,93,86
389,694,413,93,85
390,694,413,93,85
391,694,413,93,85
392,694,412,93,86
393,694,412,94,86
394,695,412,93,86
395,695,412,93,86
396,695,412,93,86
397,695,412,93,86
398,695,412,93,86
399,695,412,93,86
400,694,412,94,86
401,694,412,94,86
402,694,412,94,86
403,694,412,94,86
404,694,412,94,86
405,694,412,94,86
406,695,412,93,86
407,695,412,93,86
408,695,412,93,86
409,695,412,93,86
410,695,412,94,86
411,696,412,93,86
412,696,412,93,86
413,696,412,93,86
414,696,412,93,86
415,696,411,93,87
416,696,411,93,86
417,695,411,94,86
418,695,411,94,86
419,695,411,94,86
420,695,411,94,86
421,695,411,94,86
422,695,411,94,86
423,695,411,94,86
424,695,411,94,86
425,695,410,94,87
426,695,410,94,87
427,695,410,94,87
428,695,410,94,87
429,695,410,94,87
430,695,410,94,87
431,695,410,94,87
432,695,410,94,87
433,695,410,94,87
434,695,410,94,87
435,695,410,94,87
436,695,410,94,87
437,695,410,94,87
438,695,411,94,86
439,695,411,94,87
440,695,412,94,86
441,695,412,94,86
442,696,412,94,87
443,696,413,94,86
444,697,413,93,86
445,696,412,94,87
446,696,412,94,87
447,696,412,94,87
448,696,412,94,87
449,697,412,94,87
