1.0
0.851022812466531
0.9226062322946176
0.8331933277331093
0.8487355235168991
0.8428134556574923
0.871430337495364
0.8960698689956332
0.9218139171227522
0.9052180489034535
0.8768134385339781
0.8899755501222494
0.8197752808988764
0.8413808923041634
0.8262614678899083
0.9291978333763219
0.8913426364991194
0.8588548601864181
0.8434476693051891
0.8307096149188665
0.930801898576068
0.958041958041958
0.9729442970822281
0.8093622001170275
0.8603060082099764
0.896774193548387
0.91925115597158
0.8897647971051952
0.8447172521875408
0.8447172521875408
0.8622582955359275
0.9101904271744725
0.8705224324645959
0.8969072164948454
0.9370629370629371
0.8980418636056718
0.9501557632398754
0.8904810644831116
0.9279053900386627
0.9627182633317602
0.8561415220293725
0.8531768423428507
0.9646569646569647
0.9420289855072463
0.925770841263799
0.7538374076179648
0.7849829351535836
0.7051886792452831
0.855980570734669
0.8379695672848312
0.9327584197645962
0.9096278795038394
0.9716312056737588
0.8763588579620117
0.88247323469265
0.9386594113282216
0.9811410837908808
0.9621348719798053
0.8845032518501906
0.8371076233183856
0.8185053380782918
0.8966047687067356
0.9078666096622489
0.8581352436774123
0.8537908135030438
0.8451095670764297
0.9658766596351904
1.0
0.8446362515413071
0.8187702265372169
0.8919581198485186
0.8911407064273307
0.796875
0.7809482943574341
0.8025947880550274
0.8111434325352428
0.8249248604551309
0.7723053401769139
0.9286020583190394
0.9037037037037037
0.7601670478273839
0.7323943661971831
0.7698460307938413
0.8771290966756725
0.8138419618528611
0.7003934227781701
0.7423318819545235
0.8227352768538446
0.9866666666666667
0.9580966670238988
0.9165193887098451
0.7162028280644871
0.7070309226514707
0.7100174288322683
0.7760133356729251
0.7983482450103234
0.8866014753817121
0.8352242974341072
0.7846046430441613
0.7918002947039958
0.6949838856292868
0.8478439989014007
0.8132288791952283
0.6324167872648335
0.6094557990642698
0.6542583192329385
0.6805887032617343
0.7261500463105897
0.669551355044409
0.6714275357065178
0.7766278894092763
0.8535795270489148
0.709991411394217
0.7688128624917407
0.7769929364278506
0.8036605657237936
0.8341431575893828
0.7734806629834254
0.8177257525083612
0.8045363575717145
0.7593668312518153
0.7686519028165986
0.7812958076810319
0.6428571428571429
0.5955275590551181
0.5827721317497245
0.6927175843694494
0.7026558120912852
0.7836055747040311
0.7809726399178464
0.7645134914145544
0.7067374709591769
0.8257731958762886
0.7655668250096289
0.8373900593168337
0.8571074482587682
0.7988855998607
0.8485156912637829
0.710595786531394
0.7271261588069327
0.7263229378885232
0.6359037885826365
0.6483696461362847
0.7459348523917276
0.739336971902163
0.7693633317376736
0.6603730767485136
0.7663950329840901
0.69085397622318
0.6697918535797596
0.7327473167888884
0.6347001469213303
0.6236494079004236
0.705291618385477
0.7177818392546694
0.8137133415943825
0.7821584302325582
0.7150879011705757
0.7382547705810901
0.7678607816766516
0.6930768643614991
0.7440996503496503
0.6991492652745553
0.6970746444624567
0.6970746444624567
0.7205956770042652
0.715372907153729
0.8243669724770643
0.7432130199910539
0.7009648405560098
0.7570654091681904
0.7315653101661332
0.7264673311184939
0.7275276617794982
0.7431043807463493
0.7534450312632793
0.7319988048999103
0.7934253859866454
0.7939767659527611
0.8086705517128697
0.8178312220466536
0.7832072299285414
0.6856901604331197
0.6796867205427517
0.684538147821317
0.6848596168984519
0.7751479289940828
0.7958360823986511
0.814351906855174
0.8215080174251552
0.8041168805353711
0.8052787133136298
0.6880904942477023
0.7093045251056138
0.6928237194086712
0.6779766536964981
0.633061049011178
0.562292728802653
0.5683597541248787
0.6130882924931933
0.6398232881035026
0.6984018513053878
0.5976917577366969
0.6122334630350195
0.5885979350591052
0.6380025820730357
0.48953233281515596
0.5725937782726703
0.5872732476524062
0.5488944296791517
0.652193072651958
0.6750646686972893
0.672312289213656
0.5838779956427015
0.5901411710252257
0.6487560226536305
0.576743656843782
0.6274164956799687
0.62008417179966
0.6131306800376057
0.6740157480314961
0.6047833862744575
0.6661635111628642
0.5778660036359747
0.5866053875989586
0.6547355891855127
0.5766823786317276
0.6635306660519529
0.5804823924127546
0.5725120426360562
0.6310454520946784
0.6015529005777627
0.5151775667850866
0.5627220552063406
0.6259516811240949
0.6127125731809311
0.6341917468197331
0.6368483412322274
0.5449531530334242
0.5397506586631176
0.6105658444994453
0.6026413217660386
0.5863129466189412
0.5589303485802174
0.5526912550501759
0.49133439401484147
0.5205852330724736
0.5136737028179266
0.45601281106225056
0.44723630896256467
0.5155994312847064
0.4482355082828388
0.48159158472444547
0.5184500627104099
0.515216567748453
0.5216917433143707
0.42672593756907434
0.5270693452933839
0.4586515467098665
0.45097443751980565
0.5013184881336068
0.4962783661119516
0.5158661125608067
0.5573874976937656
0.5637919555721547
0.5108508774775359
0.5570870704873309
0.5680671315983444
0.4906984906984907
0.4881455358078145
0.6319480370178766
0.5069862029066812
0.5953898876189382
0.5438676554478038
0.49471640752339613
0.5977948226270374
0.6027771053847677
0.5669249619180078
0.5949384885764499
0.5812899237584999
0.6047333097845284
0.6549137827083082
0.6529768202366067
0.6871413390010627
0.6899442881570964
0.7079206465833946
0.6393382248788918
0.6405124099279423
0.6477796233037701
0.650993728744813
0.6516824221590534
0.6318793314309009
0.6597510373443983
0.6398435128663451
0.6601075231034119
0.6985494601374196
0.6322843621541331
0.6469130238846327
0.6360732538330494
0.6353119803340322
0.7184801381692574
0.7273764952972331
0.7908695869337196
0.7043223375052342
0.748209652309289
0.6557393433611514
0.6498414234263291
0.7439083952895208
0.747696551724138
0.747444755324616
0.7358167542357872
0.7639695444573493
0.6916313103363463
0.6060675971853732
0.7797402597402597
0.7200839748075577
0.8386983165457491
0.8149985409979574
0.7658333940674877
0.7658333940674877
0.7527476871985451
0.8170310701956272
0.7778473651248099
0.6440380161328967
0.6293402078466124
0.8265682656826568
0.6963350785340314
0.8210633004699162
0.8656867714140902
0.8206485771012575
0.6970954356846473
0.8520824388149421
0.7880094888936813
0.6470140737923165
0.6780944787721747
0.7745928338762215
0.6630402822699206
0.8611111111111112
0.7503782148260212
0.7684581686077573
0.6837537016236087
0.7825109306683323
0.8735605170387779
0.9304130162703379
0.8671410241455733
0.8134328358208955
0.8696890870803914
0.8546295107229999
0.7598978288633461
0.798729605181218
0.9592283486113011
0.8584825234441603
0.7819859961807766
0.8533014639976098
0.8593840790238234
0.8536805660093332
0.8005644402634055
0.9163710086163204
0.7149292149292149
0.7631804911557616
0.703125
0.8476489028213167
0.8931379556826304
0.9185377621079978
0.8909657320872274
0.7188434695912264
0.6664592408214064
0.7150916784203103
0.6446919346146938
0.6641376757957069
0.5434782608695652
0.5346432264736298
0.6940124416796267
0.6483654652137468
0.6721938775510204
0.6856027753686036
0.7475177304964539
0.8353560796885734
0.7820738137082601
0.719482619240097
0.6359007001909611
0.6856554564172959
0.7472203312911277
0.8349915069157972
0.785007072135785
0.7617231321516715
0.7524752475247525
0.8171098265895954
0.7720706260032103
0.7699519780471072
0.6746798472253426
0.570771001150748
0.5840791333019312
0.770987239758227
0.8056554037862449
0.8052373158756138
0.7780766644250168
0.837
0.766674993754684
0.8321583514099783
0.7689802054622902
0.8089887640449438
0.7644444444444445
0.838569880823402
0.827144002137323
0.8529975362715576
0.6976744186046512
0.658356940509915
0.6842248167254955
0.6727911375303972
0.7327839905826957
0.7973988439306359
0.5733672603901612
0.7765802505097582
0.8174740484429066
0.9764048432163924
1.0
0.8150324775750077
0.8257599498589784
0.825
0.872624912033779
0.8726398901476141
0.9295774647887324
0.7840466926070039
0.8611111111111112
0.7221147646679562
0.770481144343303
0.6680189317106153
0.8817204301075269
0.8427391603578802
0.8198861734181453
0.6313603322949117
0.5916919959473151
0.6390028400126223
0.6536650975117687
0.7702702702702703
0.8594164456233422
0.8235294117647058
0.7074637424831978
0.6879944960440316
0.9195767195767196
0.8066901408450704
0.776260162601626
0.801980198019802
0.7237113402061855
0.6166666666666667
0.5826944140197152
0.769172071728348
0.8813141683778234
0.8364957610012111
0.8095238095238095
0.6003949967083607
0.7937632884479093
0.7422839506172839
0.8048411497730711
0.8121317157712306
0.7929203539823009
0.8248502994011976
0.9044382247101159
0.7848716169326856
0.6010132995566815
0.665031534688157
0.8980667838312829
0.8600883652430045
0.8658892128279884
0.7456864216054013
0.9283196239717979
0.8763250883392226
0.8397480755773268
0.8648648648648649
0.8504561681872272
0.6822429906542056
0.8297655453618756
0.6949706074461136
0.7102803738317757
0.8103829160530192
0.7406056183874499
0.6870066788099575
0.7032189600282985
0.7122722585080784
0.6453900709219859
0.6326214794181368
0.7068633739576652
0.6813186813186813
0.6
0.8806247675715879
0.820919175911252
0.9122516556291391
0.7058823529411765
0.7793443778639407
0.8223880597014925
0.7160220994475138
0.8599545798637396
0.5785123966942148
0.5184721352536005
0.5688888888888889
