1.0
0.849802371541502
0.8791777983752249
0.8538974793475959
0.8435783416165316
0.8262451321992211
0.7578249835510856
0.7667246713070379
0.876111571389119
0.8099468954248366
0.8463344360260378
0.8217592592592593
0.8045325779036827
0.8361794841596984
0.8443807476412277
0.7947392086330936
0.829130995660842
0.7791299056890781
0.7713052858683926
0.7239873878243998
0.7492758287737368
0.717827919662782
0.7040317086765343
0.6669779931119024
0.6852733739224788
0.6615841238433335
0.6783695328771199
0.6441158139271347
0.6620381266180277
0.6496910907096253
0.6611328695855497
0.7066136250621581
0.6654478976234004
0.6305882352941177
0.6587207488299532
0.5116279069767442
0.5594159113796576
0.5781827786582144
0.5806751110816367
0.5616543272912944
0.5492183155162825
0.44241573033707865
0.45840407470288624
0.4523695548109143
0.4798172124904798
0.44974195133939543
0.44369014425991027
0.46440807004187284
0.4913411196133709
0.5231661503987346
0.5254865616311399
0.5138997142114835
0.5072120007692801
0.5290892069011636
0.5211434593597681
0.5986097860160828
0.6146955913226032
0.5600612088752869
0.5448455526609601
0.6118696015603232
0.5886252154315259
0.5999077065066912
0.619933237958989
0.6971163965480951
0.6643931795386159
0.7370078740157481
0.7449988503104162
0.7713485767615492
0.7452660054102795
0.7288366805608185
0.770844880829836
0.6664619164619164
0.6725415269437729
0.6665765278528935
0.6614906832298136
0.6101785714285715
0.5641217564870259
0.5640189202413962
0.6227260261449858
0.629071282337614
0.6291516416777377
0.632643094354366
0.5909458367016976
0.6961419917100649
0.7902992277992278
0.5667067307692307
0.6018691588785047
0.5607890945361853
0.5686184812442818
0.5112025605852767
0.5243299206257909
0.543490750315983
0.5494080412612824
0.5752858185356361
0.5984311740890689
0.689444783404515
0.7693617021276595
0.7312379730596537
0.7379458388375165
0.7390146471371505
0.8080808080808081
0.8147584632940281
0.8912003328479301
0.8
0.8566243194192378
0.7755349212757368
0.7137531881498921
0.6966115051221434
0.6930373360242179
0.6681827170259047
0.72829417773238
0.7809266756635178
0.73625
0.6416548367471101
0.6094316807738815
0.5341519570222564
0.5356200527704486
0.5139275766016713
0.5139275766016713
0.451908056237447
0.4706713780918728
0.41705006765899866
0.41061101332662814
0.5090510148107515
0.5455048409405255
0.6324549237170597
0.735249621785174
0.7914468203276868
0.8880744290950099
0.7573231721838533
0.6931548261714533
0.7357814599193909
0.7557497700091996
0.6888888888888889
0.6947923533289387
0.6581740976645435
0.705507510241238
0.6932021466905188
0.60546875
0.5275210084033614
0.5024009603841537
0.5230160383253489
0.5282979171049863
0.5282979171049863
0.6125884362039522
0.6069615663524293
0.6355353075170843
0.6662244627222075
0.6726493436914011
0.5763164280514438
0.5858411445485939
0.5995960616006059
0.5763164280514438
0.5641330166270784
0.5132915496001729
0.5030908226343319
0.48587830080367395
0.47534053546265853
0.41407528641571195
0.4857142857142857
0.42634218837079696
0.39932149271602474
0.41644120707596255
0.405997447894513
0.5468329664954756
0.5121392579019698
0.4941436464088398
0.581032947462155
0.5741311042674879
0.5451647183846972
0.5602883355176933
0.4347990186827703
0.4728093576852042
0.4493942946463462
0.4217088375504217
0.5526189332051898
0.5640019617459539
0.5640019617459539
0.5623471882640587
0.5143243852921272
0.5246203405430281
0.47
0.4423076923076923
0.3719615602035048
0.42488161859664225
0.40823817292006526
0.3934748427672956
0.40823817292006526
0.41355091923156373
0.43781094527363185
0.45391343350527025
0.4716981132075472
0.5
0.5217391304347826
0.5405405405405406
0.4836759371221282
0.5571030640668524
0.4709030100334448
0.4253776435045317
0.45527053244233673
0.4794551645856981
0.5156118143459916
0.5720369056068133
0.512974479948531
0.5403207589789926
0.4782803403493059
0.4613345117101193
0.49615384615384617
0.49454545454545457
0.47749881572714353
0.4563150746944319
0.5351580934403021
0.540385989992852
0.56
0.5271966527196653
0.593939393939394
0.610738255033557
0.6505859907331698
0.6221005994266354
0.609867888918846
0.5839957604663487
0.5817048994619088
0.5444655969540386
0.5731922398589065
0.5631298162418494
0.5326806795277857
0.5264655663062038
0.5174291938997821
0.4695717505634861
0.46678245766391663
0.40198511166253104
0.48517110266159696
0.4968847352024922
0.5674436377531524
0.5411807580174927
0.5506072874493927
0.5390990990990991
0.5900564560189401
0.5799176660103812
0.6381721489068347
0.6606851549755302
0.6211656441717791
0.5892762342948151
0.5975322083106515
0.5727554179566563
0.4931934203062961
0.49249504389691307
0.5582341419315956
0.5587719298245614
0.6195105598390882
0.6270669449349815
0.553223388305847
0.6386333771353482
0.6120556414219475
0.5944415851775605
0.5313398504887866
0.5502705781828539
0.5341576506955178
0.5287737270262127
0.5480865224625624
0.5066793893129771
0.4423076923076923
0.42106659591403556
0.4891476971942827
0.5755200482363582
0.4985835694050991
0.48252227553118576
0.4629548443665059
0.4701738939027075
0.48581719945970286
0.48581719945970286
0.4801477377654663
0.49673518742442563
0.5119810201660735
0.5564331210191082
0.5826693227091634
0.5867418899858956
0.6443914081145584
0.649890590809628
0.6144278606965174
0.5909090909090909
0.6537530266343826
0.6623376623376623
0.6187254474028808
0.6529160739687055
0.6353666895133653
0.6417040358744395
0.6108637577916296
0.6429924242424242
0.6810872027180068
0.6893530997304582
0.6393328700486449
0.716324941603945
0.6604006925550334
0.6513671875
0.6432279377064654
0.6372136512388967
0.6290969111058713
0.628085700978109
0.6403133903133903
0.6341406066306137
0.7
0.7080656673804425
0.7009936766034327
0.7422082628654264
0.6610132637529897
0.714828897338403
0.7861381438404937
0.7818930041152263
0.6050562991289569
0.6629001883239172
0.7041760440110028
0.7372508413150402
0.7836107554417413
0.7542519102785309
0.7682152830667682
0.7247904191616766
0.7335131159597941
0.736039360393604
0.6957482054113749
0.7227866473149492
0.6176836861768369
0.6161087866108786
0.7065750736015701
0.6581009088060169
0.6519558676028084
0.6783144912641316
0.6762965541246084
0.7176128093158661
0.786686281721221
0.7373319544984488
0.6854460093896714
0.661146887457835
0.662125340599455
0.7105263157894737
0.6924202516827627
0.6767422334172963
0.6851696103167928
0.7953406074904158
0.7906295754026355
0.7270724318369595
0.6809496236247828
0.709278350515464
0.7701283547257877
0.7674418604651163
0.7570295602018745
0.7891770011273957
0.7093596059113301
0.6895027624309392
0.8262108262108262
0.7903225806451613
0.8761408083441982
0.676737160120846
0.6691910499139415
0.7507235890014472
0.7642338555598013
0.8057764755127669
0.7888146911519198
0.638109305760709
0.7284713638236506
0.7595375722543353
0.6571428571428571
0.6192307692307693
0.5783219301404393
0.5654379438620223
0.6325439266615738
0.6259103104637792
0.612916842549599
0.6716814159292035
0.6858080393765381
0.6792918896665294
0.50187265917603
0.5229793977812995
0.5066294487090021
0.4918381831085876
0.437432771602725
0.4282204282204282
0.432
0.3946843853820598
0.4925373134328358
0.4814171587356721
0.4904147786685256
0.44508670520231214
0.6297667530544243
0.6261419536191145
0.5789473684210527
0.6348294434470377
0.7143962848297214
0.7079388201019665
0.5982367758186398
0.6342668863261944
0.6098562628336756
0.6405589860253493
0.6898096304591266
0.6496779613553626
0.6347527109230362
0.6092916984006093
0.48333333333333334
0.43685897435897436
0.41941020440006244
0.3928014737140428
0.5046319690079164
0.47607934655775963
0.5845156059991893
0.5484764542936288
0.43899591360186807
0.4511106891968863
0.4984894259818731
0.47541978555533077
0.5158513541885367
0.5033998683921913
0.46903553299492384
0.4424715909090909
0.5486518171160609
0.5075674490019741
0.5809950483376563
0.6116838487972509
0.5424739195230999
0.5514424304314527
0.5485714285714286
0.5465711361310133
0.47861965491372843
0.6655236085465577
0.6119402985074627
0.6525157232704403
0.0
0.0
0.7088204038257173
0.6668456375838926
0.6008583690987125
0.5769316909294513
0.5376908396946565
0.56865127582017
0.549812030075188
0.56865127582017
0.4377820760799484
0.4613816534541336
0.4438350599228113
0.4669801239581107
0.4078501693564455
0.44959367450032944
0.3846597462514418
0.4172226855713094
0.5039220989991885
0.5439416058394161
0.4658385093167702
0.5274614869390489
0.6451393609789259
0.6362722091853839
0.49176470588235294
0.5157310302282542
0.6211332312404287
0.6416744767260231
0.6457158962795941
0.6314773980154355
0.5659856432909994
0.6474641675854466
0.6821745948771563
0.6012759170653907
0.7502424830261881
0.7980817768803634
0.8267173758022344
0.7942022571365346
0.8073616927485122
0.8445930366612866
0.8257243195785777
0.8461891643709826
0.91431377363123
0.8773448773448773
0.8383019317910804
0.8589775253148926
0.8684824902723736
0.872267579668159
0.8260211800302572
0.8820678513731826
0.8265097236438076
0.8265097236438076
0.8579013906447535
0.855860349127182
0.7341600901916573
0.7752380952380953
0.6951055231252806
0.699674569967457
0.6504487482286254
0.6552124448572092
0.7453373244301175
0.6753246753246753
0.6970837253057385
0.6912194026498989
0.6358354636300255
0.6540821142048135
0.5950574993883044
0.5971541870772101
0.6125867432400096
0.6195546950629235
0.5927409261576971
0.5723781388478582
0.5738621240351344
0.5745140388768899
0.5731672799320691
0.4890123158657329
0.5684055118110236
0.640194489465154
0.5552813425468904
0.5552813425468904
0.5209580838323353
0.5303584491587418
0.5401042960019866
0.5078088026502603
0.5031228313671062
0.49841700587969245
0.5490533562822719
0.5502150265621047
0.48080853963206904
0.5140628692980382
0.5092421441774492
0.48766106136711074
0.48766106136711074
0.543859649122807
0.5900325569747057
0.5932247220067236
0.6
0.5950540958268934
0.6193304535637149
0.6632882882882883
0.6835576669305885
0.6410256410256411
0.6376077040040548
0.5981703026038001
0.6712224753227031
0.6514806378132119
0.5316292279886393
0.525121142565672
0.5216620217887002
0.5042907622412923
0.5190243902439025
0.513455584663015
0.6212242715851377
0.5216964942387841
0.47051442910915936
0.43798177995795373
0.4581221337195269
0.4354209681119523
0.44958941605839414
0.4804270462633452
0.423728813559322
0.4315053528512126
0.43391188251001334
0.41491596638655465
0.46775203506574825
0.4847599164926931
0.5043859649122807
0.4608061575855783
0.5032310177705978
0.541120893278935
0.5021645021645021
0.5095492742551566
0.4845360824742268
0.4549011935042066
0.4633663366336634
0.4934522679825394
0.49668615984405456
0.4337090713902308
0.43268166728144597
0.4233614312747291
0.32862045298558684
0.3550101214574899
0.47628657921291623
0.4739583333333333
0.5375072971395213
0.4286106158277328
0.4565732608392583
0.44262738207865926
0.44992444017035305
0.42965627498001596
0.45325779036827196
0.4672563846483093
0.5037593984962406
0.48182419035029744
0.5843572070722206
0.5878020035356512
0.6152301735264591
0.6501751313485113
0.5199040090344438
0.47288585513841486
0.5034503009837028
0.49755254822919665
0.5119047619047619
0.4883720930232558
0.42761692650334077
0.5850415512465375
0.6038826931020239
0.588645819353107
0.603945779090055
0.6190220311660397
0.593607305936073
0.5569146639804289
0.531929630142679
0.52491601343785
0.528832807570978
0.5165300185136207
0.55059892606361
0.4948061819103116
0.4988684938395776
0.5245769540692989
0.4990341274951706
0.48127156234598323
0.489167188478397
0.47194917286022536
0.499429151338323
0.5032596190719673
0.4803745048613612
0.4770775371960808
0.4512141280353201
0.4423846639983147
0.49165673420738976
0.523650697392359
0.5001412030499859
0.508789158401257
0.5173340499865627
0.5315645013723697
0.5015611694578485
0.4845977011494253
0.4794584939362602
0.431203593363278
0.4986758214811182
0.461441893830703
0.4957062481492449
0.486568065197706
0.5033059507112803
0.507988529291274
0.5334691798267958
0.5862068965517241
0.596144914073386
0.5835417140259149
0.5627987831377662
0.5621895804713093
0.6610169491525424
0.643705985915493
0.5964442745173008
0.5897089998072846
0.5964653902798233
0.6218617226728467
0.645528159403148
0.692144578313253
0.6242850857897052
0.6338421282163105
0.6343935686822789
0.6549664614536433
0.6661417322834645
0.7020333429700298
0.6868553292779688
0.663351907415345
0.5617529880478087
0.5963617642011326
0.5761289239550109
0.6096456168398614
0.5545058736548099
0.5631936392247805
0.5226480836236934
0.4934579439252336
0.5205671663835758
0.5245090459254678
0.5451995012468828
0.5110305461277383
0.5039865408529003
0.4930407612555035
0.5050894085281981
0.5118483412322274
0.49753146512759894
0.4786178072990522
0.4487594390507012
0.42654609548624417
0.4319021893659369
0.4557697897490553
0.44049806082874055
0.44763271162123386
0.48066298342541436
0.4781954887218045
0.5106100795755968
0.47593921485859014
0.5135627530364373
0.5001444947500241
0.4901770083641315
0.5354571456751159
0.47863247863247865
0.5591257050765511
0.5319734345351044
0.5868350238045953
0.5869678903880348
0.5510941577996387
0.4864588656106285
0.4777875845837011
0.4575107296137339
0.4826805524111388
0.45955882352941174
0.4216031593553207
0.4468713727972987
0.4466289133454429
0.4757929883138564
0.46445802508845285
0.42398095804819996
0.4481086323957323
0.48495451364590625
0.47020456566854435
0.4909604519774011
0.4554794520547945
0.45718404613166747
0.48530378439290073
0.4774651734498771
0.47918229557389347
0.4514654477009949
0.5036852773171181
0.48802288165892027
0.4827586206896552
0.4363860369609856
0.44827005640205403
0.41901408450704225
0.4733648010788941
0.46059365404298874
0.4467393826873985
0.43434197191255247
0.4677292094050813
0.4337511900983815
0.4287371432990488
0.4225820442388319
0.3970118845500849
0.4021286441462286
0.4064299424184261
0.37091458390552046
0.3532030191600542
0.36705518706935414
0.3677857412297246
0.3626090160913893
0.3577036310107949
0.36690123756369813
0.3876128719471547
0.42297650130548303
0.41324020649863347
0.39721190722590854
0.4065907291222513
0.3838740009402915
0.3818319985970655
0.344141402317687
0.3140327790405551
0.3236501420903063
0.33707865168539325
0.38089852986532335
0.363335231095699
0.3315540956682406
0.3273206323469801
0.36354132015397045
0.3356499763070605
0.30809859154929575
0.31587760694169587
0.32629982071438424
0.3449419568822554
0.4210002370229912
0.3429239882522774
0.41741559953434226
0.4058776052793999
0.38847831076428735
0.3622368543077066
0.35323110624315446
0.3477653631284916
0.3387140654756507
0.32779230481882704
0.380585845627539
0.3249954354573672
0.3275559549792442
0.32897689768976895
0.3135777186156052
0.31866834886655
0.3645923934529928
0.3247467082324952
0.3339511893728761
0.3100252737994945
0.32666463042150273
0.2975232686543619
0.288213444102728
0.3040945071724193
0.3341988575080893
0.3406208479284938
0.31960461285008235
0.3023900242466228
0.3564751937365183
0.32509093881554746
0.3591990499979526
0.35737840065952187
0.34418788237615944
0.3666066066066066
0.3648511844502936
0.3469167830772301
0.3623278267416626
0.3687915181910167
0.3561482820976492
0.3447098976109215
0.3406603641782704
0.30534900455744785
0.3270960777258006
0.33042529989094876
0.3151476565943484
0.3277988387158693
0.330996015936255
0.31143358316058045
0.3197844495765974
0.3455489387692777
0.3850623283329812
0.3586409395973154
0.40181403372099495
0.40181403372099495
0.41626794258373206
0.4184521206821163
0.40592250228408666
0.40585682105378823
0.391080429541968
0.4000813055345839
0.36736218888314076
0.3784330731425267
0.36670824356503007
0.3633133337216753
0.33641366420932406
0.34381636161391443
0.3411509557673879
0.341701122268163
0.3382601931084977
0.32893401015228424
0.2954716480014165
0.29773747689057134
0.3070707953006944
0.2983810490096608
0.2876892692560895
0.28530080628488735
0.2680697867626696
0.25844346549192365
0.2598255748102843
0.25296562145825463
0.24456586292908897
0.25051558426397913
0.24786359402211333
0.23971063064535905
0.26737178207942525
0.2641665680823376
0.0
0.0
0.0
0.0
0.0
0.0
0.0
0.0
0.0
0.0
0.24615122180050322
0.24217504405471177
0.23426193921852387
0.23366565782446147
0.23089617235846893
0.22738454397772104
0.22686567164179106
0.22488186194408868
0.20954619417826795
0.2053113553113553
0.2035067548146019
0.2086064405813622
0.26176953174302664
0.2565715004401962
0.2970742685671418
0.2875707078428375
0.3025412864791494
0.2846148261090539
0.27665536056628814
0.27800829875518673
0.279175012983159
0.2848909316407675
0.261057796377805
0.26259531105251904
0.25473575587823394
0.25178493370246247
0.26035087719298244
0.25029212432811404
0.2643235435724603
0.25294739409708106
0.26216731614294003
0.24804134022337057
0.2614124706073137
0.26607327346419773
0.2741584826448759
0.27801820623787493
0.27801820623787493
0.2702621271467309
0.2647201946472019
0.252027972027972
0.2686282522817055
0.28449931412894375
0.2690166975881262
0.28656322218553976
0.2877220896313975
0.2854136525055899
0.29345372460496616
0.29123057921081713
0.27613412228796846
0.28075481622723386
0.28186678988712127
0.2827140549273021
0.2696791093647675
0.27494514005421455
0.27883701779945524
0.27909833548307844
0.2801052038324253
0.2713258630740333
0.27286702536510377
0.2592734960599654
0.273266452142091
0.2766987239927085
0.27430489581354106
0.28460478516848303
0.2774681273624191
0.26377145785293366
0.2785388127853881
0.29858544666751624
0.29371944339977435
0.28916889397989054
0.30047298979337816
0.29957805907172996
0.2868686868686869
0.28460478516848303
0.28340619654058163
0.2821071520123045
0.2810086179380785
0.2936021034180543
0.2981708844901027
0.29568890545409365
0.2812480381693766
0.2940102264426589
0.2932479053721045
0.2964645224650135
0.2770593445527015
0.28007529854697333
0.2932303824744119
0.29813554306007695
0.2824917577650529
0.28734482555745133
0.29429711335367287
0.286115992970123
0.2795840897837927
0.2798738719147548
0.28246383877783193
0.2874877491016008
0.29393142673177014
0.3131630857813083
0.30678648899907035
0.289237668161435
0.3125254582484725
0.30297090984113884
0.34083088125280536
0.3351772572033287
0.33901980627439643
0.35044239135748156
0.36055294988891634
0.35302363803354764
0.3848396501457726
0.4845454061818375
0.5547815072830906
0.5313463514902363
0.5991376729145458
0.56503077878805
0.5697505378845148
0.5744606003752345
0.6125290023201856
0.5687865635025476
0.5622458857696031
0.5733801976258373
0.4822390984811367
0.5071655041217502
0.5689666963003488
0.48114923781444074
0.41091492776886035
0.39873687804045405
0.4423473901503981
0.41251778093883357
0.26988122394399433
0.276024384597577
0.2915738535985867
0.3116566288023176
0.3629776956954113
0.3667288646476245
0.38629070799481124
0.40822974140796386
0.41778387478954915
0.4431331863571521
0.4957740672026386
0.49604424840719735
0.5274094035883979
0.5193432457191177
0.5458341890874239
0.5365007340184171
0.5566167331719762
0.6119555585849635
0.5403513587702443
0.5295344895031947
0.5221052631578947
0.5136147529174471
0.5395738789323898
0.48384403439926527
0.4921535597127405
0.4454850073030329
0.4065384941136614
0.40796264438436963
0.40851872377483966
0.4234226665546501
0.40439111564973196
0.462057044079516
0.4127266263775329
0.402448762310354
0.4181459566074951
0.3997796423425714
0.3800344234079174
0.39166666666666666
0.394854292465214
0.39928698752228164
0.42028723692530034
0.4356159452893008
0.42394255188720553
0.42168674698795183
0.4366640440597954
0.43500776799585705
0.4381508763017526
0.42520277615185215
0.5366067514248137
0.47776183644189385
0.5059433372061847
0.49134786268824243
0.49042995839112347
0.49365985867776596
0.44434254270319845
0.4342857142857143
0.43471227178183497
0.43637215842512306
0.4357204486626402
0.4348098883172293
0.4353997331068786
0.46776232616940583
0.4502952162911194
0.46141498950487714
0.4510604663417205
0.4510604663417205
0.554734346674104
0.5543478260869565
0.5729096539652618
0.6405077899596077
0.6641150851260393
0.611228418829959
0.6575006806425265
0.6361959957850368
0.6621494700120757
0.6257760119195431
0.0
0.0
0.0
0.0
0.0
0.0
0.0
0.0
0.0
0.0
0.0
0.0
0.0
0.0
0.0
0.0
0.0
0.0
0.0
0.0
0.0
0.0
0.0
0.0
0.0
0.0
0.0
0.0
0.0
0.0
0.0
0.0
0.0
0.0
0.0
0.0
0.0
0.0
0.0
0.0
0.0
0.0
0.0
0.0
0.0
0.0
0.0
0.0
0.0
0.0
0.0
0.0
0.6909543273502755
0.6774533943017939
0.6980421686746988
0.6943423952975754
0.5491183879093199
0.5657543391188251
0.5817744980264287
0.6113769271664008
0.6380336791971424
0.6413430557910802
0.6542292757048793
0.6759275540706875
0.6976914620740198
0.6614840989399293
0.6987681970884658
0.6776890209920119
0.6777609682299546
0.6736214605067065
0.735357917570499
0.7085889570552147
0.7060883096673799
0.7540506855006232
0.6773651800709087
0.730723606168446
0.730723606168446
0.687905604719764
0.656140350877193
0.6598680263947211
0.0
0.0
0.0
0.0
0.0
0.0
0.0
0.0
0.0
0.0
0.0
0.0
0.0
0.0
0.0
0.0
0.0
0.0
0.0
0.0
0.0
0.0
0.0
0.0
0.0
0.0
0.0
0.0
0.0
0.0
0.0
0.0
0.5757575757575758
0.598701076739019
0.6242339345123445
0.0
0.0
0.0
0.0
0.0
0.0
0.0
0.0
0.0
0.49229845969193836
0.544777802842319
0.6417040358744395
0.6054580071927227
0.6367811064946425
0.6367811064946425
0.6416349809885932
0.6159217877094972
0.7427884615384616
0.7866598778004074
0.8572141787319022
0.7981588032220943
0.7826322930800542
0.7404718693284936
0.8193460490463216
0.8416438356164384
0.8028125955365332
0.8663117420881397
0.8508102955195425
0.866633978916401
0.8288393903868698
0.758420939712508
0.5850188930873528
0.574296312459088
0.49219794917521176
0.4730344379467186
0.4778496764559482
0.47209245143840667
0.4402241594022416
0.43911439114391143
0.5579815623483746
0.612443975744793
0.46007403490216814
0.45215562565720296
0.35132530120481925
0.42289156626506025
0.34316770186335405
0.3048472961613897
0.41797752808988764
0.5256093253267397
0.42214532871972316
0.4299903876962512
0.37440520911595293
0.4021857923497268
0.3985067662155856
0.37521968365553604
0.46987620357634113
0.44548774126238916
0.27947700210133086
0.2921480782834237
0.31956521739130433
0.2488048222822698
0.2630884293884734
