1.0
0.9100459619172685
0.9445759123178478
0.9352186780664256
0.8786657622790568
0.9171990072018554
0.951569207685575
0.94706947645703
0.8951730097011115
0.8635224595130344
0.8813963163269165
0.8456498268865642
0.8036371668384626
0.8571747876620474
0.8466233152904421
0.7826551355821245
0.838723434501386
0.82820995770994
0.8027789299046039
0.7604669362201644
0.7201090401927221
0.7278966743620141
0.8615808100668502
0.8065996228786927
0.8148125552878016
0.798004251299008
0.7344310401043365
0.7156901297679905
0.7103548708515367
0.7954833932726888
0.7587882629479967
0.774132118685504
0.725094577553594
0.706705853319274
0.7664404345509718
0.6955085865257595
0.7495910577971646
0.7394702167295197
0.7554026867415147
0.7554026867415147
0.7648247552889169
0.7874181527254352
0.7849048926864002
0.8544853245142621
0.8544853245142621
0.8205489771871197
0.8149278525758659
0.7794839498397762
0.8311234646734027
0.7789764174611139
0.8419846911874329
0.9222081643285082
0.9727160516571176
0.8547414015366369
0.9216472173943887
0.8684719535783365
0.9308788004997918
0.9176662055496786
0.9152794010803298
0.8699820622255211
0.9003955684212122
0.8150377631819524
0.8928055057544387
0.8304009736966664
0.8162511542012927
0.8167511091276612
0.8448923991774399
0.7950203164173943
0.801007805552811
0.747338480292564
0.7012608482069757
0.6763256600720747
0.7163633306712622
0.6623739238636709
0.6494826953407862
0.66259099789089
0.6551073962484206
0.6858675894514809
0.7013148102207889
0.7343869849717333
0.7526249077735107
0.7613001095597943
0.7226828586121963
0.7489790214833714
0.7519490851233095
0.7559329998992984
0.7495097729141628
0.6796126262590005
0.7370756728718806
0.6679232259948499
0.7784859150144723
0.7027954669428832
0.669375492226468
0.7222305191448298
0.7116759332803813
0.7368591340252777
0.7167242540266098
0.8398815190944674
0.8592075819402396
0.8427314562124755
0.7924336614982704
0.8179904709056467
0.8157955549514035
0.8264917533935151
0.8342031799975725
0.8530965493986737
0.8355882639985831
0.8437460176931796
0.8289367833731257
0.828667117310883
0.8602012010318306
0.8081188475223947
0.8314989821419705
0.8108366838981428
0.8080026731706804
0.7849914378131541
0.8008865808992318
0.7629718926464056
0.7020626432391138
0.7684852912736102
0.7896317978739793
0.71432415367688
0.7440327797923191
0.6859386606697668
0.6848483022354799
0.646155583154567
0.6832355232407167
0.634618374009016
0.6435401311938036
0.0
0.0
0.0
0.0
0.0
0.0
0.0
0.0
0.0
0.0
0.0
0.0
0.0
0.0
0.0
0.0
0.0
0.0
0.0
0.0
0.0
0.0
0.030310605587150805
0.06200950168717081
0.10315455447490401
0.08716788198809823
0.1934715379410235
0.0
0.24599796457854614
0.20261243367314813
0.0
0.0
0.0
0.0
0.0
0.0
0.0
0.0
0.0
0.0
0.0
0.0
0.0
0.0
0.0
0.0
0.0
0.0
0.0
0.0
0.0
0.0
0.0
0.0
0.0
0.0
0.0
0.0
0.0
0.0
0.0
0.0
0.0
0.0
0.0
0.0
0.0
0.0
0.0
0.0
0.0
0.0
0.0
0.0
0.0
0.0
0.0
0.0
0.0
0.0
0.0
0.0
0.0
0.0
0.0
0.0
0.0
0.0
0.0
0.0
0.0
0.0
0.0
0.0
0.0
0.0
0.0
0.0
0.0
0.0
0.0
0.0
0.0
0.0
0.0
0.0
0.0
0.0
0.0
0.0
0.0
0.0
0.0
0.0
0.0
0.0
0.0
0.0
0.0
0.0
0.0
0.0
0.0
0.0
0.0
0.0
0.0
0.0
0.0
0.0
0.0
0.0
0.0
0.0
0.0
0.0
0.0
0.0
0.0
0.0
0.0
0.0
0.0
0.0
0.0
0.0
0.0
0.0
0.0
0.0
0.0
0.0
0.0
0.0
0.0
0.0
0.0
0.0
0.0
0.0
0.0
0.0
0.0
0.0
0.0
0.0
0.0
0.0
0.0
0.0
0.0
0.0
0.0
0.0
0.0
0.0
0.0
0.0
0.0
0.0
0.0
0.0
0.0
0.0
0.0
0.0
0.0
0.01544529790325929
0.015714516621468725
0.023024112525117213
0.022894973571415973
