1,3672,823,60,141
2,3664,810,65,134
3,3656,804,68,129
4,3647,785,71,125
5,3650,785,73,121
6,3641,789,75,118
7,3634,780,76,115
8,3627,772,76,114
9,3622,775,75,113
10,3620,776,76,113
11,3619,778,76,112
12,3618,759,76,113
13,3612,783,73,115
14,3612,804,72,116
15,3612,807,71,117
16,3607,792,72,116
17,3596,775,71,117
18,3592,772,71,116
19,3592,778,71,116
20,3591,780,71,116
21,3594,803,69,118
22,3596,821,68,119
23,3594,810,69,117
24,3590,775,68,116
25,3590,771,68,116
26,3579,770,68,115
27,3579,788,67,117
28,3578,795,66,118
29,3581,797,67,117
30,3583,798,67,116
31,3583,785,68,116
32,3581,768,69,116
33,3575,767,69,115
34,3572,762,69,114
35,3571,760,69,114
36,3571,766,68,114
37,3569,749,69,114
38,3564,739,69,114
39,3560,739,69,115
40,3559,738,69,116
41,3557,746,68,116
42,3557,765,67,117
43,3556,773,67,117
44,3555,772,67,117
45,3554,771,67,118
46,3549,753,68,117
47,3544,759,68,119
48,3541,752,69,120
49,3538,738,70,120
50,3536,736,70,120
51,3533,741,70,122
52,3530,770,71,123
53,3529,772,71,122
54,3526,776,72,123
55,3525,780,72,123
56,3521,789,71,125
57,3514,793,72,123
58,3507,797,72,123
59,3501,804,71,124
60,3499,809,71,125
61,3498,804,72,124
62,3499,806,72,125
63,3500,806,73,126
64,3499,806,73,128
65,3498,806,74,129
66,3497,807,74,129
67,3497,811,74,131
68,3501,821,76,130
69,3505,822,76,130
70,3507,823,76,130
71,3511,822,77,129
72,3513,829,76,129
73,3523,838,76,130
74,3523,843,77,129
75,3523,846,77,128
76,3525,851,77,128
77,3529,849,77,127
78,3532,841,78,127
79,3532,840,77,128
80,3532,839,77,130
81,3531,857,77,132
82,3529,863,77,132
83,3530,861,77,132
84,3528,853,77,132
85,3526,852,78,131
86,3521,847,78,131
87,3515,846,78,132
88,3511,864,78,132
89,3508,874,79,132
90,3506,875,79,133
91,3504,884,79,134
92,3499,898,79,135
93,3494,905,79,138
94,3486,911,79,140
95,3485,914,80,140
96,3478,917,80,141
97,3472,922,80,140
98,3469,914,79,141
99,3466,913,79,140
100,3465,914,79,140
101,3462,913,79,140
102,3458,917,78,141
103,3452,925,79,142
104,3449,933,79,142
105,3447,936,80,142
106,3447,933,80,142
107,3446,927,81,142
108,3445,915,81,143
109,3440,916,81,144
110,3438,916,81,144
111,3434,918,81,144
112,3431,924,81,144
113,3427,924,80,145
114,3417,912,81,147
115,3416,909,81,148
116,3410,905,81,149
117,3402,894,81,150
118,3394,895,83,149
119,3391,905,82,151
120,3390,908,84,151
121,3393,909,85,151
122,3394,898,85,153
123,3392,884,85,155
124,3386,864,85,154
125,3383,854,85,157
126,3378,849,86,160
127,3375,856,88,159
128,3375,859,88,161
129,3377,862,90,159
130,3376,863,92,158
131,3373,868,92,159
132,3368,866,94,160
133,3363,863,94,161
134,3360,865,94,161
135,3359,864,95,162
136,3355,851,96,162
137,3349,844,98,163
138,3343,849,98,164
139,3340,841,99,167
140,3340,838,99,169
141,3337,836,99,172
142,3332,831,100,175
143,3323,806,104,176
144,3318,801,104,178
145,3316,798,104,181
146,3311,792,105,183
147,3305,789,106,185
148,3304,812,107,186
149,3295,812,109,186
150,3292,812,110,188
151,3286,819,111,186
152,3275,814,113,186
153,3266,808,114,188
154,3260,812,114,192
155,3256,815,114,196
156,3255,836,113,200
157,3255,858,113,201
158,3254,861,114,202
159,3247,855,116,202
160,3243,853,117,202
161,3240,846,118,206
162,3238,842,119,208
163,3233,840,121,210
164,3225,860,123,210
165,3222,861,125,211
166,3217,881,127,210
167,3211,881,129,210
168,3201,874,131,211
169,3189,860,133,212
170,3184,854,134,216
171,3178,859,134,217
172,3170,880,135,217
173,3165,880,134,219
174,3157,875,135,220
175,3155,871,134,222
176,3151,869,134,226
177,3143,884,136,229
178,3136,877,137,236
179,3130,873,137,243
180,3130,884,137,248
181,3130,897,137,252
182,3129,897,138,255
183,3125,900,140,256
184,3121,899,143,260
185,3119,900,146,264
186,3113,895,150,268
187,3106,897,154,270
188,3096,903,159,269
189,3089,908,162,271
190,3083,908,164,273
191,3083,931,165,275
192,3075,934,167,277
193,3066,937,173,274
194,3056,936,176,274
195,3051,935,179,277
196,3042,930,181,281
197,3031,922,184,287
198,3020,925,190,285
199,3006,955,197,281
200,2998,953,201,279
201,2985,955,208,277
202,2971,956,213,277
203,2955,958,216,275
204,2942,955,217,278
205,2938,955,218,283
206,2927,987,221,282
207,2912,988,227,281
208,2894,979,232,286
209,2879,997,237,289
210,2873,987,239,293
211,2865,1007,241,293
212,2854,997,245,295
213,2843,988,247,300
214,2834,979,250,304
215,2829,1000,252,303
216,2817,992,255,306
217,2798,1018,259,302
218,2784,1017,260,303
219,2768,1017,260,303
220,2763,1016,258,306
221,2746,1037,259,303
222,2730,1033,260,303
223,2713,1033,261,304
224,2692,1060,264,300
225,2684,1052,265,301
226,2669,1071,269,297
227,2654,1057,269,299
228,2645,1073,270,301
229,2637,1086,272,299
230,2635,1067,270,304
231,2629,1084,270,304
232,2621,1066,269,310
233,2609,1075,269,314
234,2593,1087,274,313
235,2587,1096,278,311
236,2575,1078,279,315
237,2561,1095,282,315
238,2553,1077,281,321
239,2538,1099,281,318
240,2537,1089,279,320
241,2525,1081,277,324
242,2510,1100,277,323
243,2494,1087,277,328
244,2478,1103,280,327
245,2471,1090,281,329
246,2455,1108,285,325
247,2437,1125,287,318
248,2416,1121,287,317
249,2389,1147,289,308
250,2377,1138,287,308
251,2364,1132,285,312
252,2349,1160,285,306
253,2338,1154,281,308
254,2323,1155,279,310
255,2317,1183,279,300
256,2303,1171,276,301
257,2288,1195,277,295
258,2275,1189,276,295
259,2261,1220,275,286
260,2254,1218,276,280
261,2241,1220,274,276
262,2227,1223,269,273
263,2213,1226,265,269
264,2195,1232,261,264
265,2192,1235,257,259
266,2181,1245,252,254
267,2166,1249,249,248
268,2148,1253,246,246
269,2131,1252,244,244
270,2127,1253,242,244
271,2117,1254,238,243
272,2107,1275,234,240
273,2095,1275,229,236
274,2084,1274,225,233
275,2080,1272,220,231
276,2071,1271,217,233
277,2063,1270,213,234
278,2055,1268,209,235
279,2042,1297,210,228
280,2041,1294,207,224
281,2027,1295,206,221
282,2011,1293,202,220
283,2003,1296,200,219
284,1994,1298,197,217
285,1989,1298,195,215
286,1985,1293,190,214
287,1982,1291,187,214
288,1979,1306,183,209
289,1972,1306,179,205
290,1969,1308,175,202
291,1958,1311,171,199
292,1950,1313,167,196
293,1941,1313,164,195
294,1935,1312,159,196
295,1930,1309,156,197
296,1925,1308,154,199
297,1915,1307,152,199
298,1904,1306,149,197
299,1897,1323,146,190
300,1892,1325,143,186
301,1885,1329,141,182
302,1875,1332,139,178
303,1868,1332,137,172
304,1860,1335,133,168
305,1858,1336,130,165
306,1855,1339,126,162
307,1850,1344,124,159
308,1843,1350,121,159
309,1837,1348,118,156
310,1836,1347,116,155
311,1830,1349,115,154
312,1823,1365,113,149
313,1817,1364,112,147
314,1809,1367,111,144
315,1806,1370,111,142
316,1800,1372,109,138
317,1795,1375,108,134
318,1788,1379,107,131
319,1783,1381,105,128
320,1781,1381,103,126
321,1779,1384,100,126
322,1775,1387,99,125
323,1773,1384,96,124
324,1769,1381,94,121
325,1770,1380,93,119
326,1765,1375,91,116
327,1760,1375,90,114
328,1757,1381,88,115
329,1753,1394,86,114
330,1752,1395,84,114
331,1747,1396,83,114
332,1742,1394,81,113
333,1738,1393,80,112
334,1735,1392,79,110
335,1735,1390,78,109
336,1731,1389,77,108
337,1725,1389,77,106
338,1720,1381,74,104
339,1718,1384,74,102
340,1716,1385,73,100
341,1714,1382,72,97
342,1710,1395,72,96
343,1705,1394,71,93
344,1699,1393,71,91
345,1696,1394,70,90
346,1690,1387,69,88
347,1688,1378,68,87
348,1683,1377,66,87
349,1682,1377,65,88
350,1682,1375,62,91
351,1678,1388,60,93
352,1676,1388,59,93
353,1677,1377,58,92
354,1675,1372,57,91
355,1675,1370,56,92
356,1674,1364,55,91
357,1670,1366,55,93
358,1668,1370,54,94
359,1668,1364,54,92
360,1668,1362,54,92
361,1666,1364,54,92
362,1665,1361,54,92
363,1663,1362,53,93
364,1657,1367,54,92
365,1655,1369,54,93
366,1651,1353,54,91
367,1649,1334,53,89
368,1646,1335,52,91
369,1643,1337,51,91
370,1642,1338,51,91
371,1647,1354,51,91
372,1644,1369,51,92
373,1644,1367,51,91
374,1645,1350,51,89
375,1645,1346,50,89
376,1645,1342,50,89
377,1645,1339,49,88
378,1644,1342,49,89
379,1644,1340,48,89
380,1644,1340,48,89
381,1646,1336,47,87
382,1648,1332,47,86
383,1646,1343,46,87
384,1644,1357,46,87
385,1642,1361,46,87
386,1640,1374,46,86
387,1637,1376,46,87
388,1634,1373,47,86
389,1632,1359,47,85
390,1631,1357,46,84
391,1630,1357,46,84
392,1627,1367,46,84
393,1624,1366,47,83
394,1623,1361,46,82
395,1622,1359,46,82
396,1622,1361,46,82
397,1621,1363,46,81
398,1621,1359,46,80
399,1620,1367,46,80
400,1619,1367,46,79
401,1618,1366,46,78
402,1618,1366,46,78
403,1616,1366,46,77
404,1614,1367,46,77
405,1612,1366,46,76
406,1610,1362,45,75
407,1608,1352,44,74
408,1605,1360,44,74
409,1600,1356,44,73
410,1597,1355,44,73
411,1594,1352,44,72
412,1584,1353,43,73
413,1581,1341,43,72
414,1576,1341,43,73
415,1573,1341,42,74
416,1569,1350,43,74
417,1563,1349,43,74
418,1558,1350,43,74
419,1552,1352,44,74
420,1549,1352,43,74
421,1548,1337,43,72
422,1544,1337,43,73
423,1540,1341,42,74
424,1538,1338,41,74
425,1537,1336,40,75
426,1534,1338,40,76
427,1531,1340,40,77
428,1529,1335,41,74
429,1525,1336,40,74
430,1524,1337,40,75
431,1523,1336,40,75
432,1522,1335,40,74
433,1521,1337,40,74
434,1520,1336,40,74
435,1519,1336,40,73
436,1525,1328,40,70
437,1523,1325,41,69
438,1521,1325,41,69
439,1520,1324,40,69
440,1519,1322,40,69
441,1517,1329,40,69
442,1516,1325,40,68
443,1516,1319,40,67
444,1514,1317,40,68
445,1514,1316,40,68
446,1513,1320,40,68
447,1512,1326,40,68
448,1505,1345,40,68
449,1506,1339,39,67
450,1505,1338,39,66
451,1504,1329,39,65
452,1495,1333,40,64
453,1490,1328,40,63
454,1481,1333,40,65
455,1480,1336,40,65
456,1472,1341,40,65
457,1468,1337,41,64
458,1459,1330,41,64
459,1450,1327,41,65
460,1450,1328,41,65
461,1441,1334,41,66
462,1437,1336,42,65
463,1433,1336,44,63
464,1428,1332,45,62
465,1426,1332,46,61
466,1424,1323,47,59
467,1422,1320,48,59
468,1418,1324,48,58
469,1416,1323,48,58
470,1415,1322,49,58
471,1415,1320,48,57
472,1415,1319,48,57
473,1414,1315,48,57
474,1412,1312,49,56
475,1410,1312,49,56
476,1407,1307,49,56
477,1398,1314,50,56
478,1391,1317,50,56
479,1383,1313,51,56
480,1380,1312,51,56
481,1368,1319,51,57
482,1356,1325,52,56
483,1344,1324,52,56
484,1333,1322,51,56
485,1331,1321,51,56
486,1326,1320,52,56
487,1323,1314,52,56
488,1316,1315,52,55
489,1302,1320,51,56
490,1298,1322,51,56
491,1296,1317,51,55
492,1285,1312,51,56
493,1275,1309,50,56
494,1272,1312,50,55
495,1268,1309,50,56
496,1266,1306,50,55
