1.0
0.9211261311585298
0.9099847061393926
0.9025267050123253
0.883248730964467
0.9054945054945055
0.9155555555555556
0.9806030343768004
0.9066006892285942
0.8953687821612349
0.9007152195647158
0.8765510658606427
0.888482922954726
0.7742439024390244
0.806921923967843
0.839413701814425
0.8081734778982486
0.8381219341275403
0.8021814006888633
0.8070223942493779
0.7938619461610977
0.8195457815229679
0.7954677513073795
0.7728197477281975
0.7646903356532464
0.7568862275449102
0.7429100124703327
0.7218499691928527
0.7237038928819001
0.6932107496463932
0.695443150990694
0.6975958414554906
0.7312324492979719
0.7170629492738861
0.6847939992278418
0.7319229726064551
0.6326675453715908
0.5985363914802085
0.584373715299565
0.5927965033201648
0.6318942367279488
0.614153018821804
0.588986042469994
0.5984891473967938
0.5562526494277236
0.5900648369326769
0.5226759314860885
0.5659576891318584
0.5574287261668356
0.5210505986867516
0.45463905278580763
0.4652489692761319
0.42596841030568733
0.4299893697072489
0.4171048395750617
0.43001832499628545
0.359659547904587
0.3861739878162507
0.35644477434011496
0.3648274269883412
0.35272073313877733
0.36788977389227495
0.36296614000718697
0.3500066412822102
0.32264062209486727
0.2857203814725523
0.2660573199070488
0.21697568612103127
0.20646337161447106
0.21910959447662884
0.19346923753245956
0.17956816180266635
0.17713084926451744
0.13666842940243257
0.137727186969373
0.14611020102628638
0.13820759344648287
0.15279721578875663
0.14507200970861764
0.14691640018273183
0.14591187471129058
0.13552171525991852
0.15044376811065954
0.15960788046064528
0.17647297187778588
0.1808695652173913
0.21605225176741114
0.23928080788604758
0.26489759263014573
0.2812871150393592
0.31893687707641194
0.33305084745762714
0.3763367299175458
0.43196728295135045
0.41401584399756247
0.4066269905098922
0.4694141563481796
0.4568756183109992
0.4755736650225177
0.5523929471032746
0.5885094850948509
0.62527664531159
0.6623893237520853
0.6968743983056287
0.7252358490566038
0.7345921662220974
0.7412779302234418
0.7207401305367214
0.7233560090702947
0.6916926412793062
0.6249916427090995
0.5613008572594911
0.5287206266318538
0.5829109341057205
0.5861678759235839
0.5692675673928502
0.5075367296317497
0.4767558110472382
0.4592027989503936
0.47306517642471896
0.5180761781794706
0.5011331995078676
0.48062665205338145
0.4719692369965594
0.47113163972286376
0.4981810400171196
0.46660778585501733
0.40735152928267726
0.48645361799878384
0.41975814716130355
0.4333168770717258
0.41798752061966576
0.41798752061966576
0.38712452505555955
0.4153498871331828
0.4241733181299886
0.4046015287973965
0.37583296312749886
0.3824265877532438
0.3879844072460445
0.3999088353718757
0.3817514420555847
0.34075508228460794
0.34075508228460794
0.3122748883446189
