1,1602,373,255,180
2,1589,357,260,194
3,1581,354,267,193
4,1574,354,273,191
5,1570,355,276,190
6,1566,356,280,190
7,1563,357,282,191
8,1562,356,284,191
9,1561,356,286,190
10,1560,356,288,189
11,1559,357,289,188
12,1557,360,290,188
13,1554,360,292,189
14,1552,360,292,189
15,1552,359,292,188
16,1550,360,293,189
17,1548,358,296,190
18,1546,357,297,191
19,1545,356,298,193
20,1545,355,298,193
21,1545,353,298,194
22,1544,350,299,196
23,1543,349,300,196
24,1542,348,301,197
25,1540,347,302,199
26,1531,346,304,201
27,1529,345,307,203
28,1521,343,309,205
29,1521,341,311,206
30,1522,338,310,208
31,1519,339,310,207
32,1509,340,314,208
33,1508,338,315,210
34,1501,335,317,212
35,1500,333,319,214
36,1497,330,319,216
37,1489,328,319,216
38,1487,328,321,217
39,1480,329,325,218
40,1479,326,326,221
41,1476,324,326,221
42,1470,319,328,224
43,1471,318,328,226
44,1471,317,327,227
45,1471,315,328,228
46,1469,315,326,229
47,1468,314,326,230
48,1465,315,328,230
49,1461,313,326,232
50,1459,316,325,231
51,1459,317,325,232
52,1457,317,324,232
53,1449,318,329,227
54,1450,320,329,223
55,1445,324,328,219
56,1437,327,327,216
57,1430,328,326,215
58,1422,330,324,214
59,1415,329,325,213
60,1415,332,324,212
61,1415,334,321,211
62,1408,334,322,211
63,1408,333,320,212
64,1405,331,320,214
65,1396,328,323,216
66,1388,325,324,217
67,1384,322,323,218
68,1377,333,328,219
69,1374,324,330,221
70,1368,310,327,232
71,1362,322,334,234
72,1361,308,334,246
73,1362,302,334,256
74,1360,301,333,266
75,1357,313,332,278
76,1350,299,331,287
77,1348,293,331,295
78,1348,289,342,310
79,1339,280,345,319
80,1332,267,350,327
81,1326,252,350,333
82,1312,233,350,339
83,nan,nan,nan,nan
84,1303,218,351,344
85,1298,211,357,348
86,1280,207,358,341
87,1261,198,369,338
88,1257,183,389,334
89,1254,169,409,325
90,1244,158,420,318
91,1238,147,434,309
92,1233,135,451,301
93,1233,124,448,338
94,1224,113,469,322
95,1219,103,470,345
96,1232,93,474,369
97,1227,103,463,387
98,1227,112,458,404
99,1233,93,481,418
100,1222,98,481,432
101,1226,81,505,443
102,1215,90,503,450
103,1225,92,507,461
104,1214,97,512,464
105,1201,85,534,471
106,1194,81,543,479
107,1198,100,528,475
108,1189,98,537,468
109,1191,116,522,460
110,1181,114,525,452
111,1168,115,522,445
112,1157,119,518,441
113,1138,118,519,432
114,1122,124,516,424
115,1110,135,511,422
116,1068,121,563,383
117,1050,119,590,362
118,1034,120,602,344
119,1024,100,640,338
120,1010,94,659,334
121,1248,172,510,316
122,1236,168,523,329
123,1202,137,569,330
124,1121,53,640,374
125,1153,82,611,361
126,1161,78,587,383
127,1153,87,555,389
128,1125,95,552,360
129,1100,114,534,316
130,1098,137,485,310
131,1115,244,363,275
132,1108,267,336,262
133,1097,284,321,255
134,1067,270,321,262
135,1047,276,317,258
136,1038,309,310,245
137,1028,324,319,243
138,1012,329,329,247
139,1000,337,326,246
140,981,338,321,245
141,958,342,318,246
142,937,322,341,259
143,921,313,356,262
144,918,342,343,253
145,915,357,345,256
146,896,364,333,251
147,870,354,334,257
148,855,347,357,265
149,863,352,380,276
150,876,358,399,288
151,871,349,409,293
152,854,360,398,283
153,840,360,396,279
154,832,365,403,275
155,855,354,431,290
156,850,345,429,290
157,836,341,415,287
158,824,338,414,287
159,817,338,423,289
160,818,332,439,292
161,819,325,448,291
162,827,320,450,293
163,824,312,453,293
164,820,305,455,294
165,819,295,458,294
166,815,287,460,292
167,799,270,452,283
168,784,260,452,284
169,773,258,452,287
170,761,260,457,288
171,751,257,464,289
172,734,240,473,285
173,724,228,487,285
174,713,224,496,289
175,707,217,505,292
176,701,213,512,294
177,691,214,509,293
178,677,216,508,295
179,666,216,515,298
180,657,202,529,299
181,650,195,537,304
182,642,188,544,305
183,651,203,542,314
184,647,189,555,311
185,646,178,562,308
186,651,164,570,308
187,674,158,576,306
188,682,175,569,310
189,677,161,579,306
190,676,155,580,308
191,672,151,582,311
192,681,166,569,316
193,680,157,570,315
194,682,150,572,313
195,686,147,571,311
196,705,171,550,310
197,700,164,557,308
198,698,162,560,304
199,696,162,559,306
200,694,160,559,306
201,707,183,542,305
202,703,173,552,301
203,699,167,558,299
204,713,191,541,297
205,715,183,546,300
206,750,194,534,277
207,749,188,541,285
208,741,182,548,295
209,739,178,551,302
210,735,175,552,304
211,738,175,549,304
212,740,175,545,302
213,743,171,545,301
214,743,165,542,306
215,747,164,536,308
216,756,166,525,310
217,762,168,517,312
218,764,166,514,313
219,777,188,498,307
220,781,176,502,307
221,781,172,505,308
222,784,172,502,305
223,787,175,499,304
224,794,180,494,299
225,792,179,496,298
226,790,180,498,296
227,790,181,498,294
228,790,182,497,293
229,791,185,495,290
230,794,189,491,287
231,794,192,487,287
232,797,193,483,286
233,798,193,478,284
234,812,211,464,280
235,820,195,471,280
236,816,204,466,283
237,855,231,443,270
238,830,232,451,279
239,797,212,467,285
240,799,231,456,280
241,753,230,457,268
242,734,216,464,267
243,758,190,490,278
244,751,101,587,206
245,786,131,555,219
246,808,174,514,256
247,780,183,515,274
248,742,140,553,263
249,852,214,479,261
250,952,249,418,225
251,901,243,454,257
252,887,226,472,273
253,839,197,504,298
254,820,184,515,306
255,857,227,489,293
256,871,270,475,285
257,841,265,493,294
258,879,311,475,271
259,894,343,468,259
260,874,320,489,282
261,892,347,481,269
262,876,360,485,271
263,808,400,466,242
264,746,447,334,175
265,708,273,394,213
266,669,265,279,181
267,654,261,290,202
268,645,253,342,223
269,634,368,218,187
270,613,366,161,182
271,593,359,161,192
272,579,373,170,202
273,nan,nan,nan,nan
274,562,369,179,213
275,554,375,209,227
276,536,386,213,227
277,523,368,241,247
278,506,389,240,239
279,486,417,239,225
280,487,385,314,268
281,463,380,307,270
282,637,395,410,302
283,737,424,357,263
284,743,377,374,279
285,755,370,382,279
286,777,364,381,277
287,734,389,426,293
288,732,378,434,302
289,727,369,442,311
290,942,280,287,197
291,942,270,306,196
292,989,271,285,187
293,981,269,309,211
294,966,246,340,213
295,947,228,376,206
296,802,422,460,273
297,789,405,472,292
298,810,429,464,281
299,805,445,468,279
300,827,430,460,288
301,819,455,468,282
302,813,445,469,294
303,804,466,472,288
304,806,450,464,308
305,799,481,469,296
306,795,499,473,289
307,795,485,468,305
308,787,508,477,295
309,790,496,470,310
310,786,494,471,317
311,807,525,482,300
312,790,548,500,290
313,775,549,509,294
314,764,576,528,282
315,780,576,530,282
316,790,581,534,278
317,771,589,550,280
318,780,596,557,274
319,761,605,574,277
320,768,612,582,270
321,743,622,600,277
322,725,630,615,282
323,738,637,620,270
324,754,634,613,267
325,749,628,611,283
326,784,617,585,275
327,793,614,579,284
328,821,629,580,255
329,834,620,571,265
330,860,628,569,245
331,852,626,580,255
332,823,647,629,240
333,836,639,619,248
334,895,626,571,244
335,856,649,633,225
336,866,641,622,238
337,836,660,676,217
338,860,649,650,231
339,887,640,626,238
340,903,635,615,242
341,863,659,683,215
342,891,648,653,228
343,904,644,647,231
344,925,639,630,235
345,942,637,620,236
346,955,637,617,233
347,967,637,616,230
348,981,637,609,228
349,993,633,602,234
350,1015,626,583,242
351,1036,621,566,247
352,1056,616,549,253
353,1078,611,532,255
354,1098,606,516,261
355,1061,626,578,245
356,1083,614,549,265
357,1144,604,500,255
358,1133,600,507,274
359,1140,590,488,297
