1.0
0.8545468545468545
0.8151593548742225
0.7841907151819323
0.7776686772338336
0.763131435703637
0.7564329931403714
0.7493898288200036
0.7469437062092292
0.7181174089068826
0.7001321003963011
0.7074079120679475
0.702647535570631
0.6936996118244252
0.7021430946407521
0.733421690050729
0.7384317111222187
0.7297567378107894
0.7283734975427794
0.7331166807639229
0.7228639112458249
0.7378561180569789
0.7610640163694826
0.7555755473975942
0.7493536340132146
0.7139268068001005
0.7527325621666551
0.741676514935409
0.7699404761904762
0.7819112490427633
0.792272628608639
0.7945496039736878
0.798995109174974
0.7892948617427212
0.80481852640324
0.8085023704049118
0.7842618950793006
0.792594388373547
0.787478394468984
0.8010164340530946
0.8101376447454665
0.7865436216365324
0.8048694690821377
0.7965696890197874
0.7885064177362894
0.7810904338987973
0.7682700585660414
0.7665861610916556
0.7397857380398118
0.7732200656984369
0.7836767227844738
0.7726114343414916
0.7480780048753047
0.7689254723295328
0.7563297525075672
0.7445189518238455
0.7410247886788869
0.7397020470865635
0.7205650561145281
0.7334084318002061
0.7781077322106529
0.7489109300780192
0.7695969337289812
0.7718547499694339
0.7524164628209087
0.7313066814732556
0.7189594276399203
0.7254476761082918
0.7333994053518335
0.7378404199362367
0.7217370829536962
0.7637539153481648
0.7875205413243113
0.7948213884520332
0.7873468394146763
0.7703227159889514
0.7695366263954733
0.8133477890241582
0.8112551938637487
0.7735729419588314
0.7576456238472066
0.7060282773662608
0.0
0.6861105833174995
0.6924434598437081
0.6076528907207308
0.5706107163139073
0.5590268826024797
0.5322037393456145
0.5019963996035518
0.482241320888396
0.48142797472380505
0.5338582677165354
0.5292137027071715
0.5318559556786704
0.5622357437611958
0.6064890087856805
0.6296784271360635
0.6443026987311318
0.6399988793085334
0.6539258985998818
0.6584136528428685
0.7107492284457285
0.6949938429152248
0.672244159480197
0.6585757408993367
0.6948808920425747
0.6604010154557323
0.6883963965266159
0.673121699944835
0.6760636514100886
0.692653580291
0.6942447713013452
0.6600410236374292
0.6091313966519374
0.584596365167584
0.5615643569069335
0.6959889955722234
0.7638744543753897
0.6284959725340024
0.7658507716014918
0.8501690163137485
0.8150925197350052
0.7346753938336779
0.6944802136750192
0.6490397275620283
0.6771720890450758
0.7147323441205873
0.7562343428195695
0.7995347983105834
0.8125941705200811
0.8167464809171383
0.7990926451913103
0.7980158277213408
0.7612435073382737
0.7651833222480878
0.7430433692654801
0.7516200279207385
0.7987559110095528
0.7703919212362701
0.825383649405104
0.8344293638120851
0.8223425591656639
0.8592797442197572
0.818822091365043
0.8152888994731046
0.8985734373825958
0.8022519352568613
0.8325674540025391
0.8213999599439215
0.823311223952639
0.7378985225505443
0.8720961163326831
0.8456662474573123
0.8278458253736375
0.8215926717199801
0.8159063535079796
0.8460000155023137
0.8064929028567343
0.8246501935099733
0.8392181117507528
0.8425274725274725
0.8343833711979927
0.8376865422383732
0.8085319370115119
0.870458167732564
0.8117002578324294
0.7661783456064115
0.7503379386062333
0.7721675333176883
0.8110893279042879
0.8332985524843012
0.8201481625298054
0.8156872468799075
0.7969471781482226
0.7753241350620537
0.7507234578777454
0.8185480871033279
0.8382085454441457
0.8501318604203687
0.8178064176749079
0.768643285997308
0.8925781041815449
0.8455891096531365
0.8126876054285176
0.7826809837201247
0.7995622834214846
0.8779528368830795
0.8267790028499983
0.8009978777942783
0.768692218798151
0.827749568396466
0.7478817937590411
0.6946013718545405
0.6635833972289645
0.765094273573779
0.7247558199309686
0.7053824362606232
0.7386219171116196
0.7244451916610626
0.8210414356514064
0.7778558412189607
0.7421505168582746
0.8180648481729285
0.7987897803675482
0.8035390119670773
0.8213919076781478
0.7946582875098194
0.7916496472848106
0.7555307071279914
0.7551324010711098
0.751946165604957
0.7762033288349078
0.8021624716478386
0.7965222450265841
0.8199669159874918
0.796696167797574
0.8324274844098632
0.8905104122631279
0.8487770518083116
0.8209207853757616
0.8216093667505202
0.8399813389316538
0.8250594322472381
0.8136492220650636
0.8103004291845494
0.8100002532992223
0.8140779634049323
0.8274014493498484
0.8097615049588078
0.8330964914036387
0.8422614631250928
0.7933109593797014
0.8664417689655936
0.659546476920683
0.6276207639224649
0.5360217012834527
0.41086810872894336
0.28374820574594084
0.3086982427089056
0.22179808894810407
0.19026883756152974
0.15528638940088973
0.0
0.0
0.0
0.0
0.0
0.0
0.0
0.0
0.0
0.0
0.0
0.0
0.0
0.0
0.0
0.0
0.0
0.0
0.009236298793569419
0.05384961797684199
0.02764552296114268
0.0
0.0
0.0
0.0
0.06608768882572767
0.1264073579049906
0.17621114615214534
0.26509722501283683
0.0
0.35237399561723887
0.4196833384765115
0.520783058677782
0.5613135987557527
0.725939832819275
0.7653569184669663
0.5731384193695751
0.6139989082307272
0.12881418838312877
0.0
0.0
0.0
0.0
0.026176390504715465
0.03336395725545186
0.03621654813074919
0.0
0.0
0.0
0.0
0.0
0.0
0.004273609234925703
0.0070041333033567955
0.0
0.0
0.0
0.0
0.0
0.0
0.0
0.0
0.0
0.0
0.0
0.0
0.0
0.0
0.0
0.0
0.0
0.0
0.0
0.0
0.0
0.0
0.0
0.0
0.0
0.0
0.0
0.0
0.0
0.0
0.0
0.0
0.0
0.0
0.0
0.0
0.0
0.0
0.0
0.0
0.0
0.0
0.0
0.0
0.0
0.0
0.0
0.0
0.0
0.0
0.0
0.0
0.0
0.0
0.0
0.0
0.0
0.0
0.0
0.0
0.0
0.0
