1.0
0.8585297642828605
0.8517035231296071
0.8372376026772133
0.8253511248915711
0.8251472396014898
0.8061029656489218
0.7954136067618124
0.7952493982348221
0.745584233661262
0.7052401410511079
0.6993865030674846
0.6901139550146173
0.6765491492407361
0.6899404761904762
0.7204772740882688
0.7271316209721953
0.7261410788381742
0.7141696881798405
0.7209723712057519
0.7096467606526216
0.7180167137307742
0.7518855320432702
0.7574586268109718
0.7407511842995714
0.7253175841319367
0.7668922667258404
0.7510631337912986
0.7469768559301674
0.7679858761218185
0.7903655158435241
0.7934068006682115
0.7881483454291232
0.8056005308560054
0.8007222200416062
0.8028029074935941
0.8205880435491232
0.8050825526629056
0.7974634146341464
0.7973861293710374
0.8198734989458245
0.8153645493674188
0.8063507647788343
0.8106615994967068
0.7981766381766382
0.7903331320450886
0.7705742259857105
0.7664404517583068
0.7524470279392462
0.7697294320826972
0.7619302949061663
0.7397920114616011
0.7476507439310884
0.7447931030348086
0.7524839275277615
0.7719194166357681
0.7783560214626392
0.7776039338399643
0.7892555235953927
0.7814907453726864
0.7970611495191204
0.7729892635147863
0.7884218298314333
0.7896745507317977
0.7677893652941247
0.7799290973547859
0.756957585267919
0.7544972822996975
0.736716279787152
0.7356475877572194
0.7141635147530171
0.7219273869119874
0.7162580338014758
0.7077109885695505
0.6963029171814892
0.6934971567137417
0.6868680176561685
0.6797894532576529
0.6855094964966334
0.6787588067755959
0.6610264362164819
0.6404380683082267
0.6179184395467802
0.5924422708480387
0.5743204164256795
0.5280012174442367
0.5202930032836575
0.5285280728376328
0.49077581839987183
0.46839474715797724
0.46709056133970617
0.45442763405520137
0.4352366200192287
0.41964249207334525
0.46728330575487453
0.44758933381217453
0.5254607791251524
0.5019716309405894
0.579604314156265
0.6251612530565878
0.6632686464274573
0.7000061028637689
0.7192674717580828
0.7426951165396851
0.6842318519150388
0.6585899013704934
0.6439615545340577
0.6428009970682793
0.6353862655591309
0.6519219653179191
0.6689620747574336
0.6850535425340436
0.6660058952303795
0.6984720922980979
0.7216440350436313
0.74560437186798
0.6690934461785807
0.6577257977916288
0.5978334114143793
0.5829483637826838
0.6636928957236436
0.7066988782484723
0.786519267395071
0.8193105621252252
0.7805073459577335
0.805656819610308
0.7850366015332296
0.8138114552317539
0.8163447951012718
0.7592409994949616
0.6354274144879007
0.6926810159089425
0.7766810467907113
0.7571206950046541
0.7442457294089342
0.7179102224309726
0.6953390123969804
0.7007791227455314
0.7172997309514535
0.7150179254192531
0.7495541022592153
0.7564063825017301
0.7802538066076221
0.7469556243550052
0.7142063477840105
0.762763539607162
0.8443470090823677
0.752978370309936
0.7025837491090521
0.7270367341132962
0.7594498025414395
0.7285124708415575
0.7872376060741403
0.7499542375983892
0.7461914038619858
0.7410150891632373
0.7748261607972571
0.7711424779828688
0.7316921066698343
0.7254792415936311
0.7461129009665219
0.767742304693368
0.7618806875631952
0.7662610672491594
0.7449391652649698
0.8048928206873086
0.8152764214505013
0.7849976432563464
0.7898147103147468
0.781858653311074
0.815176929631789
0.797168123819267
0.7809931341262933
0.7672552735516551
0.7788686924973198
0.7898469759533641
0.7699144539495612
0.7686390974420247
0.7659504282643067
0.7774571533444391
0.74885950954946
0.7332487626336148
0.7277165125823971
0.7660561106597592
0.7831429864494316
0.7629403138747621
0.7362255374323322
0.736304797155602
0.7438582724693669
0.7438649155722327
0.7448459859325733
0.730736205098849
0.7037992039373382
0.6768634120038161
0.6649474750031642
0.657250755287009
0.6555875140686933
0.6396055038919142
0.6551760239363901
0.6395807617704109
0.7293635166781233
0.6865555986051918
0.6621192533623642
0.6151165907263468
0.6077590572981734
0.6642335344234228
0.6332393189177896
0.7378431027472494
0.7059840638870568
0.6604775909799881
0.6241513786350115
0.6173132072879639
0.6479374814521713
0.6936109252999781
0.6791228730870622
0.7194769211150206
0.7007247678251751
0.752589057522499
0.7269486130059117
0.7457145533456147
0.745861405502886
0.7827121332275971
0.8200245286324613
0.7981308411214953
0.7903992143122578
0.7883880825057296
0.7826363491811099
0.7866447023188772
0.816524124576408
0.770694038986722
0.7844236039797883
0.795647551057043
0.78663635394835
0.7720044258347254
0.7316075246489163
0.6129078767643041
0.5030134337551361
0.4069333945119503
0.3593435698001877
0.36606291706387034
0.2361111111111111
0.24002528800224782
0.14964175889358913
0.11936005752291928
0.029991568635323405
0.0
0.0
0.0
0.0
0.0
0.0
0.0
0.0
0.0
0.0
0.0
0.0
0.0
0.0
0.0
0.0
0.05515541075988377
0.12042497425816719
0.049921242650613686
0.22785512230295635
0.3290469309236801
0.28390332933953305
0.27770671225952986
0.38278352650305286
0.43116453907866187
0.4098273853648205
0.5131413460608211
0.47112098759051946
0.46716103778595175
0.4932268808378725
0.4836950118172178
0.45423306558996607
0.4303366932099351
0.4140208915698102
0.3252406163130177
0.2610371007982354
0.19490558207096909
0.10588487716496013
0.0617696354578891
0.0796027036233573
0.03317051005339089
0.10007194244604317
0.06884491593367649
0.0633267234340371
0.05164200400432652
0.05465656346643234
0.025153425809163514
0.03820453626967387
0.03244242820760991
0.030238539566768086
0.024812214281618634
0.0
0.0028574884339753865
0.0
0.0
0.0
0.0
0.0
0.0
0.0
0.0
0.0
0.0
0.0
0.0
0.0
0.0
0.0
0.0
0.0
0.0
0.0
0.0
0.0
0.0
0.0
0.0
0.0
0.0
0.0
0.0
0.0
0.0
0.0
0.0
0.0
0.0
0.017550714727622024
0.03202249060119107
0.03037641542816702
0.02107567263656064
0.001898826622523005
0.0
0.0
0.0
0.0
0.0
0.0
0.0
0.0
0.0
0.0
0.0
0.0
0.0
0.0
0.0
0.0
0.0
0.0
0.0
0.0
0.0
0.0
