1.0
1.0
0.8461538461538461
0.680672268907563
1.0
0.8914100486223663
0.8914100486223663
0.8914100486223663
0.8914100486223663
0.7366071428571429
0.7366071428571429
0.7366071428571429
0.6585365853658537
0.5612244897959183
0.6585365853658537
0.6585365853658537
0.6585365853658537
0.7721854304635761
0.7721854304635761
0.722007722007722
0.722007722007722
0.722007722007722
0.7746478873239436
0.7746478873239436
0.7746478873239436
0.7746478873239436
0.7746478873239436
0.6470588235294118
0.8461538461538461
0.8461538461538461
0.7051282051282052
0.7051282051282052
0.7051282051282052
0.5124555160142349
0.5326876513317191
0.6141439205955335
0.5110336817653891
0.409534127843987
0.409534127843987
0.409534127843987
0.5788834951456311
0.5266457680250783
0.5266457680250783
0.5266457680250783
0.6215316315205327
0.4422507403751234
0.5650857719475277
0.4813753581661891
0.5650857719475277
0.4813753581661891
0.4813753581661891
0.4813753581661891
0.49079754601226994
0.49079754601226994
0.49079754601226994
0.49079754601226994
0.49079754601226994
0.4778453518679409
0.49079754601226994
0.49079754601226994
0.5863874345549738
0.5863874345549738
0.5863874345549738
0.5863874345549738
0.5863874345549738
0.5863874345549738
0.5863874345549738
0.5517241379310345
0.5517241379310345
0.5517241379310345
0.5517241379310345
0.5517241379310345
0.33136094674556216
0.33136094674556216
0.5358851674641149
0.5358851674641149
0.5358851674641149
0.5358851674641149
0.5358851674641149
0.5358851674641149
0.4628099173553719
0.4628099173553719
0.4628099173553719
0.4628099173553719
0.4628099173553719
0.4005722460658083
0.4005722460658083
0.38081805359661497
0.3303834808259587
0.3303834808259587
0.3303834808259587
0.3303834808259587
0.3303834808259587
0.3036876355748373
0.3036876355748373
0.3036876355748373
0.3036876355748373
0.3036876355748373
0.31042128603104213
0.31042128603104213
0.31042128603104213
0.31042128603104213
0.31042128603104213
0.31042128603104213
0.34847542003733667
0.34847542003733667
0.34847542003733667
0.3154929577464789
0.3096846846846847
0.3096846846846847
0.3096846846846847
0.36129032258064514
0.36129032258064514
0.36129032258064514
0.2723735408560311
0.26737967914438504
0.26737967914438504
0.26737967914438504
0.2723735408560311
0.24597495527728086
0.2505592841163311
0.24597495527728086
0.24597495527728086
0.20630157539384847
0.20630157539384847
0.20630157539384847
0.19164955509924708
0.19164955509924708
0.1881628463906945
0.1881628463906945
0.1881628463906945
0.19670958512160228
0.19670958512160228
0.19670958512160228
0.19670958512160228
0.19670958512160228
0.19670958512160228
0.1758312020460358
0.1758312020460358
0.1758312020460358
0.17908538535337384
0.1774960380348653
0.17427122940430925
0.1777059773828756
0.1777059773828756
0.1777059773828756
0.1841929002009377
0.1841929002009377
0.1841929002009377
0.18574805808848363
0.18574805808848363
0.1608657502193624
0.1608657502193624
0.1608657502193624
0.1608657502193624
0.1608657502193624
0.15501691093573844
0.14450867052023122
0.14450867052023122
0.14450867052023122
0.1428200467411062
0.1428200467411062
0.13593672763222936
0.13593672763222936
0.13593672763222936
0.12588693064774548
0.12588693064774548
0.12588693064774548
0.13189448441247004
0.11853448275862069
0.10704554301284547
0.09906340057636888
0.08916990920881972
0.08916990920881972
0.08916990920881972
0.08313180169286578
0.0773449585149768
0.07255936675461741
0.07255936675461741
0.07255936675461741
0.07255936675461741
0.07352941176470588
0.07376609442060086
0.07376609442060086
0.07376609442060086
0.07195185766614338
0.07393466863825783
0.07393466863825783
0.0713022981732469
0.06682867557715674
0.06682867557715674
0.05825037068417708
0.05825037068417708
0.05825037068417708
0.055651118081554186
0.053022269353128315
0.04798464491362764
0.045959722570401935
0.045959722570401935
0.045357083951839024
0.04452873752783046
0.04337539432176656
0.04022526146419952
0.04022526146419952
0.03892702951376601
0.03691275167785235
0.03681209717402082
0.03345313795963506
0.03345313795963506
0.03345313795963506
0.030751708428246014
0.029093532099062274
0.02820775829914211
0.025642221082567952
0.027784156142365096
0.02333276769048023
0.02259190798932019
0.0225752508361204
0.020522175350587164
0.021321585903083702
0.021876694991864037
0.020256445232574
0.020477109762824047
0.020567038346478106
0.018648750470928042
0.021344717182497332
0.018344090670454897
0.01816735992170296
0.01816735992170296
0.017674914960314814
0.017203323811996882
0.018648018648018648
0.016791781904385617
0.01712159625958974
0.014944811643278091
0.015064491778528998
0.01622424092467569
0.01723555255153768
0.017574164476154713
0.019551466359977
0.0175532525144365
0.017642907551164433
0.0170261066969353
0.017367285935903743
0.017546595960383684
0.017250632523192515
0.014830508474576272
0.01311219512195122
0.005692820075904268
0.003929903356458275
0.017337699865151223
0.009540126942097271
0.0
0.0
0.0
0.019758251975825196
0.02125311644255528
0.023379383634431455
0.015621710387805802
0.020175104682146935
0.015754384474924624
0.024331204874587873
0.02206678324589891
0.02345444085498075
0.02389803505045141
0.02811182258316414
0.0
0.020676074827699377
0.03116883116883117
0.03492466662818219
0.027879761358421296
0.020438498699368264
0.04232251322578538
0.03840245775729647
0.0
0.0
0.0
0.0
0.0
0.0
0.0
0.0
0.0
0.010712160285657607
0.0
0.0
0.017525225703664365
0.0
0.0
0.0
0.0
0.0
0.0
0.012127894156560088
0.0
0.0
0.0
0.0
0.0
0.0
0.0
0.0
0.0
0.0
0.0
0.0
0.0
0.0
0.0
0.0709448564979039
0.0
0.0
0.0
0.0
0.0
0.0
0.04141566265060241
0.0539533058661958
0.04315417810906238
0.042701863354037264
0.041650889814464215
0.11879049676025918
0.057672502574665295
0.09298393913778528
0.0946545531375449
0.13333333333333333
0.13333333333333333
0.12014589143960523
0.13218884120171673
0.13218884120171673
0.11554621848739496
0.10029009531703274
0.10418859187539466
0.10418859187539466
0.09155222638368705
0.11578947368421053
0.13123135918193438
0.12136974425661032
0.13514699429574376
0.13514699429574376
0.12283395481465234
0.12790697674418605
0.12790697674418605
0.12564505272604892
0.09632224168126094
0.12564505272604892
0.12564505272604892
0.11936936936936937
0.11285266457680251
0.11285266457680251
0.09907120743034056
0.0971981155467394
0.14518633540372672
0.11195928753180662
0.07580335072782203
0.07458638459452128
0.1163575042158516
0.08956884561891516
0.1453287197231834
0.07331378299120235
0.07331378299120235
0.08928571428571429
0.10600324499729584
0.01395584876934788
0.01395584876934788
0.01395584876934788
0.0
0.15210176991150443
0.15210176991150443
0.09881930184804928
0.04062038404726736
0.13263665594855306
0.0
0.012913829537450105
0.0
0.0
0.0
0.0
0.0
0.0
0.0
0.0
0.0
0.0
0.0
0.0
0.0
0.0
0.0
0.0
0.0
0.0
0.0
0.0
0.0
0.0
0.0
0.0
0.0
0.0
0.0
0.0
0.0
0.0
0.0
0.0
0.0
0.0
0.0
0.0
0.0
0.0
0.0
0.0
0.0
0.0
0.0
0.0
0.0
0.0
0.0
0.0
0.0
0.0
0.0
0.0
0.0
0.0
0.0
0.0
0.0
0.0
0.0
0.0
0.0
0.0
0.0
0.0
0.0
0.0
0.0
0.0
0.0
0.0
0.0
0.0
0.0
0.0
0.0
0.0
0.0
0.0
0.0
0.0
0.0
0.0
0.0
0.0
0.0
0.0
0.0
0.0
0.0
0.0
0.0
0.0
0.0
0.0
0.0
0.0
0.0
0.0
0.0
0.0
0.0
0.0
0.0
0.0
0.0
0.0
0.0
0.0
0.0
0.0
0.0
0.0
0.0
0.0
0.0
0.0
0.0
0.0
0.0
0.0
0.0
0.0
0.0
0.0
0.0
0.0
0.0
0.0
0.0
0.0
0.0
0.0
0.0
0.0
0.0
0.0
0.0
0.0
0.0
0.0
0.0
0.0
0.0
0.0
0.0
0.0
0.0
0.0
0.0
0.0
0.0
0.0
0.0
0.0
0.0
0.0
0.0
0.0
0.0
0.0
0.0
0.0
0.0
0.0
0.0
0.0
0.0
0.0
0.0
0.0
0.0
0.0
0.0
0.0
0.0
0.0
0.0
0.0
0.0
0.0
0.0
0.0
0.0
0.0
0.0
0.0
0.0
0.0
0.0
0.0
0.0
0.0
0.0
0.0
0.0
0.0
0.0
0.0
0.0
0.0
0.0
0.0
0.0
0.0
0.0
0.0
0.0
0.0
0.0
0.0
0.0
0.0
0.0
0.0
0.0
0.0
0.0
0.0
0.0
0.0
0.0
0.0
0.0
0.0
0.0
0.0
0.0
0.0
0.0
0.0
0.0
0.0
0.0
0.0
0.0
0.0
0.0
0.0
0.0
0.0
0.0
0.0
