1.0
0.8891976380687738
0.8907922912205567
0.7777445408315884
0.8095238095238095
1.0
1.0
0.8146898520633272
0.9618828344845229
0.9159964253798034
0.9346049046321526
0.8607594936708861
0.8904274533413606
0.9226111636707663
0.74983922829582
0.864
0.8206171583587657
0.7906378600823045
0.6671328671328671
0.7948573043232552
0.7877345281433772
0.7333493628276028
0.728283606737862
0.7571428571428571
0.7754302792950634
0.7995205274198381
0.7116767048766272
0.5816638964220103
0.6656934306569343
0.6218015561081255
0.587586908597592
0.6344045722852056
0.6719478098788444
0.7590168848036767
0.7036547776309996
0.6681256154940366
0.580105361016424
0.5821439416945035
0.7256116444719728
0.7024067761594877
0.7133091662351113
0.759526938239159
0.7860087151101166
0.7704646721833227
0.7942741322523436
0.8569850911098841
0.8622848200312989
0.9111691704768126
0.8994598362083986
0.8685797843173094
0.865858427845131
0.8474374255065554
0.8145338390896386
0.796243364638628
0.9147065811356617
0.678530945363863
0.6615384615384615
0.6785236694303289
0.7140366172624237
0.685856628840299
0.768906297077433
0.7723525681674065
0.7076167076167076
0.6221623701423624
0.6877924287537218
0.8366533864541833
0.8517495395948435
0.78125
0.7674661105318039
0.7825624667729931
0.8955132145052244
0.8205293737895416
0.7541385652973636
0.6708526107072043
