1.0
0.8891976380687738
0.8907922912205567
0.7777445408315884
0.8095238095238095
1.0
1.0
0.8146898520633272
0.9618828344845229
0.9159964253798034
0.9346049046321526
0.8607594936708861
0.8904274533413606
0.9226111636707663
0.74983922829582
0.864
0.8206171583587657
0.7906378600823045
0.6671328671328671
0.7948573043232552
0.7877345281433772
0.7333493628276028
0.728283606737862
0.7571428571428571
0.7754302792950634
0.7995205274198381
0.6755420311905668
0.5968910086557145
0.6656934306569343
0.5963435169593457
0.5987185972011465
0.697712895377129
0.6036596693293702
0.7615887172041895
0.7084173654601422
0.6631238928831926
0.5452863164387787
0.5842349304482226
0.7256116444719728
0.7024067761594877
0.7149626197746657
0.7813450490030416
0.7899159663865546
0.7509643201542913
0.7825560266505148
0.8535264654122107
0.8162225134702199
0.8534595775673707
0.7812270119170223
0.813625304136253
0.7593688362919132
0.7744334277620396
0.7826587377709572
0.7654563297350343
0.8753979081400637
0.7323219965745045
0.6923076923076923
0.6785236694303289
0.6272657646157774
0.685856628840299
0.768906297077433
0.7723525681674065
0.7076167076167076
0.6221623701423624
0.6877924287537218
0.8366533864541833
0.8517495395948435
0.8095238095238095
0.7674661105318039
0.7825624667729931
0.8787696019300362
0.8049398353388221
0.7540229885057471
0.7669270833333334
