1.0
1.0
0.9296205630354957
0.9182464454976303
0.8284263959390863
0.743188923626619
0.7870370370370371
0.6447178002894356
0.6220189480561907
0.6038172353961828
0.5519641969169568
0.48366013071895425
0.5136943340999373
0.44138929088277856
0.42123893805309737
0.3969590008145534
0.33559552086868
0.3237410071942446
0.24370496316087767
0.20941558441558442
0.1946731234866828
0.15105301379811184
0.0
0.0
0.0
0.12852763978437798
0.13715792944279592
0.1646486157590508
0.17437061494015682
0.18369775397887847
0.2103236453653617
0.23025630339654093
0.2941031941031941
0.2556390977443609
0.2834886207423247
0.3224687933425798
0.5024652622142537
0.5390021082220661
0.734850640113798
0.8339111251181847
0.9327966398319916
0.8272046859746176
0.7965482907401261
0.7706029254370318
0.7376740684983064
0.7071754458730817
0.6570247933884298
0.5952873088052915
0.6268656716417911
0.7086999022482894
0.6820040899795501
0.5939771547248183
0.5281868969019807
0.5526709935097354
0.47171620325982744
0.5346232179226069
0.48156182212581344
0.4504347826086956
0.4090909090909091
0.37741203178206584
0.3473684210526316
0.3475646422128683
0.4607329842931937
0.4839432412247946
0.42902208201892744
0.4648910411622276
0.5057067603160668
0.4541984732824427
0.48521916411824667
0.503061224489796
0.47058823529411764
0.47058823529411764
0.4722222222222222
0.5142857142857142
0.4954128440366973
0.4954128440366973
0.4826216484607746
0.5757575757575758
0.5030826140567201
0.4838709677419355
0.5387931034482759
0.31537450722733246
0.30386740331491713
0.3129445234708393
