1.0
0.9696969696969697
0.8996328029375765
0.793857058476078
0.7345491388044579
0.6461675579322638
0.6289308176100629
0.494592645998558
0.48844024747639203
0.4090385722510075
0.3516456322692403
0.291476903057905
0.2735966735966736
0.2490272373540856
0.20860246623605402
0.19026790595954074
0.15212224108658742
0.10206084396467124
0.038476337052712584
0.07434788673455155
0.07783851103577112
0.055405810122791256
0.00395010395010395
0.0
0.0
0.0
0.0
0.0
0.0
0.0
0.0
0.0
0.0
0.0
0.0
0.0
0.0
0.0
0.0
0.0
0.0
0.0
0.0
0.0
0.0
0.0
0.0
0.0
0.0
0.0
0.0
0.0
0.0
0.0
0.0
0.0
0.0
0.0
0.0
0.0
0.0
0.0
0.0
0.0
0.0
0.0
0.0
0.0
0.0
0.0
0.0
0.0
0.0
0.0
0.0
0.0
0.0
0.0
0.0
0.0
0.0
0.0
0.0
0.0
