1.0
0.9286548001167202
1.0
0.951048951048951
0.978494623655914
0.9329428086943117
0.9895981087470449
0.9959488937363664
0.9710144927536232
0.9578947368421052
0.9463577209966672
0.967741935483871
0.9395760835178741
0.9889699918896999
0.9525773195876288
0.9895207009104965
0.9175769612711023
0.9814300590072892
0.9593272696070019
0.9444444444444444
0.9587020648967551
0.9587020648967551
0.8826388888888889
0.9600537092984223
0.8888888888888888
0.8443619176232275
0.8599598930481284
0.8576248313090419
0.8077488965179009
0.8602576808721506
0.8602576808721506
0.8229200388475235
0.9345562716906296
0.9236449068635677
0.9054593874833555
0.9661711942593542
0.9661711942593542
0.9183107777596609
0.9382343068143673
0.933005733005733
0.9423763386027537
0.9830280625105025
0.9533267130089375
0.9334473909324209
0.9882515549412578
0.9882515549412578
1.0
0.9108058911136853
0.934151600597114
0.9923664122137404
0.9560439560439561
0.9696969696969697
0.9850180816256242
0.9664988717236591
0.973009907755381
0.9516728624535316
1.0
0.9928404928404928
0.963740771123872
0.9923787903356576
0.9637206328911619
0.9706495589414595
0.9427041064762214
0.9706495589414595
0.9493485342019544
0.9996756406097956
1.0
0.992961051149695
0.9260991580916744
0.9535104364326376
0.9712744008887478
0.9535104364326376
0.9817131857555341
0.9996756406097956
0.9886492622020431
0.9886492622020431
0.9822222222222222
0.9409975669099757
0.9539978094194962
0.9822222222222222
0.9822222222222222
0.9407814407814408
0.968421052631579
0.9407814407814408
0.9698182938096704
0.9544168500471549
0.9544168500471549
0.9544168500471549
1.0
0.9666666666666667
0.9225660132836546
0.8796742562738906
0.8729849424269265
0.8069517805418299
0.7869362363919129
0.7869362363919129
0.741829500259381
0.7500901550667147
0.7005649717514124
0.7087583538515653
0.6978905970682875
0.6868537666174298
0.6868537666174298
0.6654330125832717
0.6654330125832717
0.6728794218333968
0.6649946255822285
0.6644342615438844
0.6654330125832717
0.6728794218333968
0.6728794218333968
0.6728794218333968
0.6728794218333968
0.6728794218333968
0.6654330125832717
0.6654330125832717
0.6619616359030039
0.7044555307070359
0.7581081081081081
0.7658984578062727
0.8134757600657354
0.8678756476683938
0.9095022624434389
0.9537366548042705
1.0
0.9329113924050633
0.9857773418342325
0.9642626131953428
0.9857773418342325
0.9642626131953428
0.9928057553956835
0.9642626131953428
0.9857773418342325
0.9642626131953428
0.9857773418342325
0.9642626131953428
0.9857773418342325
0.9642626131953428
0.9857773418342325
0.9642626131953428
0.9857773418342325
0.9701492537313433
0.9491850431447747
1.0
1.0
1.0
0.9628996409642674
0.977691397667737
0.977691397667737
0.9928831800034716
0.977691397667737
0.977691397667737
0.977691397667737
0.9483849483849484
0.977691397667737
0.9895981087470449
0.9848218565266017
0.9427959620679107
0.9754148740012293
1.0
0.9891304347826086
0.9398379052369077
0.9861736833928849
0.9929967426710098
0.978494623655914
1.0
0.9845847836897066
1.0
0.9782608695652174
0.9822780731432253
0.9536360749444268
0.9781806513717312
0.9743672939649578
0.9776264591439688
0.978021978021978
0.9705882352941176
0.9928404928404928
0.9354786545924968
0.963740771123872
0.9080184919496254
0.9637206328911619
0.9088084511418363
0.9637206328911619
0.9637206328911619
0.9427041064762214
0.9245252394091868
0.9320514909564934
1.0
0.9047389558232932
0.9491128222296619
0.9789259007477906
0.9789259007477906
0.9792369121561668
0.9717935071846727
0.9351314441789006
0.9686003193187865
0.9396958573675931
0.9045156842468114
0.9318181818181818
0.9370582295523393
1.0
0.9658411614005123
0.9658411614005123
0.9732564237021499
1.0
0.9171909539194014
0.9584853222164321
0.9230511876881901
0.8224418233981511
0.8224418233981511
0.8224418233981511
0.8224418233981511
0.8224418233981511
0.8224418233981511
0.8224418233981511
0.7822514379622021
0.7521697203471552
0.7521697203471552
0.7521697203471552
0.7521697203471552
0.7521697203471552
0.7521697203471552
0.7645795473319016
0.7521697203471552
0.7771739130434783
0.7813471502590673
0.7847272727272727
0.7813471502590673
0.7495495495495496
0.7495495495495496
0.765491270112975
0.7798700216630562
0.7798700216630562
0.7771739130434783
0.7521697203471552
0.7376474338540007
0.7771739130434783
0.7521697203471552
0.7376474338540007
0.7771739130434783
0.7645795473319016
0.7549770290964778
0.7771739130434783
0.7549770290964778
0.7771739130434783
0.7390100944317812
0.7376474338540007
0.751004016064257
0.7141710800834536
0.7244516653127538
0.7353342428376535
0.6847682119205298
0.7113452988638235
0.6662094192958391
0.6512134411947729
0.7309941520467836
0.7566765578635015
0.7309941520467836
0.8458091286307053
0.9064039408866995
0.9889699918896999
0.9889699918896999
0.9889699918896999
0.9600383631713555
0.9889699918896999
0.9319363478808886
0.9889699918896999
0.9807660421157354
1.0
0.9513230970271154
0.9679020516214427
0.9109897172236504
0.9390283664819041
0.9534510433386838
0.9820846905537459
0.9256329113924051
0.9534510433386838
0.9329733163913596
0.9606895440631545
0.9591736350221348
0.8940886699507389
0.9055354045103297
0.920099875156055
0.9055354045103297
0.9325626204238922
0.9454964597398321
0.9602605863192183
0.9454964597398321
0.9602605863192183
0.9560439560439561
0.9708546023382183
0.9560439560439561
0.9708546023382183
0.9153464554328693
0.9427041064762214
0.9427041064762214
0.8887486192204513
0.967391304347826
0.967391304347826
0.967391304347826
0.967391304347826
0.9966571953869297
0.9966571953869297
0.9966571953869297
0.9966571953869297
0.9966571953869297
0.971172638436482
0.971172638436482
0.971172638436482
0.9469634964806024
0.9469634964806024
0.9469634964806024
0.9829787234042553
0.9610095453810064
0.9651659546500164
0.90625
0.8761605035405193
0.9424894102313457
0.9391010149830836
0.9389709462749554
0.978021978021978
0.9384885764499121
0.9399559886828042
0.9067913536716234
0.9615202649424381
0.9654178674351584
0.9151572926596759
0.9048451151707705
0.9551820728291317
0.9115426105717368
0.9343497199751089
0.9617875647668394
0.9159229685298262
0.9409442342490542
0.9012658227848102
0.97148380860319
0.9781806513717312
0.9781806513717312
0.9628789106824445
0.9628789106824445
1.0
1.0
0.9843400447427293
0.9509488005728607
0.8976921679084136
0.8265470852017938
0.7704741379310345
0.7678110003691399
0.6824626865671641
0.6488106749178109
0.6712867190732312
0.5967845659163987
0.547531619747042
0.5266693006716713
0.4633688165309956
0.0
0.0
0.0
0.0
0.0
0.0
0.0
0.0
0.0
0.0
0.0
0.0
0.0
0.0
0.0
0.0
0.0
0.0
0.0
0.0
0.0
0.0
0.0
0.0
0.0
0.0
0.0
0.0
0.0
0.0
0.0
0.0
0.0
0.0
0.0
0.0
0.0
0.0
0.0
0.0
0.0
0.0
0.0
0.0
0.0
0.0
0.0
0.0
0.0
0.0
0.0
0.0
0.0
0.0
0.0
0.0
0.0
0.0
0.0
0.0
0.0
0.0
0.0
0.0
0.0
0.0
0.0
0.0
0.0
0.0
0.0
0.0
0.0
0.0
0.0
0.0
0.0
0.0
0.0
0.0
0.0
0.0
0.0
0.0
0.0
0.0
0.0
0.0
0.0
0.0
0.0
0.0
0.0
0.0
0.0
0.0
0.0
0.0
0.0
0.0
0.0
0.0
0.0
0.0
0.0
0.0
0.0
0.0
0.0
0.0
0.0
0.0
0.0
0.0
0.0
0.0
0.0
0.0
0.0
0.0
0.0
0.0
0.0
0.0
0.0
0.0
0.0
0.0
0.0
0.0
0.0
0.0
0.0
0.0
0.0
0.0
0.0
0.0
0.0
0.0
0.0
0.0
0.0
0.0
0.0
0.0
0.0
0.0
0.0
0.0
0.0
0.0
0.0
0.0
0.0
0.0
0.0
0.0
0.0
0.0
0.0
0.0
0.0
0.0
0.0
0.0
0.0
0.0
0.0
0.0
0.0
0.0
0.0
0.0
0.0
0.0
0.0
0.0
0.0
