1.0
0.961877667140825
0.9457020269270602
0.924759793052476
0.9375
0.9395654834761322
0.9352100089365505
1.0
0.9722727272727273
0.9061355981842144
0.906519065190652
0.9237800154918667
0.9368421052631579
0.9442465541273037
0.9487592652271994
0.9487592652271994
0.9133376288659794
0.9634608755601517
0.9069300301305658
0.8923129021334236
0.9340659340659341
0.9298489321062684
0.91875
0.9148866250410779
0.8515549855722988
0.8370058327932599
0.8427775958074025
0.8216623036649214
0.8432642487046632
0.8583106267029973
0.8583106267029973
0.8715155398910606
0.8583106267029973
0.9247633283507724
0.8424068767908309
0.9333333333333333
0.9204013377926421
0.8536271513591764
0.868049927054628
0.8952336737852058
0.8898876404494382
0.9312951453048883
0.9063975256389386
0.9268041237113402
0.9821100150476509
0.9604762692244088
0.9521203830369357
0.8470420752926289
0.9200132758048457
0.9555774925962488
0.9347717842323652
0.9406175771971497
0.9555915721231767
0.9516728624535316
0.9103539530267946
0.9228775113415425
0.9493891797556719
0.9928404928404928
0.9493891797556719
0.9565489215379807
0.9493891797556719
0.9429158760278304
0.9285826400878983
0.9225473321858864
0.9493891797556719
0.9571428571428572
0.9822064056939501
0.9304545454545454
0.968236582694414
0.9548229548229549
0.9438080495356037
0.9819105046017137
0.9819105046017137
0.9781021897810219
0.9673171505632239
0.9393181107288082
0.9824120603015075
0.9688644688644689
0.9824120603015075
0.9824120603015075
0.9680085718659115
0.9550276408187659
0.9647004180213655
0.9237641453245979
0.9598853868194842
0.9443076923076923
0.9443076923076923
0.9303049159925326
0.9392501912777352
0.9485760781122864
0.951227659929848
0.8568329718004338
0.8216072024008003
0.8166607333570666
0.7684009048199061
0.7684009048199061
0.7253705318221447
0.7253705318221447
0.6782228205991249
0.6782228205991249
0.6750821372989798
0.6644748226336736
0.6718805545680768
0.6502242152466368
0.6507419471588852
0.6507419471588852
0.6507419471588852
0.6507419471588852
0.6507419471588852
0.6507419471588852
0.6507419471588852
0.6507419471588852
0.6432160804020101
0.6506410256410257
0.6506410256410257
0.6506410256410257
0.647899599093603
0.6747404844290658
0.7403878870364069
0.7333665173386428
0.8053472448646887
0.849714648065948
0.8843537414965986
0.9061047908988944
0.9481022463206816
0.9481022463206816
0.8961965134706814
0.936084142394822
0.8961965134706814
0.9649543927028325
0.8961965134706814
0.9649543927028325
0.8961965134706814
0.9649543927028325
0.8961965134706814
0.9649543927028325
0.8961965134706814
0.9649543927028325
0.9649543927028325
0.9649543927028325
0.9649543927028325
0.9493670886075949
0.9493670886075949
1.0
0.9782608695652174
0.9782608695652174
0.9563564225491816
0.9565217391304348
0.9565217391304348
0.9563564225491816
0.9418773144421189
0.9776069518716578
0.9776069518716578
1.0
0.9776069518716578
0.9324195090851132
0.9609808760024676
0.9481259370314843
0.8984906777153003
0.975670617592015
0.9680851063829787
0.9688644688644689
0.9453477868112015
0.9375
0.9438943894389439
0.9930990210239127
0.9644099968364441
0.9745693191140279
0.9854014598540146
0.933375235700817
0.9611093401338858
0.9306976034193253
0.9397513547975773
0.9776264591439688
0.9633118492811106
0.9710626185958254
0.9225473321858864
0.9708546023382183
0.9706495589414595
0.9706495589414595
0.9288730107177655
0.9019545526775783
0.9429158760278304
0.9026014245896562
0.9493485342019544
0.90625
0.9472196041470311
0.90625
0.9200743494423792
0.8770764119601329
0.9434889434889435
0.9035777314294882
0.9422814207650273
0.9351314441789006
0.9080962800875274
0.9396958573675931
0.9320587231136906
0.9045156842468114
0.9465459065885278
0.9370582295523393
1.0
0.9886363636363636
0.9583843329253366
0.9516321996239959
0.9516321996239959
0.8973548494426884
0.910830201571575
0.9171289292318037
0.8169149447381067
0.8284023668639053
0.8169149447381067
0.8169149447381067
0.8284023668639053
0.8169149447381067
0.8169149447381067
0.7658889782783588
0.7485039624777616
0.7485039624777616
0.7485039624777616
0.7485039624777616
0.7485039624777616
0.7485039624777616
0.7485039624777616
0.7485039624777616
0.7485039624777616
0.7485039624777616
0.7485039624777616
0.7485039624777616
0.7606382978723404
0.7606382978723404
0.7606382978723404
0.7606382978723404
0.7606382978723404
0.7485039624777616
0.7606382978723404
0.7606382978723404
0.7606382978723404
0.7606382978723404
0.7606382978723404
0.7606382978723404
0.7729369554074833
0.7485039624777616
0.7485039624777616
0.7729369554074833
0.7729369554074833
0.7352555701179554
0.7606382978723404
0.6995755384373527
0.6732703915802507
0.7482185273159145
0.750924784217016
0.7219251336898396
0.6761729530818767
0.6964372078026762
0.6384686631676443
0.7532359774311318
0.7189849624060151
0.7420304070622854
0.8288110508140109
0.8767475494134662
0.9675866495507061
0.9675866495507061
0.9675866495507061
0.9675866495507061
0.9675866495507061
0.9675866495507061
0.9675866495507061
1.0
0.989010989010989
0.989010989010989
0.9469634964806024
0.9469634964806024
0.9190061310100033
0.9606895440631545
0.9606895440631545
0.9606895440631545
0.9329733163913596
0.9397513547975773
0.9397513547975773
0.9397513547975773
0.856366928183464
0.856366928183464
0.8807704066034852
0.8807704066034852
0.8924528301886793
0.8924528301886793
0.9110169491525424
0.939403453689168
0.9256811220377237
0.9357887874837028
0.9357887874837028
0.9357887874837028
0.9357887874837028
0.9357887874837028
0.9357887874837028
0.9357887874837028
0.9087256950024104
0.9050297284268038
0.9604762692244088
0.9050297284268038
0.9604762692244088
0.9604762692244088
0.960534793814433
0.960534793814433
0.960534793814433
0.960534793814433
0.964308476736775
0.964308476736775
0.9090909090909091
0.9126559714795008
0.913324913167035
0.8873047171242227
0.9343497199751089
0.9289958860277312
0.9056258576002439
0.8765469363115002
0.8979591836734694
0.8714748035136385
0.8405273897347355
0.9604762692244088
0.9710750710583514
0.919392706213805
0.9211227850086248
0.9285714285714286
0.9022082018927445
0.9157861031059878
0.896358543417367
0.8954566891998114
0.9322033898305084
0.9085911732370033
0.9311984781230184
0.9143482338230697
0.9239384041063929
0.9512541410317085
0.908030506953791
0.903869407496977
0.9935585231736056
0.9935585231736056
0.9375
0.9935585231736056
0.9574468085106383
0.9574468085106383
0.942805340365914
0.9443555555555555
0.8364182091045522
0.8208051300320627
0.7366071428571429
0.7142857142857143
0.6862745098039216
0.6499718626899268
0.6672051696284329
0.5647058823529412
0.5299076676033722
0.5260211486626581
0.4468599033816425
0.0
0.0
0.0
0.0
0.0
0.0
0.0
0.0
0.0
0.0
0.0
0.0
0.0
0.0
0.0
0.0
0.0
0.0
0.0
0.0
0.0
0.0
0.0
0.0
0.0
0.0
0.0
0.0
0.0
0.0
0.0
0.0
0.0
0.0
0.0
0.0
0.0
0.0
0.0
0.0
0.0
0.0
0.0
0.0
0.0
0.0
0.0
0.0
0.0
0.0
0.0
0.0
0.0
0.0
0.0
0.0
0.0
0.0
0.0
0.0
0.0
0.0
0.0
0.0
0.0
0.0
0.0
0.0
0.0
0.0
0.0
0.0
0.0
0.0
0.0
0.0
0.0
0.0
0.0
0.0
0.0
0.0
0.0
0.0
0.0
0.0
0.0
0.0
0.0
0.0
0.0
0.0
0.0
0.0
0.0
0.0
0.0
0.0
0.0
0.0
0.0
0.0
0.0
0.0
0.0
0.0
0.0
0.0
0.0
0.0
0.0
0.0
0.0
0.0
0.0
0.0
0.0
0.0
0.0
0.0
0.0
0.0
0.0
0.0
0.0
0.0
0.0
0.0
0.0
0.0
0.0
0.0
0.0
0.0
0.0
0.0
0.0
0.0
0.0
0.0
0.0
0.0
0.0
0.0
0.0
0.0
0.0
0.0
0.0
0.0
0.0
0.0
0.0
0.0
0.0
0.0
0.0
0.0
0.0
0.0
0.0
0.0
0.0
0.0
0.0
0.0
0.0
0.0
0.0
0.0
0.0
0.0
0.0
0.0
0.0
0.0
0.0
0.0
0.0
