1,2282,518,324,634
2,2267,486,336,645
3,2271,490,337,643
4,2273,485,345,641
5,2275,486,347,640
6,2278,490,349,639
7,2278,501,349,638
8,2281,502,349,640
9,2287,509,349,639
10,2292,511,350,640
11,2290,508,354,639
12,2284,506,355,639
13,2288,504,356,638
14,2287,504,356,638
15,2282,504,355,636
16,2285,498,354,640
17,2284,500,353,640
18,2282,501,356,643
19,2276,500,359,645
20,2276,503,362,642
21,2272,500,362,645
22,2263,499,361,645
23,2258,493,362,646
24,2254,486,364,644
25,2240,484,364,646
26,2236,481,366,645
27,2235,475,366,645
28,2232,473,366,646
29,2233,483,364,648
30,2236,491,360,649
31,2235,494,359,648
32,2233,499,357,649
33,2224,499,359,651
34,2224,500,360,651
35,2219,496,364,650
36,2218,496,363,651
37,2213,490,366,652
38,2208,495,366,653
39,2209,499,364,654
40,2208,491,368,655
41,2206,496,366,656
42,2206,487,374,664
43,2201,484,374,664
44,2207,484,375,664
45,2207,480,375,663
46,2208,481,374,663
47,2209,478,375,662
48,2212,479,376,662
49,2211,475,376,661
50,2212,468,379,661
51,2213,469,380,660
52,2213,467,382,659
53,2215,467,378,661
54,2212,464,380,660
55,2214,466,379,660
56,2214,464,381,662
57,2213,458,382,663
58,2210,456,382,663
59,2214,459,383,662
60,2210,461,380,663
61,2210,462,378,664
62,2206,464,381,665
63,2201,461,381,663
64,2198,459,383,661
65,2195,457,381,662
66,2193,457,380,663
67,2189,458,379,662
68,2192,460,377,663
69,2187,456,378,663
70,2189,459,374,664
71,2189,461,372,662
72,2189,461,374,662
73,2196,461,373,662
74,2195,459,371,661
75,2199,467,372,659
76,2203,467,372,661
77,2206,466,374,660
78,2204,462,377,663
79,2202,460,377,663
80,2202,458,376,665
81,2206,466,374,664
82,2204,464,376,665
83,2206,461,376,667
84,2203,461,383,676
85,2200,459,383,674
86,2201,462,382,673
87,2205,462,384,676
88,2202,460,384,675
89,2206,457,387,678
90,2204,448,395,686
91,2212,448,394,686
92,2212,451,405,679
93,2211,452,416,676
94,2215,451,422,672
95,2220,447,427,673
96,2219,452,430,671
97,2218,451,435,669
98,2218,446,438,670
99,2219,443,441,670
100,2215,437,444,669
101,2217,443,443,670
102,2216,447,443,667
103,2215,442,447,667
104,2215,438,447,668
105,2215,438,447,665
106,2213,431,454,666
107,2216,434,452,662
108,2214,438,455,661
109,2215,441,453,663
110,2216,447,450,663
111,2215,450,452,663
112,2216,445,456,668
113,2218,441,457,673
114,2221,442,457,675
115,2217,438,463,675
116,2220,438,461,678
117,2219,433,465,677
118,2223,432,465,677
119,2224,437,467,675
120,2226,438,468,674
121,2232,446,465,672
122,2237,447,464,670
123,2235,437,472,672
124,2235,430,475,676
125,2235,424,480,676
126,2236,419,485,677
127,2236,409,488,680
128,2237,404,492,676
129,2240,412,488,674
130,2239,409,491,676
131,2240,411,488,675
132,2240,411,491,675
133,2237,408,493,676
134,2240,406,495,675
135,2244,398,498,677
136,2236,391,503,679
137,2242,393,498,679
138,2241,395,501,679
139,2240,398,500,679
140,2240,401,502,682
141,2239,403,506,683
142,2242,407,506,685
143,2244,409,507,686
144,2247,409,508,688
145,2242,406,519,700
146,2234,400,529,709
147,2231,396,531,709
148,2238,405,529,709
149,2233,402,529,712
150,2231,388,541,724
151,2229,385,548,728
152,2225,383,548,725
153,2225,385,546,720
154,2224,383,547,718
155,2224,379,549,719
156,2226,376,550,718
157,2229,374,551,718
158,2229,372,551,715
159,2228,373,550,720
160,2226,368,555,718
161,2229,365,556,717
162,2239,372,550,717
163,2245,370,552,713
164,2242,361,558,716
165,2250,363,553,712
166,2247,367,552,713
167,2248,372,548,715
168,2255,373,545,714
169,2258,370,549,713
170,2257,367,551,711
171,2255,365,553,713
172,2261,365,550,713
173,2259,367,552,713
174,2255,363,555,719
175,2249,359,560,719
176,2250,364,560,715
177,2256,366,557,716
178,2257,361,561,718
179,2255,355,568,717
180,2257,346,572,714
181,2262,344,572,711
182,2269,345,572,714
183,2263,338,578,717
184,2267,343,577,713
185,2268,342,578,709
186,2272,344,576,707
187,2277,345,575,706
188,2276,339,578,708
189,2281,336,578,707
190,2292,338,573,714
191,2287,337,577,715
192,2287,339,575,717
193,2282,331,583,721
194,2292,336,579,720
195,2285,328,592,729
196,2292,329,592,722
197,2312,334,584,721
198,2308,334,584,723
199,2310,335,580,724
200,2311,339,578,726
201,2311,340,576,723
202,2311,339,578,722
203,2319,343,575,715
204,2333,339,573,718
205,2336,337,574,714
206,2338,336,575,713
207,2348,331,575,714
208,2358,323,575,716
209,2362,324,575,715
210,2377,321,573,718
211,2381,323,571,713
212,2392,318,571,714
213,2388,313,574,708
214,2393,317,568,702
215,2450,338,539,682
216,2449,337,538,684
217,2457,335,537,680
218,2456,339,531,677
219,2456,337,530,677
220,2455,333,531,675
221,2459,327,535,667
222,2504,337,519,648
223,2498,333,524,643
224,2503,337,523,639
225,2504,337,520,631
226,2508,334,518,627
227,2507,333,518,622
228,2511,334,517,614
229,2518,333,515,602
230,2542,329,515,594
231,2552,327,518,591
232,2562,324,521,588
233,2556,320,554,563
234,2559,321,576,547
235,2558,325,592,542
236,2551,329,601,533
237,2553,341,602,526
238,2549,341,608,521
239,2554,346,605,518
240,2549,344,610,517
241,2553,346,612,510
242,2551,348,611,510
243,2554,345,615,508
244,2555,343,616,513
245,2547,342,618,513
246,2550,345,611,512
247,2550,349,608,509
248,2547,345,613,507
249,2550,347,606,508
250,2556,351,607,501
251,2568,360,604,497
252,2578,361,602,500
253,2593,357,602,500
254,2601,353,599,511
255,2595,344,605,522
256,2594,336,615,521
257,2594,339,607,523
258,2604,344,607,518
259,2611,347,600,518
260,2617,346,599,518
261,2610,343,601,521
262,2623,348,597,516
263,2629,349,597,521
264,2620,347,599,522
265,2616,349,600,517
266,2634,357,593,513
267,2651,373,582,511
268,2662,376,578,518
269,2666,376,578,521
270,2670,372,581,531
271,2685,378,574,531
272,2674,373,583,537
273,2676,378,579,542
274,2680,369,579,543
275,2679,372,577,547
276,2688,369,572,547
277,2698,362,581,545
278,2705,364,580,542
279,2705,352,587,549
280,2709,348,589,543
281,2715,350,584,540
282,2714,347,586,538
283,2710,346,588,536
284,2716,356,584,532
285,2727,356,585,528
286,2746,361,579,531
287,2747,356,579,536
288,2741,356,577,539
289,2751,357,571,540
290,2762,355,572,533
291,2759,354,575,530
292,2801,371,553,522
293,2796,370,558,528
294,2798,361,563,534
295,2790,351,567,537
296,2784,353,570,531
297,2777,355,574,526
298,2813,365,559,519
299,2794,351,573,526
300,2785,358,571,520
301,2783,364,569,521
302,2824,373,552,518
303,2813,367,552,522
304,2808,362,551,525
305,2805,358,553,525
306,2812,362,548,522
307,2800,361,551,526
308,2790,358,555,524
309,2796,363,556,522
310,2798,363,555,521
311,2807,362,555,519
312,2809,359,554,519
313,2809,356,562,515
314,2821,359,561,508
315,2830,369,552,507
316,2827,366,554,507
317,2829,367,555,505
318,2823,366,558,509
319,2830,370,553,511
320,2813,365,559,515
321,2812,360,565,513
322,2852,376,551,509
323,2839,365,564,517
324,2825,357,574,519
325,2865,368,562,512
326,2849,361,574,518
327,2834,357,581,517
328,2878,370,566,507
329,2863,360,577,516
330,2839,355,581,520
331,2877,362,571,513
332,2857,357,574,515
333,2841,354,577,518
334,2833,363,578,516
335,2877,371,566,508
336,2861,370,570,510
337,2889,371,564,506
338,2872,370,571,510
339,2907,376,562,504
340,2892,374,568,507
341,2876,371,568,507
342,2914,377,554,500
343,2896,371,554,498
344,2890,371,548,494
345,2882,371,545,492
346,2879,376,545,487
347,2921,381,537,482
348,2901,370,544,485
349,2879,361,551,485
350,2917,365,546,477
351,2912,368,545,478
352,2909,366,544,477
353,2913,366,541,472
354,2915,371,541,469
355,2959,383,525,459
356,2955,384,524,463
357,2942,388,527,466
358,2941,385,531,464
359,2964,387,526,460
360,2948,387,525,466
361,2941,393,521,470
362,2963,395,519,464
363,2940,386,526,471
364,2939,380,530,471
365,2935,376,535,467
366,2938,373,540,461
367,2966,383,533,452
368,2957,382,538,458
369,2958,391,534,457
370,2992,397,518,454
371,2985,394,523,462
372,2985,390,518,465
373,2997,394,512,463
374,3001,397,511,459
375,3005,395,508,458
376,2992,391,511,458
377,2996,397,505,459
378,3021,402,498,453
379,3009,392,508,457
380,2989,391,509,459
381,2993,389,510,458
382,3017,388,503,457
383,2993,383,511,454
384,2996,379,515,452
385,2994,378,516,450
386,2998,383,514,445
387,3030,397,500,442
388,3000,391,504,447
389,2998,383,506,448
390,2988,373,509,445
391,3023,386,499,435
392,3042,403,487,427
393,3031,399,491,424
394,3026,399,493,422
395,3055,405,481,416
396,3044,401,486,421
397,3033,401,486,421
398,3020,396,489,420
399,3022,397,488,424
400,3018,395,487,425
401,3019,392,487,423
402,3044,395,481,414
403,3034,394,481,416
404,3025,391,485,416
405,3055,399,476,409
406,3057,408,471,407
407,3052,409,474,404
408,3051,405,479,401
409,3058,404,476,401
410,3057,412,478,400
411,3054,410,476,403
412,3054,407,477,405
413,3058,409,474,403
414,3063,408,473,401
415,3064,407,474,399
416,3069,410,471,396
417,3061,397,478,399
418,3058,397,481,400
419,3056,395,481,402
420,3056,394,484,400
421,3063,402,481,399
422,3074,404,479,396
423,3088,409,479,396
424,3113,424,461,393
425,3112,419,469,397
426,3115,419,467,401
427,3110,418,469,401
428,3113,420,467,403
429,3113,422,468,402
430,3132,432,454,404
431,3125,429,455,405
432,3125,426,456,405
433,3119,427,460,405
434,3114,428,465,406
435,3108,425,468,405
436,3100,426,471,406
437,3119,431,460,406
438,3107,434,460,409
439,3125,439,449,411
440,3121,439,451,411
441,3120,445,451,412
442,3141,447,441,416
443,3129,438,451,417
444,3146,442,442,418
445,3140,436,449,423
446,3156,434,444,422
447,3144,432,449,422
448,3146,434,449,419
449,3144,434,451,417
450,3146,435,451,415
451,3139,434,454,412
452,3161,442,441,410
453,3152,451,442,408
454,3171,461,430,407
455,3170,461,432,410
456,3185,465,422,410
457,3161,450,435,415
458,3178,456,427,412
459,3166,446,435,413
460,3179,455,430,409
461,3160,447,440,408
462,3150,454,441,407
463,3180,462,429,404
464,3163,456,436,403
465,3180,463,427,402
466,3163,455,433,404
467,3177,459,428,403
468,3166,465,430,400
469,3185,479,417,396
470,3164,471,428,397
471,3187,479,418,394
472,3200,481,412,393
473,3185,469,420,399
474,3172,461,427,399
475,3184,462,422,399
476,3162,449,434,399
477,3186,458,423,396
478,3195,464,416,395
479,3205,470,409,394
480,3214,471,402,393
481,3190,464,411,394
482,3206,471,403,393
483,3212,477,398,388
484,3191,475,408,386
485,3210,476,399,383
486,3195,471,406,383
487,3218,474,397,381
488,3197,471,404,381
489,3216,478,396,377
490,3233,486,387,373
491,3225,479,390,378
492,3233,477,382,379
493,3244,485,377,376
494,3221,481,387,374
495,3244,488,378,371
496,3250,494,373,370
497,3232,491,378,371
498,3246,498,375,369
499,3257,503,371,366
500,3247,498,376,368
501,3230,491,379,368
502,3245,491,374,369
503,3224,490,380,371
504,3243,496,376,368
505,3256,504,367,364
506,3237,501,374,365
507,3254,503,367,363
508,3264,510,362,361
509,3270,510,356,361
510,3249,504,363,360
511,3268,512,356,356
512,3276,511,353,359
513,3251,501,364,359
514,3276,505,357,356
515,3253,502,364,353
516,3278,513,354,348
517,3268,513,356,344
518,3282,517,351,344
519,3265,508,357,345
520,3282,514,351,341
521,3292,517,345,343
522,3282,503,350,349
523,3265,498,356,347
524,3278,501,353,346
525,3263,498,358,346
526,3284,505,349,343
527,3271,502,353,341
528,3286,514,347,335
529,3272,515,346,334
530,3293,523,338,331
531,3281,519,340,332
532,3301,543,329,334
533,3315,545,324,338
534,3301,535,332,346
535,3279,524,339,347
536,3292,524,336,344
537,3272,519,341,342
538,3294,522,335,337
539,3278,520,335,335
540,3294,524,330,332
541,3284,522,328,332
542,3304,531,320,328
543,3288,531,322,324
544,3280,525,323,324
545,3302,529,315,320
546,3290,530,312,319
547,3279,526,314,316
548,3300,531,304,313
549,3292,534,303,310
550,3306,536,296,308
551,3294,537,298,304
552,3309,545,290,301
553,3300,540,290,299
554,3298,537,289,296
555,3296,536,284,295
556,3297,538,283,288
557,3300,543,276,281
558,3298,546,272,278
559,3298,551,268,273
560,3300,559,261,267
561,3298,562,257,262
562,3296,562,254,260
563,3290,565,250,257
564,3286,565,247,254
565,3275,558,247,254
566,3271,557,246,253
567,3270,563,242,249
568,3266,569,239,248
569,3267,574,234,244
570,3269,583,231,240
571,3272,585,228,240
572,3266,588,226,240
