1.0
0.9600811907983762
0.9792757913914826
0.891284070888175
0.9388552451650714
0.8858519319634254
0.9302830095651317
0.9027652268208928
0.9220486111111111
0.9613980177360459
0.9484245179495219
0.9586618876941457
0.9442446043165468
0.9299251058287202
0.9643472498343274
0.9303492311701851
0.9162890531838779
0.8681350278911956
0.9219203827097215
0.8827298942646588
0.9043027095015984
0.8804919120273511
0.9196102314250914
0.8778501628664495
0.8404420725301509
0.9312762973352033
0.9225564818170835
0.9540686463555726
0.8915907523681632
0.8896210873146623
0.9114115663811195
0.8717998511182316
0.8296491393095664
0.7934633027522936
0.878178086877209
0.8325501463440831
0.8058109883316591
0.7297354397990563
0.7229307540871351
0.7376472582422239
0.717163810151615
0.7323216871647392
0.6899066511085181
0.6852062834455377
0.659177506240967
0.5813024432379073
0.5980147823238725
0.5462339252908757
0.5706236323851204
0.5451581349853277
0.5246822116509398
0.44450386503962275
0.42378532127203206
0.43286050651811864
0.4236952416048643
0.4207737654836631
0.4000046512168746
0.4017426182329081
0.39001628255144305
0.3611895960599935
0.3725707881325467
0.4005923086973564
0.4160031979746161
0.39044005577715085
0.32332908509704783
0.2859473668308306
0.31091780974684957
0.32776970276360584
0.30771266429474553
0.3170160405609749
0.32111405455717046
0.320965776940968
0.36138867800644275
0.35936589963254373
0.35613764442905266
0.3686171426088657
0.41695110121079293
0.49462659154649924
0.5119693227932143
0.6298720797549696
0.6477669225401256
0.6244855370703147
0.6514502142928337
0.6163594470046083
0.5928205862352814
0.5952488554418093
0.5712352484626559
0.5855002246664192
0.5574803149606299
0.6058274252118278
0.5437188110219137
0.5681929644656472
0.5513732510481933
0.5159151537126726
0.6033005656543468
0.6134912875956064
0.5706969087250777
0.6770508485703969
0.7448114688339321
0.7128115942028985
0.6367318326972505
0.6409620317033174
0.6210579623405921
0.6642214966229816
0.684477756286267
0.6934467548834279
0.7469437037782362
0.7341318591318591
0.6420323325635104
0.6470230526839515
0.6167949697361462
0.586914688903143
0.5325079216054454
0.6089285714285714
0.6389985942834192
0.6229203950420892
0.6151318139601343
0.5806405077899596
0.5909194615560118
0.6203494691079341
0.7230499561787905
0.6721598877980365
0.6685254593655727
0.6231551929599414
0.6516766057288103
0.7272727272727273
0.7010309278350515
0.6569090699550536
0.8149307645996388
0.7191011235955056
0.7254927218858689
0.7905444126074499
0.725
0.7728021566571813
0.7725580063019192
0.7392904460474017
0.7059353869271224
0.7068285759343952
0.7390300230946882
0.7441474348331396
0.7284991568296796
0.7867177522349936
0.7518796992481203
0.7744012879855101
0.7805561543436086
