1.0
0.9710826558071285
0.9636303270329879
0.9533622661758753
0.9462646340436284
0.9785422539262498
0.970652784647819
0.9689796826840728
0.9743109051373432
0.9507344792624555
0.9788440981542628
0.9698074362291877
0.9726812593250108
0.9803051001821493
0.9650648855500797
0.9557905253517609
0.9515166697030425
0.9422597274904495
0.951973675202753
0.9534008894739489
0.9476122320900475
0.954500530599418
0.9513632477855181
0.9559972583961618
0.9398909791751443
0.938482178793435
0.9441312353531972
0.9483627709216349
0.9441793087512553
0.9508414486379752
0.9202884530824026
0.9424616588976266
0.954759741639208
0.9733185001459002
0.9687833305345139
0.9421917275283382
0.9426193950388453
0.9112109738362572
0.9123678104453324
0.9070611219648339
0.9111902778928458
0.8917278276973729
0.8763327581894413
0.8712586851950829
0.8638228600853807
0.8626693098214212
0.8845666176396003
0.8620146970043925
0.8472252052802881
0.8801311971742147
0.8539914404216997
0.8849444905817849
0.8875024306690442
0.8812427481669834
0.8763748404203083
0.867709363515378
0.8995683311674736
0.8844121934679591
0.9222043483308181
0.9321472413271226
0.9527003791272007
0.9159636463968295
0.9210921142264887
0.937670752844307
0.9268874205252822
0.9402699917041655
0.9258009072955486
0.9026746065019273
0.9065296571370435
0.900139826129248
0.9015945606863895
0.9016176488443342
0.8801820686350842
0.8959667131633224
0.8871247387421622
0.8482365129188378
0.8714624567406773
0.8688699899283318
0.900518117884
0.9069855101834026
0.8735833972754627
0.8638297193114071
0.8674745004974052
0.8772847211344988
0.8795303807874343
0.870964677945978
0.8774013866118869
0.8737190877107276
0.8688449220975696
0.8672585118610955
0.8783034562831417
0.901074966626853
0.8862230987876327
0.8825439679111385
0.8583999574820248
0.8963693715982187
0.8705726125878609
0.8597767032697569
0.8527520634775868
0.8540322979100234
0.8551680434708366
0.8649184166679176
0.8556971639840495
0.8590416895289072
0.8436323057609151
0.8580504588838594
0.8486440850667404
0.8580510161968823
0.8733104847374537
0.870346208476849
0.8541623372435488
0.8131759324468493
0.8369483527047104
0.8325879971902103
0.824787420564245
0.834837784270568
0.828170081924057
0.8248052692668055
0.8367281228563829
0.8158926335275222
0.82007319310907
0.822349081633349
0.8212186533492214
0.8372621366996718
0.8035742279354131
0.8124972899412626
0.792940401712216
0.805314934137751
0.8042932355968765
0.8170197656527399
0.8214819930544872
0.8100524205982116
0.7948241336028897
0.7729944990894827
0.7826560084295826
0.768287699223539
0.771207397720441
0.7709304459533859
0.7865562675855572
0.7756912275510928
0.7518264985469829
0.7605936013215523
0.7556371997396578
0.7498901834459388
0.7455557401561721
0.7419381580038134
0.7323270064265431
0.7359302281251742
0.7242561328234306
0.7424354719169916
0.738116832555169
0.7418766249664805
0.7346062080215487
0.7040074567909654
0.7248729830510416
0.7447175531396675
0.7376303619293424
0.7294959746002948
0.7054647106156327
0.7071779787878704
0.6997765010763598
0.697873743200923
0.6752132597759254
0.6803872069746828
0.682746515897859
0.6761125448817967
0.670497636624356
0.6863022276946491
0.6669817712025965
0.6783254287907627
0.6738233901948529
0.6737413622902271
0.6697481861529758
0.674775466700105
0.6619404788221203
0.6590888061849735
0.6397699931292039
0.640765112336917
0.6553453049198649
0.6471766321119522
0.6395912898661424
0.644084873756771
0.6294846384994074
0.6187140453175752
0.6145354029136018
0.6200650311809953
0.5978844946491704
0.6075422776365261
0.6028464523083307
0.5982464748170745
0.5911239961155964
0.6080047240682228
0.5915769084301438
0.5798110716477305
0.5971317736677955
0.5797201777193304
0.5928967678846904
0.5892771126391846
0.5954246722599129
0.6059973972514237
0.5939267639178327
0.5867752837807472
0.5784829849810534
0.5809114045399039
0.5828335463572903
0.5571882535890559
0.5650421099995909
0.5673221434406438
0.5691584445994532
0.5556063033176412
0.5613464354786419
0.5664363418261438
0.5641996557659208
0.568458394180053
0.5607880011715197
0.5564354752220144
0.5476808229778324
0.5336915788729407
0.5361529913827768
0.5523886372707238
0.5408058450628559
0.5319556753519018
0.5549160877454823
0.5458857927083954
0.5621131069813774
0.5624051095124311
0.5781381489686915
0.5695117946355839
0.558753171748584
0.5678512153594119
0.5629254609516642
0.5610821945678343
0.5384705410285562
0.5547302309064586
0.5406779413817603
0.5680106782179465
0.5735652460847273
0.5644143578568342
0.5619380088728732
0.5654469131614654
0.560517361624786
0.5690617139987488
0.5610907272927559
0.5731909068769472
0.5757116962532121
0.5521609873190999
0.5500781384236494
0.5780057605152344
0.5789417535639205
0.5644559846500703
0.5680083088852935
0.5730566919929866
0.5764584760310172
0.5616956501683656
0.5772601436845055
0.5689251498647947
0.5821814094543295
0.5667285904804918
0.5716352802125345
0.5302383388148161
0.5554725996714946
0.5449341438703141
0.5512706947694432
0.5605409352084061
0.5709876673698986
0.5794687251285826
0.6006458557588805
0.5731819305619327
0.557388950358394
0.5634431469848834
0.5631369877556798
0.5638417426608092
0.5673353581450532
0.5706419353036483
0.5686213315932022
0.558743320315123
0.5700718759287184
0.5782524910593031
0.5717879334092127
0.5731186423485465
0.572291099844497
0.5684639449571927
0.5582577228479937
0.5566250201675732
0.559700191737842
0.5686074325377375
0.5696225546863601
0.5637142267244767
0.5668660755219107
0.5683700015622771
0.5452574235559452
0.5538256825655684
0.5672756615836626
0.579431540055702
0.5662026545807705
0.5426292504337873
0.5329300245551943
0.5318470975674613
0.5192743366709757
0.5157800822766927
0.5301121154339775
0.5288716721451918
0.5249739082087249
0.528374632487734
0.5293862456439798
0.5258926550306785
0.5317691520352729
0.51912517846615
0.5090983786540492
0.5065160054023095
0.5257079720414095
0.5176434562514055
0.5054649185941136
0.4817910504146125
0.49646344276158993
0.4763629354837942
0.4742737136856843
0.49784518342861106
0.5033548147558808
0.492390373822886
0.5042016806722689
0.49795798331285784
0.5041916369673706
0.5040398151850799
0.5038152445477522
0.5038152445477522
0.49178176090539183
0.4980354620519813
0.49556558155281927
0.4679769942725025
0.4707794159008248
0.4499180951056129
0.4437128083897812
0.4396114583630638
0.4317951228089351
0.432691159970398
0.43124691966485956
0.42598855982140293
0.41236553246047597
0.41758557750652475
0.41153634714630644
0.3960931983996234
0.40424237871735164
0.3940957701939555
0.40030978380376814
0.38466998902507277
0.368564553375638
0.37253172882512
0.3611184290159277
0.33811330641576876
0.33954012891584856
0.33386960706265373
0.3285465831347529
0.33779328739934356
0.3448561581893286
0.34317158579289647
0.3373432037836726
0.32661125493936505
0.31959259547631097
0.31427311622678444
0.304556030779034
0.29972639987227156
0.2946177758561971
0.2857118885410324
0.27977855881643177
0.2873295987128106
0.2841453417744022
0.27701476684320003
0.274622393594813
0.2567863216212134
0.2514286964405952
0.26589085801424744
0.2661074840251236
0.26090196038946
0.26150371218183105
0.25849597859946144
0.24378142875981895
0.24146482683705414
0.24639772806629576
0.24516466150728122
0.23280636899279578
0.22523422016695693
0.2171393390728675
0.2107753922398703
0.20503550805740717
0.19330312458397228
0.19505316121850877
0.19324059256435083
0.18752116300593694
0.1856810258871732
0.19455842563463277
0.18549871181450128
0.19508567178695044
0.18719854131006772
0.19331426686304612
0.17898592574425834
0.17661588804346098
0.17201321203961517
0.1660841590258969
0.160035712878957
0.1611576605826377
0.15963040522966948
0.1575054945924767
0.15042704420078717
0.15463395542710445
0.16136517638598868
0.16082548776926392
0.1491764355501874
0.1342936110509727
0.13259864014356848
0.13007657209974702
0.12632574687976506
0.12065871243902786
0.11179265412956271
0.10527239976889352
0.10715512173543569
0.10735597954684488
0.10047531675744398
0.09531245481622856
0.08700605485805493
0.09528787816495657
0.08696903317496579
0.08207362750511095
0.08846554364471669
0.09132109955790461
0.08624949047024964
0.08449093039577298
0.08297724643270343
0.0811141606705734
0.07949565642289648
0.08052511465693953
0.07508461107399868
0.07487894252595453
0.07642026338556186
0.07548501106054056
0.07699615211154079
0.0756748224151539
0.07237218716890428
0.08346551977890795
0.08169172735369623
0.07655248358044599
0.07551666677731379
0.06894201565570679
0.061500825136070573
0.05492616026586382
0.048044311138313374
0.046548367986007276
0.041562219758648204
0.039894077758804165
0.0366462840016155
0.03810188515308412
0.029033081533521972
0.025804866060457114
0.03987612446541808
0.03662595886952002
0.0333488238288079
0.030218494455643303
0.02702036461303556
0.03280778827727967
0.031158639790737037
0.028048646470566686
0.02367029812917578
0.02207072984983031
0.020486716975819746
0.01897343867513571
0.020460203924050156
0.018926992652494683
0.018891069676153092
0.030746470020083707
0.02911051627001348
0.02758564914658944
0.02982107355864811
0.026730885009030706
0.025157510156447387
0.027537434630855426
0.027017811685116376
0.024536179762806355
0.021853623100671953
0.02026860348027936
0.020254990800554398
0.018715076983139352
0.01617687380044368
0.016547786434405035
0.014947363011058479
0.01342368174044977
0.010387222305373218
0.008864868568687742
0.005823472815353713
0.014608080575097066
0.012235332220757782
0.011859776617412228
0.0072138643194136435
0.007369293732152492
0.001490738674403035
0.0
0.0
0.0
0.0
0.0
0.0
0.0
0.0
0.0
0.0
0.0
0.0
0.0
0.0
0.0
0.0
0.0
0.0
0.0
0.0
0.0
0.0
0.0
0.0
0.0
0.0
0.0
0.0
0.0
0.0
0.0
0.0
0.0
0.0
0.0
0.0
0.0
0.0
0.0
0.0
0.0
0.0
0.0
0.0
0.0
0.0
0.0
0.0
0.0
0.0
0.0
0.0
0.0
0.0
0.0
0.0
0.0
0.0
0.0
0.0
0.0
0.0
0.0
0.0
0.0
0.0
0.0
0.0
0.0
0.0
0.0
0.0
0.0
0.0
0.0
0.0
0.0
0.0
