1.0
0.7879995691048153
0.8112404955601638
0.7929421547736604
0.7945135107366691
0.8260169359447244
0.8200297725989426
0.7604509627855931
0.7506614086756851
0.7667493796526055
0.7531441942088329
0.6996452502956247
0.7027963375402129
0.7139265962795375
0.6968651567421629
0.7207299046842347
0.7307871207814357
0.6532331742970257
0.6625141562853907
0.6296992481203008
0.6367140066522359
0.6296992481203008
0.6245202558635394
0.6165318102490878
0.6315562503369091
0.624428056198525
0.6241215884948521
0.5994620763851533
0.6072106261859582
0.6197683313299093
0.596529284164859
0.6177339901477833
0.5229224822847327
0.5271034074393066
0.5271034074393066
0.4493434916518074
0.44666451820818565
0.44666451820818565
0.43853045644913324
0.4428502596498742
0.4428502596498742
0.4057017543859649
0.4026258205689278
0.4059900166389351
0.4028776978417266
0.4063664070436844
0.40078365519171566
0.41404036315272075
0.4173187271778821
0.441543438077634
0.44028726977875593
0.44737298422056526
0.4524728165555945
0.4474976613657624
0.4474976613657624
0.49597197898423817
0.49597197898423817
0.49740932642487046
0.49740932642487046
0.49572145175568016
0.507223880597015
0.5372125309349912
0.5372125309349912
0.5775228535579853
0.5709728867623605
0.5861513687600645
0.5892439594699922
0.61578369140625
0.6223935842072794
0.603421558296659
0.6066932568864515
0.5534368070953437
0.5440278988666085
0.48280525502318394
0.4801767757637866
0.4621359223300971
0.4541984732824427
0.467005076142132
0.467005076142132
0.477572208172501
0.4744662338531557
0.48852594583419473
0.49424806525831416
0.4919563343866705
0.4919563343866705
0.4484965763620125
0.454038577456299
0.4091264260040631
0.4196185286103542
0.39113536756801454
0.3962137711509466
0.4121645172533984
0.42620291944494504
0.42910278508572985
0.44404806609087494
0.43348997794188165
0.44584730716117577
0.457347385166037
0.46927201484842235
0.47920395914499314
0.4911147011308562
0.48297632468996615
0.5136690647482014
0.5333659850618342
0.5168539325842697
0.4984066284257489
0.4978428552751994
0.5106210255716412
0.5166596960825317
0.46033092914722107
0.4518183104570539
0.4647611041053664
0.40228393459641837
0.4821299377803502
0.4397487150199886
0.42605288932419194
0.4153327716933446
0.3679120879120879
0.39649455234486025
0.4035556954059157
0.4130019120458891
0.3537238638327285
0.3623315245930334
0.41141868512110724
0.43329775880469584
0.4810740257318665
0.5163309211813025
0.471976401179941
0.5082618699016942
0.5329289428076257
0.5435262925320371
0.5460704607046071
0.5626005053985756
0.6084180657365807
0.6328068043742405
0.6225814352192016
0.6160930683470673
0.5978571428571429
0.5974148061104583
0.5573240487440935
0.5514271653543307
0.5300454871917645
0.5300454871917645
0.54
0.5948341352241073
0.588574292157354
0.588574292157354
0.5824448301512521
0.5588447653429602
0.5312726394590679
0.5130040563111429
0.46275395033860045
0.5052264808362369
0.5016332244517032
0.5016332244517032
0.460219151977132
0.47962607861936724
0.4680068644275558
0.4666995559940799
0.4633799478549419
0.44870323617167773
0.43568464730290457
0.4505548705302096
0.5212294868455327
0.5764372260891982
0.570262688089773
0.570262688089773
0.5458982105507785
0.5142857142857142
0.4854284471509352
0.4657709532949456
0.5011348161597822
0.4930022573363431
0.4636685866194063
0.45039164490861616
0.4517766497461929
0.4414295168762409
0.4577114427860697
0.4523915958873491
0.4223125564588979
0.42941443486155245
0.4746928746928747
0.49252988047808766
0.4483798040693293
0.46882217090069284
0.42408376963350786
0.42857142857142855
0.45652173913043476
0.4644808743169399
0.49444895748713785
0.5034050667393081
0.5030181086519114
0.47832585949177875
0.48721804511278194
0.4962178517397882
0.5107125062282013
0.5162427600100731
0.45255849832861916
0.4714285714285714
0.48345247550966375
0.4868282402528978
0.4420485175202156
0.46135029354207435
0.45776566757493187
0.5018450184501845
0.5552531301034295
0.5733333333333334
0.5270962523591265
0.5144736842105263
0.5836065573770491
0.5771413131586057
0.48746238716148443
0.4698295716259788
0.44573643410852715
0.5697307785593014
0.5238992229809277
0.5199716379106594
0.4503311258278146
0.4503311258278146
0.5419354838709678
0.5262919310970081
0.4598474652310453
0.44109831709477415
0.5355342741935484
0.49239681390296886
0.46703296703296704
0.4347212420606916
0.4231749710312862
0.5746153846153846
0.5294117647058824
0.46224103363778124
0.5706254392129304
0.6532712570448419
0.49700465941868205
0.4417073688681249
0.5343904006856653
0.4577094293808175
0.5000960245822931
0.5874125874125874
0.48244448661985195
0.44944649446494467
0.4632243684992571
0.4030281182408075
0.4625902012913027
0.5727996732693486
0.5933557611438184
0.5702445089100705
0.6423236514522822
0.7352038579570364
0.7110355092494153
0.632183908045977
0.552128583840139
0.5171974522292994
0.5399628252788105
0.47806823216659283
0.5674704976911237
0.48466257668711654
0.5104217159476491
0.505278310940499
0.4711585070285991
0.4767042667974497
0.5379210079961231
0.531863919501677
0.6485972420351879
0.6347138203815729
0.6063119096982262
0.586845039018952
0.5549967198775421
0.5404649160568231
0.5625133575550332
0.5625133575550332
0.550742833228709
0.550742833228709
0.5396760303465244
0.534307754770605
0.554954954954955
0.5526686807653575
0.6086427267194157
0.606369946917109
0.6264543784445805
0.6030170702659786
0.5401059031182585
0.5178365937859609
0.506896551724138
0.49368520263901977
0.5090458960198058
0.513840830449827
0.5379337384826505
0.5379337384826505
0.60686175580222
0.60686175580222
0.6175173282923756
0.613406408094435
0.6384039900249376
0.6493723849372385
0.696342737722048
0.7084824247526836
0.7084824247526836
0.696342737722048
0.701688555347092
0.6950237456122238
0.6653217671979019
0.6653217671979019
0.6653217671979019
0.6324615691754841
0.6535894843276037
0.6535894843276037
0.6375483608226431
0.6121212121212121
0.6546192893401015
0.6382170697581451
0.6397466349960411
0.6397466349960411
0.6397466349960411
0.6397466349960411
0.650199203187251
0.650199203187251
0.6208780093060894
0.616602394966511
0.5580575680438614
0.5571847507331378
0.6489384516405747
0.6622893412125191
0.5698324022346368
0.5949603359776015
0.5083514887436456
0.531780197518359
0.5275429157058673
0.5402781422198898
0.6091520861372813
0.6091520861372813
0.6020685900925422
0.5886109632783395
0.6015915119363395
0.5639154504277806
0.5763387297633873
0.5537270087124879
0.5193889541715628
0.6203945804611362
0.6280076997112608
0.6212806474648893
0.5450281425891182
0.5264270613107822
0.6533834586466165
0.6748466257668712
0.56
0.5094339622641509
0.506064880112835
0.4569906790945406
0.549526270456503
0.549526270456503
0.5791911083667799
0.5584995534385234
0.5703125
0.5593012565124119
0.5902999361837907
0.5653266331658291
0.5785097537575952
0.5175600739371534
0.549580354367423
0.5800302571860817
0.5708687132593077
0.45510455104551045
0.5355404089581305
0.44521538016767853
0.4650609574784419
0.47566909975669097
0.5142276422764228
0.4352517985611511
0.46668658500149385
0.4292682926829268
0.3481190342504211
0.31298101590559263
0.39285714285714285
0.3624195624195624
0.3019627579265224
0.28631776578268014
0.2807625649913345
0.26783183750590456
0.29329608938547486
0.28216807105442954
0.3032137866790871
0.2899884925201381
0.33160956690368454
0.31414574402939377
0.30985915492957744
0.3118030717441616
0.29871851524524967
0.33902840675174967
0.3402462734931951
0.3336113427856547
0.35322976287816843
0.3520825223822499
0.4275755228505035
0.3571034736261717
0.4272818455366098
0.421822272215973
0.42705674455134496
0.45181765724177725
0.4498455200823893
0.4996695307336418
0.4680317592979524
0.42021276595744683
0.4303448275862069
0.4141709276844412
0.3586054233536248
0.3490909090909091
0.37511436413540716
0.36118363794604
0.38967136150234744
0.37802668423653435
0.2885217391304348
0.2743962950711214
0.34552912223133714
0.3347464280106767
0.3711681855840928
0.3545966228893058
0.32443257676902537
0.31465093411996065
0.32831168831168833
0.3442294863242161
0.31466482853696365
0.40384615384615385
0.0
0.0
0.0
0.0
0.41304730086161423
0.41047416843595186
0.4194160030337505
0.3961318051575931
0.3595780749670371
0.387773890627877
0.39553244752551514
0.387773890627877
0.32965116279069767
0.31252268602540834
0.3381061473844979
0.3315693430656934
0.32577903682719545
0.31309331900411963
0.3343534812547819
0.3210659898477157
0.3677058353317346
0.3516819571865443
0.32881929750317396
0.3144968051118211
0.43650981319460863
0.4318936877076412
0.40138067061143984
0.3637599093997735
0.39608269858541895
0.37209302325581395
0.4220739842328684
0.42664015904572566
0.390625
0.4
0.44396144396144394
0.43211920529801323
0.49718111346018323
0.49639299209893506
0.5278699402786994
0.5314512134720158
0.5183574879227053
0.52925877763329
0.49938157081014223
0.49938157081014223
0.5116854976009906
0.5223367697594502
0.509386733416771
0.5126887747158648
0.4861045690061234
0.48922211808809746
0.4789356984478936
0.4689265536723164
0.5241804608893217
0.5074721780604133
0.5424644084437898
0.5045755758914484
0.4728066074489637
0.48134796238244515
0.491790461297889
0.491790461297889
0.464938782000318
0.464938782000318
0.5494736842105263
0.5264546159813809
0.5337364735837047
0.5220803200492383
0.5030517185994218
0.4832587563647585
0.427255985267035
0.4334423166744512
0.4300395256916996
0.4357878068091845
0.44120032441200324
0.43963148537255536
0.4165680473372781
0.4103247293921732
0.41168408428987496
0.4040692786278796
0.4529855868222375
0.45077720207253885
0.45077720207253885
0.4552673372154579
0.4317119612255496
0.4254520641419311
0.4254520641419311
0.4317119612255496
0.4267624914442163
0.4267624914442163
0.43313650573115664
0.43313650573115664
0.42973939703628
0.42973939703628
0.43188356743949907
0.42973939703628
0.4235353365788148
0.4585954769597007
0.45619438740588636
0.45619438740588636
0.48383677795442503
0.4911242603550296
0.4478330658105939
0.41970865467009427
0.49802845876907254
0.5052173913043478
0.5105844038357156
0.48698689956331875
0.5031199857372081
0.48011021181332875
0.42745515894157343
0.4213197969543147
0.4213197969543147
0.3794898490369599
0.39938133699948447
0.39383155397390274
0.3902602854743913
0.3902602854743913
0.34558327714093057
0.34558327714093057
0.35983122362869197
0.35983122362869197
0.3716012084592145
0.3716012084592145
0.34361381159906135
0.3450856477631798
0.3470480013380164
0.34235274707144037
0.3592586725803897
0.3592586725803897
0.3386454183266932
0.33557046979865773
0.36909871244635195
0.36435164170071116
0.3765096618357488
0.37831758884390465
0.33097638032194976
0.3267003267003267
0.3352380952380952
0.3352380952380952
0.32486311947213253
0.30440359127832406
0.2883409945674885
0.28588990575058054
0.26023706896551724
0.2819078070876632
0.3346471710108074
0.3132137030995106
0.34698408782533613
0.2980946527350953
0.30040053404539385
0.3015317814497648
0.2980803624657208
0.29227919898136356
0.3014163642748449
0.29786003470213995
0.32142857142857145
0.3151750972762646
0.34961154273029965
0.353694138782843
0.3836788417242514
0.3881491344873502
0.3466924740976887
0.34801313257104044
0.3237922841950447
0.3276849095488894
0.3376948458300148
0.3349731663685152
0.28994757237292
0.38052900644587684
0.3986849315068493
0.3986849315068493
0.42594039513338544
0.42594039513338544
0.3579065841305571
0.3593015446608462
0.3581390159544795
0.3581390159544795
0.39263871900366953
0.3686412684430742
0.3726775956284153
0.3741030658838878
0.3801182395445588
0.38151786678182015
0.38496732026143793
0.38165078685365594
0.38300138459899885
0.3843382430857264
0.3843382430857264
0.3843382430857264
0.3504620696658881
0.346312092323131
0.3316182894864576
0.32881420660683597
0.38143289606458125
0.38730246742445246
0.3837552553895697
0.3837552553895697
0.42739994651929764
0.4504792332268371
0.4198645598194131
0.42267463578632797
0.41647125035174937
0.38647522000926354
0.41453652324206314
0.42481271697423717
0.43075106711470346
0.4281072298943948
0.44400680333005105
0.4398821744175667
0.43519000520562207
0.47347880078055704
0.4286217835741981
0.40287460194508995
0.47885572139303484
0.45727724065847924
0.4266154616797462
0.42371475953565507
0.5095541401273885
0.5013696355939238
0.504885993485342
0.49536593160754233
0.5285103072734345
0.5138138366694573
0.47897196261682246
0.49043935191942784
0.5514986376021799
0.5514986376021799
0.6007349416839751
0.581200594818815
0.4892697783129117
0.48
0.5993413830954994
0.5352070111816258
0.6333119692356994
0.5805061927840603
0.472771546635183
0.3988527724665392
0.4505967521033066
0.4485198649701376
0.38327068790644947
0.362335302135393
0.4607675384991445
0.4611553179857863
0.38451268357810414
0.3633860977288369
0.3321558496335741
0.32225090889930974
0.30106715533038697
0.29448614786412486
0.30528343423225096
0.2928998956674537
0.33106912495005425
0.3297854077253219
0.35869945227828925
0.35568904181489475
0.3741555517062186
0.36900793194620074
0.3575250058153059
0.35066505441354295
0.37357830271216097
0.36048526863084923
0.38770345660550987
0.3716177645849983
0.3810330228619814
0.3760395323610944
0.40540540540540543
0.3883685338230793
0.39182156133828994
0.3744493392070485
0.3796290590917493
0.36017337158903606
0.36992263056092844
0.3686131386861314
0.3927966101694915
0.4261570147807124
0.4197109719034919
0.3961269763451403
0.386661138423266
0.4212574850299401
0.41240530303030304
0.3878815698875373
0.40485735866596945
0.37521844523366593
0.4111157000413004
0.37233187973376175
0.3830255057167986
0.36039188243526943
0.38990825688073394
0.38007064112169536
0.3668648310387985
0.348001223740567
0.3601181683899557
0.35060103033772183
0.3250486467362462
0.33455169984146554
0.3234063499876938
0.32431220705115144
0.31601423487544483
0.31747040597441806
0.32639365515137647
0.31959620401527467
0.3802700468448608
0.36995902110221746
0.3863008514664144
0.3948866850182888
0.40903938274765056
0.37586060046845055
0.41131105398457585
0.36907237936772047
0.37484662576687117
0.33879565646594273
0.3640646252861361
0.32522513860846713
0.3256835333415811
0.36730268863833476
0.36296043867529976
0.3653922800993347
0.3727202592192563
0.34675406681300175
0.40370294658762373
0.41161410450366576
0.42089278551372417
0.4128175356121322
0.4534753524159513
0.4575139146567718
0.45515394912985274
0.4388816644993498
0.43914911024749437
0.41633306645316254
0.38270891521397155
0.38360387567635584
0.4704708559425871
0.4449398729901365
0.4591568762957844
0.4451939291736931
0.45963600796450904
0.45646929068725445
0.44134116833736603
0.44063496417183806
0.5049002326729183
0.4909165695482279
0.46887769000272406
0.4630495790458372
0.4752981260647359
0.46234919793185736
0.4740307000132328
0.46633254141308944
0.47227919393169904
0.47483447965546055
0.47917673205140593
0.47196613358419565
0.4772035510462904
0.472262315657358
0.47756663226276486
0.5048164857944153
0.509687575684185
0.5002364066193853
0.4944716331339496
0.4959002951787471
0.5327049840427118
0.5214141826993256
0.5272663510433105
0.5256472747082604
0.5351168584648238
0.5238067587968877
0.5273068592057761
0.5214336712837355
0.563589099011598
0.5543255317355511
0.5510740402193784
0.5392291136763843
0.4813504180816757
0.4736191840058406
0.48152906246431426
0.4817353554394082
0.4584915897992404
0.4584915897992404
0.45672024973013975
0.45414986510400046
0.4814661052132139
0.481694653770842
0.44094114858057254
0.5072083177019133
0.471598735920914
0.5078534031413613
0.4548585931834663
0.4482758620689655
0.4486645678886971
0.4386429562365998
0.4057615230460922
0.43400447427293065
0.44181925575900766
0.4324750135394614
0.4325857615334476
0.42893248284992175
0.4244786591307737
0.42278783737615305
0.43286219081272087
0.43094126320963383
0.4095329753824334
0.4041288233359476
0.3996613908626837
0.4014843065505334
0.3794898490369599
0.37938122869558427
0.38832725377800936
0.38158440481128164
0.3868455099939271
0.38021284982262515
0.38907359629757693
0.38060159607120936
0.3793943420251343
0.36759758199075465
0.3831838004499875
0.37442884208180094
0.0
0.0
0.0
0.0
0.0
0.0
0.0
0.0
0.0
0.0
0.0
0.0
0.0
0.0
0.0
0.0
0.35436467319783593
0.35417126868419113
0.34502369668246446
0.343241599513456
0.3408075264602117
0.3389930432731989
0.36027286391490343
0.3567258156840298
0.3571235989677618
0.35450516986706054
0.3353004937974226
0.3371276338096391
0.3977610811355958
0.39566889293665247
0.4287685408761642
0.43505385203931496
0.4434957903474446
0.44789024671431865
0.42375263527758256
0.42607934655775964
0.4381428151630914
0.44094162181345004
0.4257722859664607
0.42337447587550936
0.4076190476190476
0.4076190476190476
0.4075785582255083
0.4047442550037065
0.3791617945719737
0.377008652657602
0.4055600981193786
0.4083809045856596
0.40292445166531277
0.4104678033851727
0.43823826200510474
0.43579812905916704
0.43515328467153286
0.43749636437670875
0.4080296748854462
0.4102173913043478
0.4102173913043478
0.4148826060903198
0.4114405667803726
0.41368129281941324
0.41127229241408
0.4132231404958678
0.40868585475775887
0.4108190865016586
0.415040794608017
0.4171295828704171
0.4192038649287907
0.4217080949729155
0.42166991066526927
0.4166500895166103
0.4191095547773887
0.42159822866344604
0.41875343629729594
0.4238061797752809
0.41408703454463885
0.41627745205207195
0.4191095547773887
0.4166500895166103
0.41421932166518344
0.41421932166518344
0.4120740116077186
0.41464983914872555
0.41464983914872555
0.40734565782376303
0.4118167518678726
0.4118167518678726
0.41392318244170095
0.40944189228814387
0.40709426627793976
0.4068082237950792
0.40928087620694625
0.4088291746641075
0.4089199866723785
0.4057971014492754
0.4011838211114765
0.40347727487479923
0.4053672316384181
0.40305214867521766
0.4025974025974026
0.4025974025974026
0.3925588115771888
0.3925588115771888
0.39656967009096256
0.3983402489626556
0.38008928571428574
0.38615599261892974
0.3878173499596304
0.39009204114780727
0.3774206125720227
0.3774206125720227
0.3779011320424844
0.37576600460689297
0.37365486840399326
0.37365486840399326
0.3701249044098904
0.3717601219718787
0.37596367997258867
0.379782711384034
0.3909722818158414
0.3932501834189288
0.39041299817106884
0.39041299817106884
0.39438662344309844
0.39841711229946525
0.39855072463768115
0.4009546539379475
0.40506659702272135
0.40506659702272135
0.4308169235471336
0.4290405920217191
0.42464318449653005
0.42206411869333216
0.4224431431295111
0.4197753619919708
0.41815631081142235
0.413933131796237
0.3926227234908015
0.3887147335423197
0.4171693287651402
0.41397248286256016
0.438428816087509
0.43058103975535167
0.4522184300341297
0.4568440409148374
0.3821227379231268
0.3849824208940231
0.40289884974467427
0.40837559470905005
0.42159840787681996
0.4241747727635146
0.44214372716199757
0.4529459241323648
0.439701790308185
0.44980705185811704
0.44115325932551164
0.4483230663928816
0.46366782006920415
0.4713850677307571
0.46993987975951906
0.4738129419896847
0.47616016971625563
0.4743678466861858
0.44721311475409836
0.44721311475409836
0.458128078817734
0.45900552486187846
0.4111147939454204
0.4262849413886384
0.4339536736668374
0.42777490371903204
0.425255448585435
0.42616688551987586
0.43222955384708517
0.43313348831518417
0.3932290003193868
0.3941860465116279
0.3951133468347815
0.3960095137420719
0.3939212953746101
0.3968444979275304
0.3741908540405095
0.37890324834090117
0.38022490982389134
0.3823218439416367
0.3806208709242026
0.38414109549756237
0.38184150513112886
0.38563408665611054
0.3923278116826504
0.39410828025477707
0.4011345218800648
0.4103139013452915
0.4459781744597817
0.44463818657367044
0.45166051660516604
0.45166051660516604
0.4527966854098846
0.4540059347181009
0.35899858290033065
0.357098477788133
0.3533490937746257
0.3584053261472616
0.32457059914523023
0.32457059914523023
0.3493946731234867
0.3534364122075609
0.35898899306971055
0.3626255971009718
0.326645547342485
0.326645547342485
0.3871146903637878
0.3742041113334546
0.41822911994258544
0.40896631001856926
0.4073454289237273
0.39840222299409517
0.41121076233183856
0.403798367057153
0.3994514730602495
0.39653961004742666
0.0
0.0
0.0
0.0
0.0
0.0
0.0
0.0
0.0
0.0
0.0
0.0
0.0
0.0
0.0
0.0
0.0
0.0
0.0
0.0
0.0
0.0
0.0
0.0
0.0
0.0
0.0
0.0
0.0
0.0
0.0
0.0
0.0
0.0
0.0
0.0
0.0
0.0
0.0
0.0
0.0
0.0
0.0
0.0
0.0
0.0
0.0
0.0
0.0
0.0
0.0
0.0
0.6196851552155362
0.6060973760048536
0.5654450261780105
0.5736842105263158
0.4868591124515295
0.4997827031725337
0.4707379134860051
0.47317279256442757
0.5198976691301876
0.5266238401142042
0.5249788314987299
0.5316796598157335
0.5421372719374457
0.5324232081911263
0.561072638868425
0.561072638868425
0.5806838632273545
0.573134328358209
0.5502456453774006
0.5502456453774006
0.5502456453774006
0.5395362663495838
0.5651376146788991
0.536385326573218
0.5746268656716418
0.5665893271461717
0.598939929328622
0.5905096660808435
0.0
0.0
0.0
0.0
0.0
0.0
0.0
0.0
0.0
0.0
0.0
0.0
0.0
0.0
0.0
0.0
0.0
0.0
0.0
0.0
0.0
0.0
0.0
0.0
0.0
0.0
0.0
0.0
0.0
0.0
0.0
0.0
0.0
0.0
0.0
0.0
0.0
0.0
0.0
0.0
0.0
0.0
0.0
0.0
0.4913722267871816
0.48875593150402313
0.5507933237172883
0.5596446700507615
0.5903064551184525
0.5903064551184525
0.582562747688243
0.6072874493927125
0.6365014072310023
0.6429489927132448
0.6918604651162791
0.6973275326289621
0.5456760048721072
0.5380212591986917
0.7467885913346397
0.73009791400596
0.589573851882499
0.6725860155382908
0.7499447757897062
0.7956371986222732
0.7559742647058824
0.7351598173515982
0.6519692841218727
0.6377972465581977
0.5741324921135647
0.5848903330625508
0.4914933837429111
0.5011135857461024
0.5387618516452872
0.5264623955431755
0.5612903225806452
0.5816860465116279
0.5678851174934726
0.558766859344894
0.5196521739130435
0.49863201094391246
0.4028159340659341
0.41331923890063427
0.5312388432702606
0.5690248565965583
0.5359528487229862
0.5678601165695254
0.6082644628099173
0.5815423514538559
0.7219251336898396
0.7358047864852182
0.6273348519362186
0.706580900544285
0.6324595649749024
0.685459940652819
0.6356228172293364
0.6169064748201439
0.6764705882352942
