1.0
0.7437046521553564
0.7434802977460829
0.7547851209823041
0.7440012149438089
0.7605861546235473
0.7709480276781656
0.7216301559107954
0.7216301559107954
0.7425281602002504
0.7425281602002504
0.703351261894911
0.7560027684608422
0.7461095715199317
0.6913144931293752
0.7308326682628359
0.7566364475327072
0.7044720564891346
0.7112462006079028
0.6331740169454704
0.6310177881738562
0.6705409029950827
0.6186776859504132
0.6267910696434522
0.6501280227596017
0.6565534677929092
0.601376477770994
0.5598694942903752
0.5879696733192106
0.5832916458229115
0.5989190406485756
0.6198512585812357
0.53620816165265
0.5199084157033562
0.5265852697912564
0.4754296223920915
0.47241576242147343
0.47081469739002435
0.4648496768755268
0.47448776888586186
0.4721296662336929
0.4280645530502461
0.4280645530502461
0.4285383368079685
0.4289732770745429
0.4257849666983825
0.43142189466115405
0.43875685557586835
0.43875685557586835
0.466552734375
0.466552734375
0.48152295632698766
0.48481052301910427
0.48628553577007183
0.48628553577007183
0.5284568016420974
0.5239069767441861
0.5283683482199019
0.5220633934120572
0.5202117720336343
0.5344740815299447
0.5643772718576622
0.5643772718576622
0.6007164854503174
0.6061676231317399
0.6152974504249292
0.6208072768618533
0.6449530141277249
0.6484349893952054
0.5850693345152916
0.568680285750094
0.5205672848617082
0.4907203523120478
0.41315873522836155
0.4702745934417489
0.4728425696167632
0.4728425696167632
0.4870473635914449
0.49317418340361663
0.49880720017349817
0.4862264975951028
0.49466192170818507
0.5162586219965133
0.5267990269167386
0.5168186104998428
0.4993784702080053
0.5058339628976748
0.45665445665445664
0.46904953865448357
0.44404806609087494
0.4503046458492003
0.46642342964204714
0.48344235486508585
0.4974758098443416
0.508547468014192
0.4932343954604976
0.5122393472348141
0.5256542109473203
0.5281420447951723
0.5447689729470913
0.5501266739051756
0.5198716366329301
0.5284573783157352
0.5346534653465347
0.5271478553842167
0.5015806111696522
0.4968494436251508
0.5166596960825317
0.5376468881473959
0.46221771858714533
0.45688019845323213
0.3994841862359169
0.3464002049705355
0.512143928035982
0.4749926879204446
0.5024433585073301
0.46631899174272057
0.4085956416464891
0.40280103516516974
0.38483699772554963
0.4027972027972028
0.34877520413264457
0.3613604972375691
0.44263419653575714
0.42896935933147634
0.5061818181818182
0.5378151260504201
0.49264846286041625
0.5112960760998811
0.5396565821749796
0.5608667941363926
0.5721819380355966
0.6006382493731479
0.6299929922915207
0.6044985941893158
0.6160930683470673
0.6160930683470673
0.61639185257032
0.5982844889206577
0.5700839481048079
0.5514271653543307
0.5411879736005867
0.5310830500242837
0.5310830500242837
0.5678517776664997
0.591952540624194
0.591952540624194
0.5700839481048079
0.5723888314374354
0.5402624131721122
0.5304192229038854
0.4854368932038835
0.5199412772204551
0.5015711868503747
0.4964114832535885
0.46892093485827946
0.49456109284088035
0.43349753694581283
0.4375
0.4531136418706082
0.4237891737891738
0.49920592906299627
0.5402267818574514
0.5524572059635561
0.5145957117024025
0.5276185513288171
0.5234231876472127
0.4765827253471405
0.4456227436823105
0.4226098476484875
0.41963509991311904
0.45544554455445546
0.46487747957993
0.43774363678055495
0.43134984950219957
0.41624365482233505
0.413265306122449
0.46099975851243663
0.47100912904021713
0.4417451660882499
0.41336573511543134
0.48767558971640607
0.4968
0.4759535655058043
0.4845704753961635
0.4748201438848921
0.48753462603878117
0.5211187214611872
0.49467190128996075
0.471191135734072
0.471191135734072
0.40929535232383807
0.4167294649585531
0.43602609131961867
0.43602609131961867
0.4439959636730575
0.4737384140061792
0.48418156808803303
0.48418156808803303
0.49683282842192233
0.4637759224346889
0.5804519466376259
0.5129007036747459
0.4988381099922541
0.5201238390092879
0.5575221238938053
0.5575221238938053
0.5221621621621622
0.57190357439734
0.5824267782426779
0.57190357439734
0.6404970347359503
0.5687280583310829
0.5351479915433404
0.5029754204398448
0.648
0.5750955761878754
0.47313947757516017
0.6058966729780904
0.503235827077401
0.4723630831643002
0.543046357615894
0.47624076029567053
0.5774165953806673
0.5077677841373671
0.48058252427184467
0.4698128130767203
0.41411042944785276
0.5774165953806673
0.5737704918032787
0.5483779971791255
0.5643513789581205
0.4818577648766328
0.6404328578455485
0.5446966188050023
0.5518200788314398
0.6909272183449651
0.6075022872827082
0.7084233261339092
0.5781009032826614
0.5230703806081225
0.45137614678899085
0.49359916054564534
0.5769997784179038
0.49359916054564534
0.5872193436960277
0.6729246776747342
0.6650973678579071
0.5908150599917252
0.6140350877192983
0.7179261862917399
0.6595344462732189
0.6017355560630281
0.5701089531027949
0.4826660702303735
0.5423340961098398
0.4881364310430054
0.5412490362374711
0.5170831208567057
0.511175387851696
0.5175718849840255
0.43304163351896047
0.437566988210075
0.5327826535880227
0.48122006554071084
0.5244291676896636
0.5071225071225072
0.4962825278810409
0.46113989637305697
0.5078125
0.49674084063834567
0.49674084063834567
0.4810622551153679
0.5390383767093074
0.5280898876404494
0.5456858172567309
0.5350239035543546
0.574468085106383
0.551695954229669
0.5263803680981595
0.5149029805961193
0.5319937573156457
0.520916905444126
0.49461756373937676
0.49368520263901977
0.5084449621432732
0.5181008902077151
0.5476772616136919
0.5476772616136919
0.6085889570552148
0.6215538847117794
0.6195443900361933
0.6092659191876454
0.6440306681270537
0.6040327941502327
0.6040327941502327
0.6040327941502327
0.6040327941502327
0.6040327941502327
0.598069328652918
0.5922224636106886
0.656341565508581
0.6675094816687737
0.6675094816687737
0.6675094816687737
0.66110183639399
0.6413223140495867
0.7213525360050094
0.7144924540004135
0.5998750260362424
0.5941819682277698
0.5941819682277698
0.5998750260362424
0.5187319884726225
0.5187319884726225
0.4972375690607735
0.4972375690607735
0.5016336728810302
0.506108202443281
0.529485834207765
0.5629853321829164
0.5524752475247525
0.5705521472392638
0.5230557467309016
0.5348346235045742
0.5142017629774731
0.5263157894736842
0.5402781422198898
0.5536434525410057
0.6167893158898883
0.6033057851239669
0.5959051724137931
0.5899513776337115
0.583745767126856
0.5660956277166965
0.5598238316613653
0.5477615513526455
0.5269042627533194
0.6138287864534336
0.6146961846443711
0.6012439530062198
0.5278219395866455
0.5390860589190443
0.6250299688324142
0.6451612903225806
0.5394169835234474
0.536370696349987
0.48237476808905383
0.4993141289437586
0.5595913734392736
0.58
0.5516024698618054
0.5516024698618054
0.5305232558139535
0.5268475750577367
0.5598686174977605
0.5483106105512745
0.5614973262032086
0.4968372627947096
0.49985863726321744
0.5458321794516754
0.5044146966676161
0.4946236559139785
0.45348521833468947
0.45348521833468947
0.4946236559139785
0.49047483650838786
0.46527579308373823
0.46527579308373823
0.514737161956852
0.48316251830161056
0.40768782760629
0.398406374501992
0.4855797527957622
0.4744105807935595
0.4161915621436716
0.4161915621436716
0.38002853067047077
0.3691011235955056
0.4205761316872428
0.41721854304635764
0.44581005586592176
0.44581005586592176
0.5075456711675933
0.45292166368971676
0.5304659498207885
0.5136671177266576
0.5246468722974921
0.5620437956204379
0.5621058404167809
0.5621058404167809
0.5732634338138926
0.5613449691991786
0.6426647073230468
0.5889405431857108
0.5742670220499152
0.5674102812803103
0.5855023108732669
0.5902592682335838
0.5977914110429448
0.6022977267171841
0.5581187010078388
0.4647800041313778
0.5519930675909879
0.5451851851851852
0.47118429385687144
0.44345177664974617
0.4619289340101523
0.446162998215348
0.4748876294703928
0.4748876294703928
0.35692861427714456
0.35692861427714456
0.4376088218224028
0.42276422764227645
0.46168768186226966
0.46168768186226966
0.40842787682333875
0.43503054989816703
0.4214005370791159
0.4143884892086331
0.3873738458234915
0.4150268336314848
0.5343007915567283
0.0
0.0
0.0
0.536917242917689
0.44416666666666665
0.5163669893960351
0.4540229885057471
0.45923460898502494
0.49988131972466177
0.4906817645671149
0.503235082674335
0.4196003805899144
0.3891992551210428
0.4458628841607565
0.4303086997193639
0.4050246536745715
0.3835838150289017
0.3623853211009174
0.3713355048859935
0.45211693548387094
0.44892268694550064
0.4222520107238606
0.42740841248303935
0.5110565110565111
0.5283964365256125
0.4653130287648054
0.4727061556329849
0.5291329802063005
0.5246636771300448
0.5561643835616439
0.5632630410654828
0.5301339285714286
0.5240627492688115
0.5712804561949196
0.5645491803278688
0.539568345323741
0.6146240515060933
0.5913978494623656
0.6814621409921671
0.5647761194029851
0.6609639056958064
0.501033640293178
0.5992914780555009
0.5211531261699738
0.6043956043956044
0.5013784230839919
0.5993842601500866
0.5456642953278216
0.469008644473055
0.4541309502097392
0.5527926549349655
0.5494296577946768
0.4741442097596504
0.5324384787472036
0.6410357002746175
0.611986767853668
0.5501497005988024
0.4491017964071856
0.5307017543859649
0.5705365853658536
0.5195393619029639
0.662824770462981
0.6555255023183926
0.5700764470331271
0.49397797660013765
0.6025394382454791
0.6137566137566137
0.5456306917264097
0.5559723593287266
0.5619636799042107
0.550999798020602
0.45257142857142857
0.38959601549529604
0.527736131934033
0.5336798787091185
0.5294117647058824
0.4972375690607735
0.5425277354796606
0.5814977973568282
0.4648581997533909
0.38176137473149774
0.4440425959413301
0.5375
0.46913327882256745
0.46093593090982127
0.4152182309772113
0.33516886930983847
0.3616622987645077
0.3771749298409729
0.4977786752827141
0.5066016656510258
0.47250347429025213
0.47250347429025213
0.4755134281200632
0.4424542682926829
0.4073512694202349
0.4879807692307692
0.5829404200600086
0.5043994270513608
0.5540425531914893
0.4666666666666667
0.45762067654884075
0.5068762278978389
0.6493962678375411
0.588707972087122
0.4335796854273261
0.4578916939680093
0.5636158192090396
0.4685666387259011
0.32526475037821484
0.5051727933083865
0.5301414581066376
0.4478995057660626
0.4246933440579127
0.48598130841121495
0.4698209153216891
0.47799021787461093
0.5170621468926554
0.43164853913414375
0.5126273814798405
0.5430508474576271
0.4933091403946473
0.4055084745762712
0.4232558139534884
0.48021108179419525
0.5414123801220575
0.4150647312671636
0.3779342723004695
0.43159806295399517
0.40948275862068967
0.4615235134084726
0.5694416035999181
0.4494902687673772
0.4511627906976744
0.4789650404898282
0.48367501898253606
0.39946284691136974
0.41162058102905147
0.4423757214671383
0.41659119724687554
0.36867721188944896
0.37904795611396214
0.41434262948207173
0.3944186046511628
0.4669881922501247
0.49728
0.39691833590138675
0.37089618456078083
0.4476690336523618
0.42123893805309737
0.28582866293034426
0.3514644351464435
0.44231612808890186
0.46418338108882523
0.3236627379873073
0.32578397212543553
0.41112135986295956
0.4401714953878134
0.3352204288123344
0.3526405451448041
0.4591439688715953
0.46683673469387754
0.3122177783511805
0.28717698683568993
0.3700051894135963
0.37558044250204864
0.3383984563434636
0.38249356381022437
0.4769972631304574
0.5056810761394802
0.3735184963486173
0.3494555583692074
0.4439353099730458
0.44220700765203386
0.31316464979831315
0.3526039178213091
0.4765082754938601
0.4129692832764505
0.29340357306459003
0.3739827668741024
0.33533904188845176
0.44329896907216493
0.3316809373591708
0.44005847953216376
0.4127954839468423
0.3805168076835125
0.3412574983337036
0.3503262191750525
0.4533396494552345
0.44263775971093045
0.4440944881889764
0.40247554402076263
0.403899721448468
0.3232545354590434
0.3378995433789954
0.3085476025017373
0.47655723500529507
0.43859649122807015
0.43783005280844933
0.3872173425527939
0.3325190010857763
0.31209642703400775
0.42955454291825534
0.43702202156085873
0.43702202156085873
0.3715289982425308
0.45141065830721006
0.4207899115509239
0.4112326643121716
0.4992421371731717
0.4028436018957346
0.36262087362454154
0.361468964363393
0.497347010965688
0.4364978365996437
0.44283001733674565
0.43723508314313664
0.5230072919285894
0.5096806222075129
0.4415270861626679
0.4515323496027242
0.5417161873068695
0.5285659064553537
0.4396462785556374
0.4461950059453032
0.3625394598386531
0.5193641393282943
0.42777777777777776
0.41335168616655193
0.5031808542865798
0.45769682726204464
0.531347366821187
0.4618745903430194
0.40114122681883024
0.3886720136276528
0.530589977398488
0.5103057236993334
0.3914783097009687
0.38989017178259644
0.3959812553251917
0.40863309352517985
0.5399874055415617
0.502113596187841
0.39911244721208217
0.38623846649023674
0.3625421987377073
0.35232892891415074
0.4324667089410273
0.35872990223802215
0.39378238341968913
0.40089902605510697
0.44771573604060916
0.4576561163387511
0.4406852248394004
0.42299794661190965
0.4579734929457033
0.442572741194487
0.4359591599568357
0.4297875857508885
0.3839142948512952
0.4440644846116268
0.3839590443686007
0.46257038754554486
0.45794392523364486
0.44729390825984955
0.46411251212415133
0.4672520744380891
0.44223826714801445
0.42701525054466233
0.3898673100120627
0.36765054997230356
0.35659291676797145
0.39231404958677685
0.4069369809477284
0.3848373136720628
0.3915547024952015
0.42552842864165163
0.4395544477332918
0.4038374376794078
0.42899747648543246
0.46584529008109793
0.4711384896189824
0.4908045977011494
0.4995091746583101
0.4761019846874303
0.5084694948283616
0.5294522117808848
0.5335837716003006
0.517087001940009
0.5133565621370499
0.5566340625699993
0.5280089153046063
0.5479039662828329
0.5277158453140617
0.5597290640394089
0.5476244601045692
0.5711099146219522
0.6033726557773744
0.6157128705326526
0.6556349907623102
0.6298568507157464
0.5797800210938677
0.5660335525829576
0.5963965278284339
0.6266173752310537
0.6145422036802504
0.5138686131386861
0.5145618037847269
0.40219322428475157
0.4864342334214088
0.3667191968715345
0.3479197369912708
0.47722407231208375
0.46680603423922257
0.5009161704076959
0.5072294776119403
0.5123306703716568
0.48112294288480156
0.49339819318971506
0.48125
0.46144229129965336
0.5185898889140784
0.48930921052631576
0.4834710743801653
0.5198890903273968
0.492998352553542
0.44981412639405205
0.41651240281377266
0.39468357846444474
0.43373493975903615
0.40978398983481573
0.4124426818688809
0.4456958304003975
0.45121411025651353
0.4383054187192118
0.44036156415798783
0.4308574997072714
0.47286939364043407
0.4753341157763223
0.4393978621888523
0.43695797198132086
0.4321808510638298
0.43208508752492797
0.4344626593806922
0.44146825396825395
0.4298267910962635
0.4298267910962635
0.42158727879679814
0.4238429574437598
0.4172735993178669
0.4172735993178669
0.4185823754789272
0.4142871763381435
0.4692401746724891
0.4247046911913601
0.4157143353364132
0.4091745029320934
0.41515202989638184
0.4859257161066459
0.4609730247187938
0.44685429906856317
0.5187165775401069
0.48743718592964824
0.5515290410370264
0.5475736384827294
0.5813134593689104
0.5854869767913247
0.582010582010582
0.5830506241559896
0.5605570499506282
0.5413145694275474
0.5556214382185328
0.5493242142973457
0.5197979732573574
0.5116807268007787
0.515543700191003
0.5215377952493587
0.5340303676078849
0.5199787248188286
0.48940847322142284
0.49586776859504134
0.49586776859504134
0.4988266845457593
0.4825330455894254
0.4854467738652554
0.44746289264756645
0.45279262286492716
0.45842911199915126
0.4639584824624195
0.4537653874004345
0.4566254964112654
0.4620120175470933
0.470493280276297
0.433330832145269
0.4260869565217391
0.42293268684419866
0.4239666577448094
0.4214902691659797
0.4140459332207167
0.4438510239451066
0.441781307615941
0.42644513672551054
0.4200913242009132
0.4079472382522671
0.4079043507140485
0.4096731154102735
0.4034128782828956
0.4226874170899796
0.422554480601974
0.40070052539404555
0.39476949508447073
0.0
0.0
0.0
0.0
0.0
0.0
0.0
0.0
0.0
0.0
0.0
0.0
0.0
0.0
0.0
0.0
0.0
0.0
0.3523809523809524
0.3536405315098298
0.3433717984801576
0.34505050505050505
0.32975247120333306
0.3331132659376934
0.3448358208955224
0.34411187242056335
0.3450520310177187
0.3468497576736672
0.3176823176823177
0.3208610106785504
0.3810127920498996
0.3786392321153948
0.4120999030067895
0.41802976263682207
0.4248685431487782
0.43733921352443955
0.41063986271144887
0.4074074074074074
0.4197302789580639
0.43498374593648415
0.41872408885588763
0.4239709291397782
0.40360723970486223
0.41130058539068465
0.4049970176950096
0.4141678406117931
0.3814573137574769
0.38463624652518813
0.42426807760141094
0.4272217091709881
0.4210752073205605
0.42990249187432283
0.47846186173565874
0.48176881303335917
0.4851217953270364
0.4812126387702818
0.43792325056433407
0.43792325056433407
0.43195808775376554
0.42920353982300885
0.437883147754285
0.43518806341311783
0.4410755505646017
0.4348096155040686
0.4348096155040686
0.43526442159699563
0.4291056212836388
0.4349430944324823
0.4439470248088043
0.4439470248088043
0.42658014900264357
0.4292104944988514
0.4353712585756785
0.4380841835176248
0.4345697147753703
0.4345697147753703
0.4345697147753703
0.42857142857142855
0.43478260869565216
0.43478260869565216
0.42857142857142855
0.43478260869565216
0.43478260869565216
0.43478260869565216
0.4374884466079241
0.4374884466079241
0.4374884466079241
0.4374884466079241
0.4402281746031746
0.4339156738070251
0.4339156738070251
0.4374884466079241
0.434130072262368
0.42857142857142855
0.43478260869565216
0.4366171344707393
0.4366171344707393
0.4339370365868482
0.4339370365868482
0.4312896405919662
0.43747370951264947
0.43478260869565216
0.4181335487966757
0.4184928763517766
0.41905190350334587
0.4192541390267016
0.3962665793351891
0.39399806389157793
0.3940298507462687
0.3986858838490886
0.3794251134644478
0.3794810259487026
0.38167406151852035
0.38167406151852035
0.38165373399891267
0.38165373399891267
0.37537957295030605
0.3774872632894357
0.38176033934252385
0.3774304231795654
0.38907135037364937
0.3846407227895158
0.38670170334569004
0.3843271499282972
0.3905440414507772
0.3902673943952667
0.39375436961081334
0.3956687424481829
0.399464054703382
0.3989376316512501
0.4251957559190103
0.4245763879322221
0.4251957559190103
0.4251957559190103
0.4274236743438672
0.42283051834595226
0.42283051834595226
0.42015915119363395
0.39488496099535897
0.3923858117058333
0.41714108270365385
0.41812666701532347
0.4681784930504755
0.470675483591867
0.5066921606118547
0.5083120204603581
0.41533459767000813
0.3968886257199763
0.3944027229996218
0.38937571436346813
0.4278490859587709
0.4133704735376045
0.43284418057578133
0.4431549295774648
0.4277295793092159
0.44304843775830716
0.4341569372793918
0.4498022847100176
0.461742999782939
0.4644210982345933
0.4651768279453244
0.4763727849485889
0.4661376236547451
0.4661376236547451
0.44013415315818893
0.44340578894019594
0.45477627941093496
0.4628447686346022
0.40883789617175964
0.41896571626457346
0.43166267033159833
0.42221961520412954
0.41171907631720267
0.41752390173060633
0.4212082024755219
0.41895816597664215
0.3854389721627409
0.3834527687296417
0.3841897233201581
0.3800796812749004
0.3803069563484154
0.3857922760665903
0.3677904708832544
0.37240511637659884
0.37076048030334946
0.3663095988237765
0.36934513274336284
0.3741825419391527
0.3702888778479665
0.3707098699637604
0.3771760154738878
0.3808869275844607
0.3808869275844607
0.38478403858802895
0.4091484869809993
0.41260378965296995
0.41260378965296995
0.41848019978594364
0.41611795018608644
0.42209427851745235
0.3380474452554745
0.3372609028309105
0.3364644287034185
0.34356975837879966
0.31091370558375636
0.30806438823249543
0.33942246330567966
0.3410965550703542
0.34713684891620833
0.34311749052495766
0.3088856330259416
0.3088856330259416
0.374715365698151
0.374715365698151
0.40314369920514426
0.4046412376633769
0.39827068995941417
0.3996458610004427
0.39509048557606163
0.4009923319801534
0.387846291331546
0.3922008068130883
0.0
0.0
0.0
0.0
0.0
0.0
0.0
0.0
0.0
0.0
0.0
0.0
0.0
0.0
0.0
0.0
0.0
0.0
0.0
0.0
0.0
0.0
0.0
0.0
0.0
0.0
0.0
0.0
0.0
0.0
0.0
0.0
0.0
0.0
0.0
0.0
0.0
0.0
0.0
0.0
0.0
0.0
0.0
0.0
0.0
0.0
0.0
0.0
0.0
0.0
0.0
0.0
0.4609012175222794
0.4509109311740891
0.4459613196814562
0.4354114713216958
0.3929797787104159
0.389413988657845
0.3772880089652596
0.3772880089652596
0.4113853404440035
0.41152160300563556
0.4170228815690219
0.4170228815690219
0.41282565130260523
0.4242733299337073
0.43010752688172044
0.43401147626499736
0.4438628631248364
0.4479070381618909
0.4199134199134199
0.4199134199134199
0.42032752794385236
0.4264456337292782
0.43231441048034935
0.43231441048034935
0.4362980769230769
0.4362980769230769
0.4532843737250102
0.46633416458852867
0.0
0.0
0.0
0.0
0.0
0.0
0.0
0.0
0.0
0.0
0.0
0.0
0.0
0.0
0.0
0.0
0.0
0.0
0.0
0.0
0.0
0.0
0.0
0.0
0.0
0.0
0.0
0.0
0.0
0.0
0.0
0.0
0.0
0.0
0.0
0.0
0.0
0.0
0.0
0.0
0.0
0.0
0.0
0.0
0.4628412034269775
0.46712246129097124
0.5330043183220234
0.5294117647058824
0.5489063144861742
0.5361334156886968
0.5500750589749088
0.5553150032474562
0.6117136659436009
0.5947754749568221
0.6994369857080988
0.6432160804020101
0.5581993569131832
0.5391304347826087
0.7315233785822021
0.7127545551982851
0.6097297297297297
0.6263736263736264
0.6920035149384886
0.6924798567591763
0.6858108108108109
0.6724683544303798
0.6184310738766184
0.6135031847133758
0.5650879566982409
0.5646277331857182
0.4884818207049681
0.4891922639362912
0.5005543237250555
0.5002836074872377
0.5345804988662132
0.5361151079136691
0.5313217448343719
0.5420054200542005
0.4954128440366973
0.4928806133625411
0.45553398058252426
0.46181102362204723
0.5851356665355879
0.611088295687885
0.5515568135867368
0.5762568652302492
0.6421821305841925
0.6309734513274337
0.8172248803827751
0.7942307692307692
0.7461240310077519
0.7339805825242719
0.6877470355731226
0.6942148760330579
0.6942148760330579
0.6136363636363636
0.7382716049382716
