1.0
0.926613192864839
0.902518656716418
0.8902951125626969
0.8902951125626969
0.9011976047904192
0.8895850573353824
0.890169247389269
0.8786729857819905
0.8785418005491616
0.8785418005491616
0.8149959250203749
0.7763805358119191
0.699372621618842
0.6936813186813187
0.6481184397488198
0.6137419158817657
0.6627871047481718
0.6159663061165885
0.5701049446913113
0.5375529306886562
0.6158088235294118
0.63189687719109
0.5673333010507966
0.5281998106487534
0.5043261159657354
0.45906638517475956
0.49987136609210187
0.43969223806291013
0.40866547481333476
0.4349188584219362
0.42888676329924214
0.3951781970649895
0.3951781970649895
0.3951781970649895
0.3326222821002208
0.3326222821002208
0.3326222821002208
0.3326222821002208
0.3200345671899755
0.3256512658923533
0.2768216770413768
0.2768216770413768
0.26380068392769906
0.2710843373493976
0.2679748132962366
0.2689396722756999
0.27173509540426166
0.25885847655421174
0.294764203490531
0.294764203490531
0.29073271110457855
0.28968951376684243
0.29073271110457855
0.29375510507165664
0.319534376136777
0.319534376136777
0.31838776323897205
0.3216639812509155
0.31838776323897205
0.3218907456410628
0.3265276830887366
0.3265276830887366
0.3602349358277137
0.3553266816865143
0.3770062606715993
0.3717310786037637
0.3815520762423417
0.37877308905241025
0.38552928596887254
0.3840994278950483
0.3398031817651406
0.3421320592151641
0.29881621427717325
0.2914512304163589
0.2919648333674095
0.2836146971201589
0.2956736711990111
0.2956736711990111
0.306928999144568
0.3054155357373659
0.29872318907757783
0.2964248379678026
0.289738600795195
0.3031241702805558
0.27080711846126193
0.28044864336575603
0.26182618261826185
0.26612452350698856
0.2592064883822885
0.2672014461642752
0.2816146701595618
0.2893320283826768
0.3129962943356273
0.32361795292829776
0.3230186521832345
0.3230186521832345
0.3287827889357444
0.3143172871054631
0.33502650176678445
0.33074635526220353
0.3185840707964602
0.30924709449216775
0.3489010989010989
0.3653800047950132
0.3496009821976673
0.3586554357238448
0.36614964236920355
0.3758765778401122
0.336649258061842
0.34759907557990244
0.3705821205821206
0.3786510886882634
0.347970173985087
0.333245173234594
0.32912364536223226
0.325457767277023
0.2693544397724462
0.26645461218497674
0.2819025522041763
0.2733847637415622
0.21512659248508306
0.22192646814174014
0.2760261748958953
0.28356905884407196
0.30395667743907767
0.32118135671435166
0.3026967528893781
0.3026967528893781
0.3148554527239767
0.31309297912713474
0.3116759935502229
0.3064155165982842
0.32438302073050346
0.3339770301859945
0.31856952009043266
0.31856952009043266
0.3301384451544196
0.3321191343475466
0.27031973301754764
0.2769688947716744
0.27364864864864863
0.26869983948635634
0.2639545884578997
0.27031973301754764
0.27364864864864863
0.2856330337845524
0.2769688947716744
0.28037070120589547
0.27875586854460094
0.2635667517478637
0.271832436763191
0.2668239523649028
0.2603881153382305
0.2511367241196997
0.2405638926784902
0.2405638926784902
0.24828263002944062
0.23584246096481007
0.2640662754573697
0.2658095899930507
0.22736052721281672
0.22317644434530448
0.21914357682619648
0.2391699647021072
0.23204649232046493
0.23347603633705755
0.27267028834099455
0.27267028834099455
0.2730466255056419
0.25428769703578863
0.23109327983951855
0.22977959509324822
0.20716987930102684
0.20716987930102684
0.21427240544065587
0.2083144642695408
0.21300240785330618
0.2154566744730679
0.20306376914855717
0.19655172413793104
0.1863471815204275
0.1863471815204275
0.16561792096652403
0.16561792096652403
0.17067348678601876
0.16793893129770993
0.16883116883116883
0.1627113133940182
0.16198479391756704
0.1611593279719723
0.18919984233346474
0.18535681186283595
0.18630647414997673
0.19218449711723254
0.18633540372670807
0.18256503879507074
0.16062057951174993
0.16311399443929564
0.16143086448062371
0.16062057951174993
0.19265331861895002
0.19265331861895002
0.20847905826153715
0.20847905826153715
0.19990641085634067
0.19990641085634067
0.20681642137877615
0.21036044908410478
0.21036044908410478
0.21409241254886238
0.22327229769639692
0.2688214426487978
0.2850574712643678
0.28977914740626604
0.2780680137999014
0.2862796833773087
0.30658499234303216
0.3083795440542206
0.3231162196679438
0.3372583870251055
0.33020289855072466
0.33020289855072466
0.3052695336159903
0.3052695336159903
0.2975557917109458
0.3133159268929504
0.30335861321776814
0.30147146787893286
0.35513790578472054
0.35513790578472054
0.3743621655258245
0.3743621655258245
0.37675350701402804
0.3533004463237021
0.3781117356888838
0.3665480427046263
0.4082917299761233
0.4082917299761233
0.4082917299761233
0.4082917299761233
0.4105263157894737
0.4080906148867314
0.4038399309675332
0.4038399309675332
0.3772234273318872
0.3772234273318872
0.38760021378941745
0.3833258828788556
0.38819945848375453
0.38819945848375453
0.3675316837658419
0.37236951610985614
0.3114269471290506
0.32129032258064516
0.25442834138486314
0.25604815372149553
0.2406582104902297
0.24985170245580735
0.22199383350462487
0.22060826146164322
0.2616998703288931
0.25679583574320414
0.3141409488714878
0.31028207461328483
0.3051948051948052
0.29394683940138483
0.29394683940138483
0.30148911798396333
0.2976365486825738
0.29215229215229216
0.28512620517820386
0.28862813905033446
0.2976365486825738
0.2976365486825738
0.30966063103111785
0.3232597623089983
0.33260153677277715
0.3451025056947608
0.350067084078712
0.36125533633321794
0.3180706823738609
0.3322884012539185
0.3302561735518117
0.328060522696011
0.32404891304347827
0.32604237867395763
0.3302195235871088
0.3180386864597391
0.3620649380985751
0.35763728657129673
0.34114643768855885
0.33473756119776843
0.3897732754462132
0.37524672007430626
0.38791946308724834
0.39521367521367523
0.38791946308724834
0.39521367521367523
0.3927964661909616
0.39521367521367523
0.39521367521367523
0.4052822250788828
0.4103656372026979
0.38185297759765846
0.39649327878433666
0.4014676293052432
0.3779171020550331
0.3926891060441549
0.402796683578765
0.40540540540540543
0.419853942319594
0.419853942319594
0.419853942319594
0.419853942319594
0.43666323377960864
0.4484992727753537
0.4351176551534333
0.4410656995396848
0.47211566833874297
0.47875523638539796
0.431264023934181
0.4588815789473684
0.3877949797084022
0.3850746268656716
0.303347280334728
0.29505813953488375
0.31334652259929996
0.30445068756469024
0.34220474822319674
0.31873239436619716
0.3323317307692308
0.32515066882257826
0.346412054304043
0.36207703103071887
0.3675740712889156
0.3757109915449654
0.384216318188964
0.4237809567758806
0.415065334358186
0.415065334358186
0.38187604182451884
0.3845566915916374
0.42809682012339817
0.4095656122294536
0.3384762207730237
0.3215472952553642
0.29536131271694543
0.2888443141490511
0.28186464302307573
0.29384328358208955
0.3227665706051873
0.3227665706051873
0.3543647363872083
0.33505570805748425
0.37124230351321985
0.37198330611504266
0.3634053367217281
0.35878962536023057
0.38425492033739456
0.41225225225225226
0.43166054671562626
0.41711019120835796
0.4425668879501106
0.4167455957567721
0.4100486223662885
0.39141694413614503
0.39463917525773196
0.34850691915513476
0.36308805790108567
0.3370746481382505
0.33225128890586214
0.31216361679224974
0.38422291993720564
0.35152603231597845
0.3490798709922216
0.3176247194890385
0.3259626382005337
0.2820851204223029
0.3613399231191653
0.3136818687430478
0.3522012578616352
0.3387096774193548
0.4266980497646268
0.3864190012180268
0.357492819733063
0.3532483489479343
0.3593073593073593
0.36054004295796255
0.36813922356091033
0.37599874667084443
0.368496192893401
0.37579997023366574
0.38985148514851486
0.4219626876990748
0.45303580695381424
0.4252456538170824
0.3319232020826554
0.32707283554741184
0.051262721447418017
0.062021160160525356
0.48635235732009924
0.5218800648298217
0.3976539589442815
0.44513224535734386
0.4491288449128845
0.4758974358974359
0.3688853247794707
0.3968558282208589
0.3436697610112581
0.4052795031055901
0.32214462716828113
0.3824424163407214
0.38182960016746914
0.42758908105855387
0.41334488734835356
0.4440720569752828
0.3352137123020178
0.37184115523465705
0.35323271006983553
0.3628839032890438
0.31706768608050373
0.40961986035686576
0.4016393442622951
0.4218057234985893
0.4258429615656685
0.43140676117775356
0.5211944038421382
0.5395503746877602
0.4332909783989835
0.46616541353383456
0.4559199813910212
0.3472081218274112
0.41841930484835066
0.45
0.3977220956719818
0.3995230869282463
0.3458984793317627
0.3761200250052094
0.35473870682019487
0.3852813852813853
0.4164672091910005
0.4147559591373439
0.27894963409384416
0.28940731399747793
0.2852388875683385
0.27100271002710025
0.23970699671634252
0.28613424791768743
0.25470737913486
0.23897140323653293
0.252465483234714
0.28599801390268126
0.32185781218170706
0.33253156945279616
0.3422335240517059
0.2435155812651614
0.2633863965267728
0.2928137289953522
0.37138879220327187
0.35877605917955613
0.35865369769955224
0.35645235537824155
0.3451708766716196
0.33642288196958725
0.3777516877017904
0.38258026159334124
0.41409759876065066
0.38015064244572444
0.4224965706447188
0.4370860927152318
0.4081041968162084
0.39434431323803604
0.42953472690492245
0.42032332563510394
0.4271203656678517
0.4271203656678517
0.39798994974874374
0.38976377952755903
0.36065573770491804
0.36065573770491804
0.4892638036809816
0.4892638036809816
0.35884728340675476
0.3541629364368845
0.3291729073057081
0.31670572480749914
0.4600570613409415
0.47037374658158615
0.3055183946488294
0.31970260223048325
0.3223928004235045
0.3023983315954119
0.3281873373807459
0.3116883116883117
0.4802055576703464
0.46963562753036436
0.3311234545780326
0.31917098445595854
0.3540139460039335
0.33774124374553255
0.3500178762960315
0.33593892019632793
0.4555953803265631
0.4560504532912889
0.38408109630185844
0.39633129516397997
0.4340475722429723
0.44617156016119747
0.4687863512989531
0.43942543942543943
0.46517891496729513
0.45357003511509947
0.3464373464373464
0.3542713567839196
0.3464373464373464
0.3464373464373464
0.33180374161666076
0.37129678907220154
0.4482758620689655
0.4304315476190476
0.40639941154836334
0.39359140581589186
0.3797773654916512
0.3770491803278688
0.4215456674473068
0.412407472682411
0.35232358003442343
0.3544658493870403
0.48471035137701807
0.5069299411429656
0.310388899032317
0.33428673578834467
0.4592094196804037
0.3229440480660909
0.36495806150978566
0.37331276513690703
0.38677622778520926
0.37819886696620436
0.3882497945768283
0.3788334335538184
0.38596491228070173
0.4081468037910869
0.33204633204633205
0.3519095869056898
0.35658914728682173
0.3444360333080999
0.3738562091503268
0.3736986301369863
0.3851199723804592
0.3906412478336222
0.40554156171284633
0.41753949937866147
0.47307835128109915
0.45517241379310347
0.3931847968545216
0.3904343582235237
0.34994337485843713
0.35022890778286464
0.3323588244345284
0.31710709318497915
0.3582652419861722
0.377040902205016
0.40013797861331496
0.3972602739726027
0.3666552550496405
0.3924433249370277
0.49279682066567315
0.4590984974958264
0.5419376354844089
0.43735763097949887
0.44833767926988266
0.4465161923454367
0.525987525987526
0.5244299674267101
0.4292267365661861
0.43856712420488786
0.4404646660212972
0.44235407621804146
0.4974293059125964
0.5153733528550513
0.48324623424531205
0.5059797608095676
0.45124644998422214
0.4174757281553398
0.42123129146736615
0.43797856049004597
0.5305466237942122
0.5280554659787166
0.4940154123626824
0.454519368723099
0.43491492599253007
0.4255016365447559
0.43044767688179636
0.44806661021732996
0.4516832917705736
0.4389840697324917
0.4946608040201005
0.4861005620537749
0.4968888888888889
0.4308116741687237
0.5466959660963742
0.5595854922279793
0.5431284196974574
0.5739385065885798
0.42145707108024233
0.43859649122807015
0.44565217391304346
0.44565217391304346
0.4509090909090909
0.4509090909090909
0.40544098288723124
0.4096638655462185
0.3779665983006153
0.3710094909404659
0.37398812736103615
0.376043068640646
0.38158066623122144
0.3513753327417924
0.4044901542706635
0.4044901542706635
0.35367275553828215
0.37244766089428794
0.36325514349364435
0.4055299539170507
0.43016463090812534
0.3961439588688946
0.33196026169130116
0.33629594042757627
0.3945735490935637
0.3945735490935637
0.423728813559322
0.423728813559322
0.4665841584158416
0.48379970544919
0.5042881646655232
0.46942637492607925
0.43343297309726375
0.46375496313102665
0.34031202818319073
0.34031202818319073
0.35878787878787877
0.35878787878787877
0.35058823529411764
0.35369624285580437
0.3658218412225121
0.37070641607258586
0.4039955604883463
0.3824013157894737
0.35192058696590417
0.3502063505432494
0.38804609135372625
0.38339665346374585
0.3859136101595789
0.3672362799868551
0.362227562774509
0.3587369813192263
0.3804670912951168
0.37142857142857144
0.3168139149641082
0.31539950604098527
0.375366568914956
0.4036804250631763
0.3660822441823398
0.3564154786150713
0.37540923972353585
0.37540923972353585
0.39065533980582523
0.4082815235105933
0.43360399750156153
0.43360399750156153
0.4509468617391855
0.43015240624802376
0.4736060918946825
0.46868915269141387
0.41653398652786283
0.44696876157550314
0.4292209760533495
0.4281496062992126
0.48095359836379903
0.4534824927316395
0.4962930105823459
0.5143019511271074
0.4964432119604533
0.4964432119604533
0.4660266799650916
0.46797385620915033
0.4609628336243452
0.44761137616952723
0.429769392033543
0.4285450857458971
0.4554980431763666
0.4514667002392043
0.4536403235843186
0.4463130659767141
0.4177825388323514
0.41617263457434195
0.41631394364493896
0.3959711544192145
0.4325764456554647
0.42611060743427015
0.4418660574726464
0.41597796143250687
0.4405545112781955
0.43232551568239613
0.4166860871591704
0.40244731475186946
0.439159839445758
0.439159839445758
0.43780433820274456
0.4018269526839782
0.45678233438485805
0.4479519167634729
0.47283702213279677
0.4351174065975853
0.46281297727588283
0.4470518814397894
0.41040244566355377
0.40525861004814223
0.385006045949214
0.38806210280749737
0.36895077377123614
0.3824200913242009
0.3444866639613384
0.36096749701724573
0.3774551665243382
0.40120268836222145
0.3876421455167556
0.39057730590577305
0.4038866072322949
0.42153947803105385
0.42177248245470866
0.43523928313529836
0.3926749100015652
0.40378012187954343
0.40166285234218835
0.4407906244533846
0.38902439024390245
0.43490958104009886
0.37636836164124643
0.4564524249035073
0.514286506110911
0.5126831107281344
0.46964102564102567
0.497709049255441
0.43016843046653747
0.4473409801876955
0.36571145019228385
0.37732097139022147
0.33397583564477457
0.3282506237870807
0.2070165265294288
0.2177691936262675
0.16861964772643526
0.17647058823529413
0.1440991983725267
0.15538568450312717
0.12833981399367853
0.15045214276353153
0.1375141026459757
0.14050367692370896
0.14511323583821784
0.16088505531595726
0.12653866858065674
0.13736431326814388
0.15022819914294672
0.17009077878643097
0.14406238016106354
0.15851392213682752
0.16939393463970254
0.1812304741872622
0.15736883459594087
0.17043523345911224
0.1853852056698568
0.2019754573083319
0.19176698375284115
0.20506758636034933
0.21557256196026117
0.23678481719229696
0.17897761767920023
0.18241183563425506
0.18364614744722887
0.18950811261463477
0.1737676680682912
0.18348801237432327
0.1676985195154778
0.18368222144790802
0.15986705656537029
0.16641383898868928
0.163801742079704
0.1685905657688471
0.15274565121471834
0.1608189855746859
0.13511324676727046
0.14127999348189188
0.15440099788491785
0.16065696554675798
0.12856840769718755
0.13671875
0.12942708333333333
0.13206314096119043
0.13062830195816363
0.1328510679896378
0.12252406632730205
0.18182907826920772
0.1790576688927425
0.18310380660033682
0.1808971441157037
0.18967578337257743
0.19153756731750135
0.195960097980049
0.19323106890674457
0.1992804029743344
0.18833396873808617
0.19428497634393455
0.21159912062703115
0.2197670129344709
0.23397989729611332
0.2333569838279549
0.2085776511978556
0.22014862959688403
0.18752700561716837
0.19361020096757786
0.18405113595556727
0.19341524284891534
0.18732782369146006
0.1945026530887345
0.18515381078006632
0.19021139926178035
0.17662412993039442
0.1794369380199067
0.1828091428848885
0.18364162059496014
0.18078481763368587
0.17740041107957327
0.17215664971109684
0.1792070397468855
0.16826753834548655
0.17464838211861536
0.14406971765357782
0.14406971765357782
0.14852970594118825
0.1543507813571794
0.15696022727272727
0.15858648168897058
0.15821624923640806
0.1638418079096045
0.16139033733488783
0.1670146405195271
0.1560904449307075
0.16228374591912803
0.17416187550865034
0.17687320815145802
0.0
0.0
0.0
0.0
0.13510490238160275
0.1391634003726788
0.14415767962413578
0.1449650270616453
0.14451612903225808
0.154181162866368
0.1524122525483349
0.15569737044441026
0.10584898877601288
0.10955789256091573
0.08556492907469551
0.08750668562557888
0.08690194069045026
0.08159480760315253
0.08325196567141169
0.0860689332136305
0.08943308562114154
0.0864013350864772
0.08247501335164416
0.08405664687071722
0.0774573964880451
0.07956600361663653
0.07648243571970391
0.07670221493027071
0.08007736943907157
0.07970780270217855
0.07040915891498081
0.06953867028493894
0.07300603238710175
0.07386104857704269
0.07579380383082658
0.08064003660256981
0.08244169921502272
0.08204081632653061
0.08797093134442532
0.08797093134442532
0.09175147713370989
0.09498210201206983
0.08856468078622581
0.08856468078622581
0.0913458458779066
0.0909861542808703
0.0906444272111265
0.0913458458779066
0.093156185263804
0.0913458458779066
0.0927635593990625
0.09422201827845972
0.08282409979293975
0.08347722996829979
0.08688514238807855
0.08515250433540753
0.08636184519950679
0.08970397687630818
0.09136128311846513
0.08916478555304741
0.08636184519950679
0.08636184519950679
0.08636184519950679
0.08848386111393952
0.08848386111393952
0.08964712152165362
0.08636184519950679
0.08636184519950679
0.08636184519950679
0.08820065649352277
0.08852786803299176
0.08515250433540753
0.08232411885789334
0.08232411885789334
0.08353304508956146
0.08327691266079891
0.08077010997942648
0.0840321141837645
0.08099504240380502
0.08099504240380502
0.08099504240380502
0.08307296915944366
0.08099504240380502
0.08099504240380502
0.08333437888159793
0.08333437888159793
0.08333437888159793
0.08333437888159793
0.07905306490159032
0.0777359437751004
0.07524922954071893
0.07524922954071893
0.08246986677944597
0.08246986677944597
0.08246986677944597
0.08048941551726287
0.07409959285937989
0.07767829577029947
0.07620280904472557
0.07620280904472557
0.07578483568937029
0.07578483568937029
0.08103628215360059
0.08013015079037467
0.07483308153418783
0.07483308153418783
0.07092286212051944
0.07092286212051944
0.07261266626960493
0.06665831349454955
0.06982671993333497
0.06445936903670293
0.07236180904522613
0.07556300018611577
0.06956033676333022
0.07170674414291896
0.0771593876401618
0.07935400385669339
0.07935400385669339
0.07775828311338266
0.07290589451913133
0.07290589451913133
0.07641586587609896
0.07581904858504919
0.055250553380938684
0.055399239543726234
0.0647699296972158
0.06725284579171545
0.10614895816054408
0.10794276758177865
0.10513147817207046
0.10233130722474418
0.0919229469415343
0.08391858112129508
0.08131909312347761
0.07605043146321137
0.07702918641336265
0.07770628676926468
0.07468879668049792
0.07468879668049792
0.08399129358542103
0.08350586611456176
0.08603351955307263
0.08317112015572466
0.08626682113893593
0.08152546243434575
0.08125702149925361
0.07919697946403904
0.07578795663888716
0.07578795663888716
0.08611230968378228
0.0915436899148858
0.09115662723504675
0.08985982702057858
0.09462896356604313
0.09873060648801128
0.09873060648801128
0.09873060648801128
0.0996199330718796
0.0959690275563653
0.09817989577826448
0.09817989577826448
0.10080963977355388
0.10250591629656045
0.09429305394650682
0.08685263103215417
0.07904281041103683
0.07401977436484239
0.07890454009764858
0.07359596993191389
0.06397360911537917
0.06175663311985361
0.06658539063293711
0.06803413125168684
0.06304630835038125
0.05866960187742726
0.08800646231027592
0.08271281096632256
0.08349210381472544
0.07866476905162376
0.07445027346802098
0.07492204899777283
0.06557377049180328
0.06480301842414739
0.05883642742289139
0.05726341169379144
0.05640843462153315
0.05560697401005578
0.07090464547677261
0.07570003544483266
0.07816233716179757
0.07784431137724551
0.06854786081599624
0.06388530163666553
0.05683274289590714
0.0
0.0
0.0
0.0
0.0
0.0
0.0
0.0
0.0
0.05097523337296668
0.05172369535641862
0.05265782387553605
0.05265782387553605
0.05023941068139963
0.054406347407197506
0.06327475481654801
0.06086693852892312
0.05982648057336854
0.06001816438770877
0.06047433844276672
0.060670202999081914
0.05856665810428975
0.059427618203617784
0.05988967691095351
0.06277463904582549
0.04912309191295875
0.04928583066311845
0.04658670303064036
0.04658670303064036
0.0510266883007889
0.04947983468718826
0.04947983468718826
0.049615107048352175
0.049231687304192154
0.049231687304192154
0.05268672354437958
0.05323311050183297
0.03743998055065945
0.03661954287849536
0.03661954287849536
0.037312980798352414
0.038926174496644296
0.03669995863128657
0.035755275006621345
0.03301928326142467
0.032228727334735405
0.03198781416603199
0.03234710601224877
0.03186336986999745
0.02685944668427638
0.024606548607787382
0.025118615685180017
0.028769441534370215
0.03337711504288032
0.03326915671929149
0.04745382181855291
0.04745382181855291
0.0
0.05535455861070912
0.0
0.0
0.05793684632941235
0.05557455990316554
0.061862112059987505
0.06172270842929525
0.05015045135406219
0.05107519840750151
0.052509230138110215
0.052509230138110215
0.052377115229653506
0.05255196515661268
0.05249576647044593
0.052318572691473116
0.05414115372220432
0.054377021323247274
0.05473984319315752
0.05478966789667897
0.0549293356983464
0.05419098693372048
0.05702587230002373
0.05275186855272098
0.05275186855272098
0.0
0.0
0.0
0.0
0.0
0.0
0.0
0.05583806959816532
0.05145177249309086
0.055057490418263626
0.05412666688509551
0.06133350920002638
0.06133350920002638
0.05684125050751117
0.05684125050751117
0.05784340287185045
0.06628536410989684
0.0662347265748794
0.07186858316221766
0.058381012926467475
0.06172444444444444
0.05832236360977037
0.05832236360977037
0.06811409110259685
0.06811409110259685
0.06785891001625786
0.056195204394211475
0.056195204394211475
0.056195204394211475
0.056195204394211475
0.0552039016291377
0.0679702383091909
0.07035860190649115
0.0712241054613936
0.07299556532318198
0.06569634931424687
0.06404260846973239
0.05241465818475047
0.05416666666666667
0.04988733663812528
0.05439442658092176
0.04984766418415708
0.048227298779988534
0.05098684210526316
0.049308278464156245
0.0469875743969928
0.0
0.0
0.0
0.0
0.0
0.02741522140771202
0.02741522140771202
0.03134614268299762
0.03005394297456974
0.030461100728053782
0.030700891225505355
0.02990207507577524
0.028959039916514478
0.03517649962972106
0.03533231474407945
0.04199524940617577
0.04136517897163348
0.038495531768633996
0.03789392279435458
0.03834968521300054
0.03834968521300054
0.028196277059070234
0.028196277059070234
0.0
0.0
0.0
0.0
0.0
0.0
0.0
0.0
0.0
0.0
0.0
0.0
0.0
0.0
0.0
0.0
0.0
0.0
0.0
0.0
0.0
0.0
0.0
0.0
0.0
0.0
0.0
0.0
0.0
0.0
0.0
0.0
0.0
0.0
0.0
