1.0
1.0
1.0
1.0
0.9855985598559855
1.0
1.0
0.9676813228109733
0.9645926876202694
0.9730626835184476
0.9676813228109733
0.9428950863213812
0.9122446357445715
0.9049180327868852
0.9084484420173466
0.9260514251544748
0.9084484420173466
0.8263772954924875
0.8263772954924875
0.7742681047765794
0.7495338719701679
0.739514348785872
0.7281088807407867
0.7183763566129131
0.7150442477876107
0.7247309167388346
0.7201030295596713
0.7483630761330081
0.7483630761330081
0.7483630761330081
0.7483630761330081
0.7705968754172787
0.7100766850531414
0.6774483378256964
0.6774483378256964
0.5700724777115003
0.5700724777115003
0.5700724777115003
0.5518782986650108
0.5445077498008944
0.5518782986650108
0.46892445106066244
0.46892445106066244
0.44620197131558753
0.44620197131558753
0.4318838869549826
0.4318838869549826
0.43385490753911804
0.4133024673931455
0.4483985765124555
0.45422293430991073
0.45263157894736844
0.4669223959870168
0.4669223959870168
0.47314914483913406
0.5208728652751423
0.5351529182405264
0.5449131513647643
0.5351529182405264
0.5376423062798384
0.5509368407991065
0.5831464274271067
0.5645511508158074
0.6084134468189333
0.6166449450754049
0.6137879911045219
0.6166449450754049
0.5956429330499469
0.5983630864124311
0.5744040594760443
0.5308938212357528
0.4781870928895944
0.4564024868084217
0.40826662310080053
0.4100530547503145
0.42238523426407953
0.4563466700754186
0.4739449177729344
0.4970561751056314
0.4970561751056314
0.515601134627973
0.5081356175184575
0.5106980765074562
0.49089866704887486
0.49089866704887486
0.43153824119163564
0.43153824119163564
0.37458863929031333
0.3819946012986066
0.3448275862068966
0.3431016973741477
0.3284038047628966
0.326792869973746
0.33814698312839575
0.33814698312839575
0.33456698741672836
0.35186050132336916
0.3713870498950428
0.38722028418276183
0.3851231276973851
0.38595006347862887
0.36459574468085104
0.3569702524789601
0.38329979879275655
0.38726071489073355
0.3946297098310957
0.416796267496112
0.43357441948991243
0.45646728784690915
0.42377126160909945
0.4212218649517685
0.44747655673796227
0.4506199230440359
0.4089581304771178
0.4089581304771178
0.4301327088212334
0.4172436174816097
0.3528839922229423
0.3507246376811594
0.3676645412298714
0.3676645412298714
0.2879033128304737
0.2879033128304737
0.3505666486778197
0.36363636363636365
0.389828609835331
0.3873984192363353
0.3628367234744365
0.38345340460144084
0.3983101991550996
0.41405269761606023
0.43168681029952705
0.4287578288100209
0.4287578288100209
0.4287578288100209
0.43235704323570434
0.43847241867043846
0.4475887958417557
0.4572945862221567
0.36980854197349045
0.4033087054288468
0.383183274835953
0.386010760953113
0.3914873713751169
0.386010760953113
0.4033087054288468
0.3943772577351971
0.40028694404591103
0.40028694404591103
0.378606727243743
0.378606727243743
0.38146482492772243
0.378606727243743
0.38146482492772243
0.36510376633358954
0.3370500159286397
0.3370500159286397
0.3221903852276345
0.3221903852276345
0.3681424446583253
0.36538767712147746
0.3184784338691708
0.3208787684413085
0.304891055919549
0.3358870362024936
0.3408017070568511
0.32892027066784346
0.40104486785494775
0.40104486785494775
0.40003119151590766
0.39154327583575027
0.34651827342457514
0.3253777715012004
0.31186440677966104
0.31186440677966104
0.29955717634800727
0.29955717634800727
0.28796794791536245
0.28796794791536245
0.2745003611846858
0.28532098610937306
0.26193360794766174
0.26023110255175735
0.2375451263537906
0.2375451263537906
0.2319008455924939
0.24243158149673044
0.2319008455924939
0.2319008455924939
0.2344763670064875
0.2344763670064875
0.2782608695652174
0.2782608695652174
0.2782608695652174
0.2782608695652174
0.2782608695652174
0.28901734104046245
0.25424340917298666
0.25424340917298666
0.25424340917298666
0.25424340917298666
0.3058823529411765
0.3058823529411765
0.3058823529411765
0.30792490865566335
0.2778355879292404
0.2778355879292404
0.2778355879292404
0.2778355879292404
0.2833642876094455
0.2778355879292404
0.2948517940717629
0.2948517940717629
0.30694275274056027
0.3197969543147208
0.3197969543147208
0.3197969543147208
0.34978843441466856
0.34978843441466856
0.3312649837822592
0.3381315675831294
0.30057803468208094
0.30057803468208094
0.2854122621564482
0.2854122621564482
0.2976190476190476
0.2976190476190476
0.2954910258281045
0.31502800248911017
0.33150434385002286
0.29598051157125455
0.40662842574888464
0.41563517915309445
0.47368421052631576
0.47368421052631576
0.4771168872588104
0.480719794344473
0.5169937769267592
0.5169937769267592
0.49488315258897203
0.4985382366517926
0.49488315258897203
0.5087076076993584
0.4874121779859485
0.5124653739612188
0.5130550228647293
0.5130550228647293
0.5386215092097445
0.5310054184226369
0.5358250849460777
0.5441946412072682
0.4995215311004785
0.4995215311004785
0.436354946630556
0.43964686998394864
0.3545439974354865
0.3518930957683742
0.32757816145590296
0.3230061349693252
0.28542064307737486
0.28542064307737486
0.23958333333333334
0.23958333333333334
0.2944992947813822
0.26670347874102707
0.2892349356804333
0.2892349356804333
0.2778355879292404
0.2833642876094455
0.28738621586475943
0.28738621586475943
0.29310344827586204
0.28738621586475943
0.3058823529411765
0.3058823529411765
0.3121513461072035
0.29857325136295093
0.319600789137751
0.319600789137751
0.2876620473848905
0.2876620473848905
0.3201342281879195
0.3201342281879195
0.3067524115755627
0.308637981235846
0.3181413961760783
0.3201342281879195
0.3281884646628757
0.3281884646628757
0.3598374927452118
0.3598374927452118
0.35434494395564664
0.35666626228314935
0.35434494395564664
0.32835461334618166
0.32835461334618166
0.33050436469447136
0.33050436469447136
0.32835461334618166
0.32835461334618166
0.32835461334618166
0.3819628647214854
0.3819628647214854
0.3819628647214854
0.39183673469387753
0.39704223586915655
0.39152371342078707
0.4506454557308645
0.4327108821635544
0.3750488344836567
0.3750488344836567
0.3750488344836567
0.3750488344836567
0.4065364687126345
0.39859320046893315
0.4149715215622457
0.4149715215622457
0.4323866044934294
0.44136737343141497
0.3842190490210511
0.3842190490210511
0.36937334510150044
0.36937334510150044
0.3350970017636684
0.321353065539112
0.28386050283860503
0.2896152254861398
0.28995916068159416
0.28995916068159416
0.325471019703725
0.3188671269550514
0.2992829116493032
0.2992829116493032
0.3275959367945824
0.3416213035162572
0.35994108983799705
0.3729589500991912
0.3729589500991912
0.4206749122003359
0.430416068866571
0.415065334358186
0.3872752420470263
0.38443935926773454
0.4126258005489479
0.41566820276497696
0.338368580060423
0.338368580060423
0.30623261900867005
0.2973788721207307
0.32495597886985755
0.32252939307276773
0.33493935869745806
0.33493935869745806
0.3709735794426348
0.35056597398209155
0.3568941504178273
0.35411988253584387
0.3617539585870889
0.3633710324699015
0.3712345464043183
0.41422594142259417
0.36602663898979415
0.3688981868898187
0.3668500917125229
0.38401117123407225
0.3524317121918721
0.3524317121918721
0.31605019815059443
0.3184692179700499
0.31475628015305274
0.31475628015305274
0.28292682926829266
0.2788908478922904
0.2983846388296251
0.2879835269892631
0.2951555983317292
0.28251189927836634
0.26259213759213756
0.2606707317073171
0.3032258064516129
0.3032258064516129
0.2967760930369498
0.3075045759609518
0.37384003535130356
0.37384003535130356
0.337710009882818
0.337710009882818
0.3105929763960852
0.35847457627118645
0.33907500339075003
0.3414367659109533
0.37001356852103123
0.3855506857062067
0.42429956896551724
0.4214887258897039
0.40282392026578073
0.4113655640373198
0.36375643904371946
0.3823805060918463
0.3748523428271427
0.37231130230739146
0.4348911385383442
0.42620277249252514
0.4388349514563107
0.4300666032350143
0.3783636857841805
0.38100451621732584
0.3907311769502582
0.3907311769502582
0.4258327668252889
0.4345172031076582
0.3135604723768155
0.3135604723768155
0.4028268551236749
0.4028268551236749
0.40304182509505704
0.40304182509505704
0.3353683353683354
0.34219269102990035
0.3253562041776179
0.33225031784150305
0.2801408832294771
0.39344262295081966
0.3855932203389831
0.3855932203389831
0.0
0.0
0.3702127659574468
0.3727905731119443
0.34609250398724084
0.3390625
0.3013771894638321
0.2816223372246961
0.29271953965474107
0.2816223372246961
0.23609179415855355
0.23609179415855355
0.25324524802967086
0.25324524802967086
0.2370859393097058
0.2370859393097058
0.23170449282075034
0.23170449282075034
0.22389135921163322
0.22389135921163322
0.18909833113218874
0.1965310706264038
0.22796060533269277
0.2369242291848708
0.20345904395868364
0.20345904395868364
0.26670085908449803
0.25987006496751625
0.2978031977122059
0.28630342414396404
0.2616383976903645
0.28263746841535314
0.330287859824781
0.3177603853100542
0.41609891496341156
0.4133350043865146
0.41749913882190837
0.41749913882190837
0.41749913882190837
0.41749913882190837
0.43698455105122547
0.43698455105122547
0.43698455105122547
0.43698455105122547
0.44191096634093374
0.4254355400696864
0.40795660036166365
0.39275766016713093
0.3947939262472885
0.3947939262472885
0.4140262993112085
0.4140262993112085
0.42991356632844796
0.39819004524886875
0.39228915662650604
0.39228915662650604
0.39228915662650604
0.39228915662650604
0.35438128711671313
0.3520770620108368
0.4096146698054764
0.3945820053934788
0.4088444390890469
0.4361743154647127
0.3796284752524623
0.37713648749071094
0.35244055068836044
0.35244055068836044
0.35244055068836044
0.35244055068836044
0.3593211688145974
0.35244055068836044
0.3102883767787432
0.3102883767787432
0.31084970591915906
0.31903416388389416
0.3363567649281935
0.34292319547906497
0.3406481245215616
0.3341258916280816
0.3512176064591744
0.33763144717075616
0.3398865784499055
0.33763144717075616
0.33763144717075616
0.3465244764229731
0.33763144717075616
0.33763144717075616
0.3517170943444402
0.3517170943444402
0.33406087061961925
0.3449787127473078
0.3517170943444402
0.36648676432793625
0.37145089867152903
0.35708025541504945
0.36509176103084734
0.36509176103084734
0.3591980210910038
0.3616463494560231
0.4112388250319285
0.4033571339095578
0.385730492877852
0.39859320046893315
0.38317054845980464
0.39065492148602066
0.31402669352807855
0.3180311145116042
0.3020833333333333
0.3040859088528025
0.3153153153153153
0.3153153153153153
0.33537299830751205
0.33537299830751205
0.3081820644811704
0.3081820644811704
0.3302752293577982
0.31698726632348956
0.3329268292682927
0.3329268292682927
0.2993232691306611
0.2877517828099587
0.28292800385263667
0.28292800385263667
0.3069249507017747
0.3069249507017747
0.27656721421387864
0.26198793267704035
0.3006632277081798
0.30601092896174864
0.31892183288409703
0.3169738534076297
0.2829883570504528
0.2829883570504528
0.3009968914138707
0.2975521881954011
0.3292198733769718
0.28996763754045307
0.2929303831624393
0.2911392405063291
0.27888145109047724
0.3061399742378703
0.37833843555367885
0.3701793721973094
0.41303128854996074
0.3615876219307097
0.3595371972318339
0.3595371972318339
0.38435641342161375
0.368239974196323
0.38435641342161375
0.38435641342161375
0.4121212121212121
0.4121212121212121
0.4614866382214238
0.4614866382214238
0.5008928571428571
0.4773452456924059
0.4229302221225039
0.4229302221225039
0.3998205070675342
0.3998205070675342
0.4306241580601706
0.40782479268551985
0.35347237153300365
0.4593789876648235
0.49318034206538214
0.49318034206538214
0.5336327905670971
0.5336327905670971
0.45777518928363425
0.45777518928363425
0.4613233923578751
0.4613233923578751
0.515444690523371
0.46942341292952827
0.4876573088092933
0.4876573088092933
0.4876573088092933
0.4876573088092933
0.49146798983420065
0.5109461499748364
0.514376187460418
0.5109461499748364
0.5109461499748364
0.5042215048423144
0.5435836937999737
0.5537648970747562
0.5212965443343156
0.5315487571701721
0.597068145800317
0.5932292350085291
0.5849843587069864
0.5891286970423661
0.6240021287919106
0.6129116570831156
0.5813826146475017
0.5924117729111452
0.5632851546670269
0.5218337641137261
0.5535714285714286
0.5453740032907227
0.568384539147671
0.5525190114068441
0.5726315789473684
0.5822388239546933
0.6281477994822311
0.6256192498230715
0.6158700479139886
0.5932012606933813
0.6147264129700518
0.588869715271786
0.6389973958333334
0.6587985233247566
0.6074969021065675
0.6039421004003696
0.6474132557656347
0.6512697251541436
0.6429877755318125
0.6403085824493732
0.6667927382753404
0.676108254922883
0.6689419795221843
0.7065754465982517
0.6076167499569188
0.6108801108801108
0.6946209233375689
0.6514382402707276
0.6431424766977364
0.6431424766977364
0.6283600493218249
0.6283600493218249
0.6159332198719507
0.5962693139060123
0.5390477627706934
0.5207376630949778
0.587335092348285
0.5616754379640978
0.5342407183068482
0.5244956772334294
0.5092724679029957
0.5092724679029957
0.5520099461251554
0.5344403852540685
0.4972251585623679
0.4972251585623679
0.4719701014415376
0.4007127301524451
0.3942025284127187
0.3942025284127187
0.41507024265644954
0.41507024265644954
0.4128463797726982
0.42662971760358936
0.4391007217219135
0.4391007217219135
0.4504094071292249
0.46735658617605724
0.4524987629886195
0.47930458454494834
0.4707419335237285
0.4457170707932253
0.43701492537313436
0.445522030651341
0.4486885047745679
0.4428537341923169
0.4579313869545774
0.44337230160202884
0.4051196438508626
0.4032496307237814
0.38297057509414695
0.38297057509414695
0.4107883817427386
0.4107883817427386
0.4184487711458666
0.4051548303356203
0.4597402597402597
0.4597402597402597
0.43752574892590196
0.43752574892590196
0.44079175830535944
0.4588420868142782
0.43554773427188737
0.4229086932750137
0.40784313725490196
0.4257034545357467
0.42689440008460683
0.40484429065743943
0.43037974683544306
0.42857142857142855
0.4347595286123792
0.4294478527607362
0.4049079754601227
0.40318078887777137
0.41639361873556424
0.40292662819455893
0.410889586074284
0.39780418107986165
0.3930635838150289
0.3997026708361101
0.40891693389883105
0.4157878879180476
0.4287000900630441
0.44235055724417427
0.40825179057802885
0.4065702230259192
0.4219033158642308
0.4087931285485515
0.41826579686681586
0.41826579686681586
0.42029329410089694
0.4201440177252585
0.40522875816993464
0.41779584462511293
0.4170195328507035
0.43556891766882516
0.4477925718290119
0.4477925718290119
0.4559641742434523
0.44161155586494955
0.4823559279004824
0.47208370800294286
0.47605922192471256
0.46685082872928174
0.44256805939729216
0.4283713765579051
0.43185689948892675
0.430375878577977
0.42652040150408654
0.4156571774682011
0.39836789074860524
0.3829957569450004
0.38667549196812706
0.37237067908801175
0.37346020506011657
0.37346020506011657
0.40439534610412503
0.40775939707067355
0.3855918755950492
0.3855918755950492
0.3855918755950492
0.3855918755950492
0.39953747789416405
0.3825131867416267
0.3845079642155793
0.3684221529970103
0.3795283555667952
0.36391375512760926
0.36391375512760926
0.36018720374407487
0.38010629631066456
0.38010629631066456
0.38010629631066456
0.38010629631066456
0.350645080175632
0.35155628817996704
0.3709449656639907
0.3681815563619607
0.3635291342297712
0.37693972179289026
0.356079787562527
0.356079787562527
0.35417938409076555
0.35692164099953333
0.3555550960484688
0.3606475716064757
0.3521188291830494
0.35968379446640314
0.31820846769127686
0.32283414931394594
0.3530960086299892
0.3589682350131359
0.312326741822214
0.31774136897997973
0.2984554877299357
0.2984554877299357
0.2906220423286816
0.2956690839849289
0.2809023170358273
0.29009395088181966
0.31087433406455656
0.3133159268929504
0.2777206970244945
0.2826608235488672
0.23610913597302075
0.23986224884867752
0.2577693478124935
0.2616877143096094
0.24601963372380795
0.25058081646199803
0.26244372317034864
0.261736697017793
0.24117266292205217
0.24117266292205217
0.24117266292205217
0.24117266292205217
0.28916441177658414
0.28696244639493407
0.31439530145031763
0.31921804511278196
0.34668067396662494
0.34403945627330684
0.3867453564282394
0.38379766131135046
0.38738341189449405
0.38738341189449405
0.4182608521463913
0.42488277083459114
0.42357781961454105
0.422479044466384
0.44982458922165186
0.4449237848720161
0.4194494540121683
0.4266592303402119
0.397601767118965
0.40155807365439095
0.4243084726955695
0.4357069061432091
0.44827159985167486
0.4481918982552875
0.4430731827921543
0.4518420068945467
0.4524110073213835
0.45544927475563557
0.0
0.0
0.0
0.0
0.40215716486902925
0.4010715175679043
0.3804028535459505
0.37643785557078197
0.3638515196811161
0.3638515196811161
0.3976496480700953
0.3987258759602773
0.41000432152117544
0.41332760103181426
0.38325934226972974
0.3862979777135782
0.26705008798660884
0.26990565014640494
0.21087618475790196
0.21087618475790196
0.21811876896402255
0.23215485661023563
0.22448714900239944
0.22448714900239944
0.22903225806451613
0.22903225806451613
0.23093431606329937
0.22912141090439833
0.22336389846307256
0.23141535282756143
0.21359768282551586
0.21359768282551586
0.20131109265204408
0.20294217494624872
0.1965584371993108
0.1965584371993108
0.2004265349646425
0.2004265349646425
0.2166139458121304
0.2154828411811652
0.22567354874548654
0.22503808336795458
0.23751313805236943
0.2489265405593594
0.2489265405593594
0.2489265405593594
0.2426007234342653
0.2426007234342653
0.24551386623164764
0.2474820143884892
0.25240180680072455
0.26024759284731774
0.2623587325799071
0.2623587325799071
0.2673968025616632
0.2702652740549034
0.25278262643665134
0.2514771548419106
0.25348366711372783
0.25348366711372783
0.25348366711372783
0.25348366711372783
0.2507815135499831
0.25278262643665134
0.25649269783765427
0.2585474962340804
0.2585474962340804
0.2585474962340804
0.2585474962340804
0.2585474962340804
0.25649269783765427
0.2585474962340804
0.25278262643665134
0.25649269783765427
0.24846042383626155
0.24650149374424404
0.24650149374424404
0.24347728041492842
0.24347728041492842
0.24347728041492842
0.23853375859125825
0.2521928827887106
0.2501972631151791
0.2501972631151791
0.2521928827887106
0.2501972631151791
0.2521928827887106
0.2514956490210297
0.2656214393145253
0.2596115908991276
0.2596115908991276
0.2596115908991276
0.26162982514021776
0.25624178712220763
0.25270873167622687
0.25270873167622687
0.2805635250289042
0.27763300069916735
0.2690152121697358
0.27202733773493365
0.2636805408831608
0.25955322805007774
0.2723743359215366
0.2723743359215366
0.2612922827628114
0.2612922827628114
0.2768775799396217
0.2755026974006866
0.26575191873129617
0.264443724171461
0.2589858404937674
0.254818462532039
0.2636725972798619
0.262572789835892
0.2534869617950273
0.2534869617950273
0.2738023982993127
0.27771018497515104
0.27071369975389664
0.26481971888368305
0.25722992723428073
0.2579250420936662
0.2691423365580669
0.2670282135709213
0.24875837688954433
0.24735927263003074
0.24510192195690159
0.24510192195690159
0.17294670775875645
0.17189395252122683
0.15990246321706067
0.15443017195387204
0.2118334862483197
0.21126101204409073
0.20674793744612732
0.2031429039122606
0.22432751444368515
0.22009051948572114
0.21889179420133814
0.20922539740880272
0.22616901300395106
0.22616901300395106
0.22875879841532368
0.22816642050140987
0.2364857088049108
0.23709972112703145
0.2364857088049108
0.2364857088049108
0.2364857088049108
0.2364857088049108
0.21523648778242357
0.2157952425821587
0.22480868624544253
0.22480868624544253
0.22122059890166823
0.2314614050303556
0.23980680669437268
0.23980680669437268
0.23947597022984998
0.22910536600705286
0.2368402721341166
0.23947597022984998
0.20490257699560024
0.20490257699560024
0.20659062103929024
0.2043175487465181
0.19995508645856727
0.20157565878837272
0.1713290472402004
0.17221033521364196
0.16504753816517181
0.16549317714499345
0.15502304879987283
0.15502304879987283
0.14955528293206563
0.1499433052101551
0.14837819185645273
0.14876318975955716
0.14837819185645273
0.14876318975955716
0.16834894769982256
0.16916233679084303
0.16916233679084303
0.16960132251739649
0.16916233679084303
0.16960132251739649
0.12747278024842815
0.12780350931139853
0.12747278024842815
0.12747278024842815
0.11605619765012555
0.11605619765012555
0.1241158542429412
0.1241158542429412
0.12149827464658083
0.12149827464658083
0.08905328049317482
0.08905328049317482
0.08239189050820847
0.08239189050820847
0.08775086278807308
0.08775086278807308
0.08796091354745626
0.08775086278807308
0.08243106211769324
0.07925275969431078
0.07925275969431078
0.07925275969431078
0.0
0.0
0.0
0.0
0.0
0.0
0.0
0.0
0.0
0.0
0.0
0.0
0.0
0.0
0.0
0.0
0.0
0.0
0.0
0.0
0.0
0.0
0.0
0.0
0.0
0.0
0.0
0.0
0.0
0.0
0.0
0.0
0.0
0.0
0.0
0.0
0.0
0.0
0.0
0.0
0.0
0.0
0.0
0.0
0.0
0.0
0.0
0.0
0.0
0.0
0.0
0.0
0.10124920899055476
0.09532736560903594
0.09532736560903594
0.09505561267408169
0.0791450545519585
0.08000904056955588
0.07936685873147546
0.08000904056955588
0.08759025877920797
0.08759025877920797
0.08759025877920797
0.08759025877920797
0.08682003677294946
0.08682003677294946
0.08752260397830018
0.08682003677294946
0.08682003677294946
0.08682003677294946
0.0850839629621326
0.08892794376098419
0.08892794376098419
0.08820248222005299
0.08892794376098419
0.08892794376098419
0.08820248222005299
0.08892794376098419
0.09226168769601051
0.09226168769601051
0.0
0.0
0.0
0.0
0.0
0.0
0.0
0.0
0.0
0.0
0.0
0.0
0.0
0.0
0.0
0.0
0.0
0.0
0.0
0.0
0.0
0.0
0.0
0.0
0.0
0.0
0.0
0.0
0.0
0.0
0.0
0.0
0.0
0.0
0.0
0.0
0.0
0.0
0.0
0.0
0.0
0.0
0.0
0.0
0.045034397600987826
0.045244297942474344
0.05084565093803297
0.05071950095697172
0.051365271996048824
0.04965724224958221
0.04742173112338858
0.047306377260278636
0.05219947293736063
0.05269350795518494
0.05914253555714724
0.05914253555714724
0.051234677562622136
0.05087047783676997
0.06307697966089228
0.06307697966089228
0.05799043062200957
0.058140650484505424
0.06833320572697343
0.06833320572697343
0.0678372673191326
0.06766197722270073
0.0
0.0
0.0
0.0
0.0
0.0
0.0
0.0
0.0
0.0
0.0
0.0
0.0
0.0
0.0
0.0
0.0
0.0
0.0
0.0
0.0
0.0
0.0
0.0
0.0
0.0
0.0
0.0
0.0
0.0
0.0
