1.0
0.7830626450116009
0.7988405797101449
0.6694560669456067
0.7420078519349411
0.8249118683901293
0.7986348122866894
0.625531914893617
0.6678445229681979
0.6815431164901664
0.7118064043021266
0.6869158878504673
0.7381703470031545
0.7211870255348516
0.6912474155754652
0.7154850746268657
0.7676839365980601
0.7571661617338615
0.7975626269465133
0.7776536312849162
0.6349865117244241
0.6703088884219374
0.6335255517995625
0.6335255517995625
0.6499227202472952
0.6140677335318199
0.6054054054054054
0.6639004149377593
0.5854327335047129
0.640668044077135
0.6068918223898508
0.5843170320404721
0.6040635137442376
0.6624457935819601
0.6484348125214998
0.5889261744966443
0.6592159559834938
0.688475088072471
0.6694101508916324
0.6568919554649522
0.6915367483296214
0.6592356687898089
0.6340722745217128
0.6269877328487051
0.6431986093003043
0.7514450867052023
0.7093624353819644
0.6869101354123923
0.6961767895878525
0.6715634837355718
0.701216287678477
0.6946954813359528
0.6043737574552683
0.6366773477939364
0.6586988664366683
0.7077332687885756
0.7523029682702149
0.562301767104667
0.5828942943616187
0.6993449288457194
0.696080627099664
0.7090649692712906
0.6830409356725147
0.7337349397590361
0.6444919133353677
0.5100165410770079
0.591603429585099
0.682648401826484
0.7418020679468242
0.6992216456634545
0.6444021456999481
0.636868728750311
0.6878980891719745
0.7047234358255708
0.5908421786627411
0.6441834629423902
0.6833333333333333
0.7725406470684841
0.744612563044475
0.7058823529411765
0.6595560680311329
0.7814925373134328
0.651333057052079
0.5995441748223622
0.6999542513561205
0.6989549314173743
0.7108912180196602
0.6290031714445619
0.6195320447609359
0.7311543548082373
0.7741225461035098
0.7800321294698638
0.7957008141509987
0.6667230968906946
0.6688047893949113
0.7687926495083552
0.792914935490925
0.8254299114121939
0.7336932515337423
0.8018745118458734
0.7467271610189518
0.8127490039840638
0.7834329881872539
0.7449934451426247
0.6825442687910183
0.8238371006912012
0.7604049493813273
0.844926037498314
0.7416003351487223
0.7969394261424017
0.816238956668069
0.785578594236288
0.6900824970536766
0.6900950384851661
0.8327286761868005
0.7100862711683885
0.712123847625674
0.7550552129642908
0.6845765488648902
0.7347199227373068
0.701445285615967
0.8041153994461387
0.8319475477088751
0.8218741803739368
0.7728548805067665
0.7646276595744681
0.733866557287394
0.6533061519744846
0.5939631594556298
0.7092838196286472
0.6646847696044665
0.7177639751552795
0.7005189028910304
0.6580399761336515
0.677816035415642
0.7105035863156709
0.7072823357445374
0.7650256605208136
0.7741367159971811
0.7616018269309192
0.7954671307649711
0.8743718592964824
0.7682484900776532
0.7892759715576226
0.7837116758614452
0.7683888322048047
0.7102803738317757
0.7775925308436146
0.7490781885222653
0.7884070928326627
0.7477370299487922
0.7642539425798626
0.690880143290711
0.7023021128981394
0.7381325268672031
0.730161398789509
0.757458464836539
0.7681400177988728
0.8684884713919727
0.7682555780933062
0.744206008583691
0.8069929177566516
0.7987202670746975
0.7589778076664425
0.8364841986455982
0.7753933154498659
0.8465976331360947
0.8787648888551703
0.8102940004780496
0.8246168815373388
0.8150274792879993
0.8166474559525769
0.797908838425094
0.8825868926162891
0.7397051347229283
0.7875422920100633
0.7446616812325435
0.7657741128509219
0.8418026706231454
0.8217008217008217
0.8143642072213501
0.7745235707121364
0.7140620106482931
0.7686870850289141
0.7665151675298594
0.7815162770373607
0.7961273091475629
0.8127869605142333
0.7697346132128741
0.7078576225654802
0.7709209911173446
0.7319175515302936
0.7246753246753247
0.8229974160206718
0.7150684931506849
0.7406221994622968
0.7325612712092647
0.7266285091305533
0.7688737201365188
0.7787610619469026
0.7088054607508533
