1.0
0.6776352481873954
0.7528122295933083
0.7780979827089337
0.7853403141361257
0.7929515418502202
0.702928870292887
0.71633398931684
0.699039780521262
0.7905185185185185
0.683702441794435
0.6641221374045801
0.7289345901171094
0.700107296137339
0.6490743299253937
0.6921082949308756
0.734207389749702
0.8301886792452831
0.7846153846153846
0.8232291001914487
0.7884919380335125
0.8100032478077298
0.89074507183428
0.9194787838289342
0.8746719160104987
0.8314534321624235
0.8399744979279566
0.8583386992916935
0.8399744979279566
0.8583386992916935
0.8139163740823492
0.864501312335958
0.883659264169705
0.8746719160104987
0.8574244415243101
0.8058128393484509
0.8058128393484509
0.7981651376146789
0.7981651376146789
0.7981651376146789
0.7906612347226575
0.7906612347226575
0.7648351648351648
0.7431360585723001
0.6980683506686478
0.8461538461538461
0.80130081300813
0.80130081300813
0.751185583306987
0.751185583306987
0.7777777777777778
0.7852193995381063
0.7365211810012837
0.8076009501187649
0.7997311827956989
0.8785714285714286
0.8785714285714286
0.7671232876712328
0.7656303382302699
0.8895456224602881
0.8266322390261897
0.8065693430656934
0.7010309278350515
0.6938775510204082
0.5339195979899497
0.5528047633970542
0.672331747110809
0.542686962276638
0.583554376657825
0.4807121661721068
0.43376550169109357
0.5267243953418931
0.5
0.5390969162995595
0.6842105263157895
0.6140350877192983
0.5962732919254659
0.5575757575757576
0.5207100591715976
0.5575757575757576
0.5548110426159206
0.546760710553814
0.5181889557707406
0.6239714755896874
0.5108446032151059
0.4437941965374299
0.5177588794397199
0.5444091020308295
0.51752528816749
0.4867480986402397
0.5055147058823529
0.5477615513526455
0.5569620253164557
0.5434679334916864
0.5158264947245017
0.4888888888888889
0.4703476482617587
0.5964653902798233
0.5248425472358292
0.509649749821301
0.6119969627942293
0.5395213923132705
0.49388132071115215
0.6119969627942293
0.5609167671893848
0.49388132071115215
0.6397452229299363
0.5655558258331306
0.6453353893600616
0.560702096538274
0.5414942808469214
0.6666666666666666
0.5805318615153036
0.7004070556309362
0.6161825726141079
0.6706586826347305
0.6137985725614592
0.7467811158798283
0.5994236311239193
0.5960844925296239
0.5171400587659157
0.44698738907052776
0.5960844925296239
0.4933718968426127
0.6068464730290456
0.5016965584100824
0.4250229990800368
0.560312263913372
0.505626047402442
0.5854657113613101
0.5171400587659157
0.6335354600580015
0.5424063116370809
0.6335354600580015
0.5236239649293717
0.6889848812095032
0.5236239649293717
0.6889848812095032
0.5608226736894908
0.6889848812095032
0.5663495242864296
0.7300884955752213
0.6012285641156898
0.7158529895776193
0.5902389425521098
0.7732426303854876
0.6257796257796258
0.777905970579752
0.6411075612353567
0.7939464493597206
0.685541506322155
0.6489332973264921
0.5532943271432206
0.7075525269733106
0.5768222338751966
0.7013791162397973
0.6140633387010198
0.6770921386306001
0.6140633387010198
0.7342657342657343
0.6475878986099755
0.7342657342657343
0.6360637713029137
0.7342657342657343
0.6478405315614618
0.7809694793536804
0.6970212765957446
0.6028938906752411
0.8050694025347013
0.6970212765957446
0.642504118616145
0.7894107089440622
0.595213319458897
0.7207483943032672
0.6275752773375595
0.5651511303022606
0.6919275123558485
0.6392657621707901
0.5906040268456376
0.7268375105604055
0.6392657621707901
0.779896013864818
0.6392657621707901
0.6013513513513513
0.7490774907749077
0.6392657621707901
0.5906040268456376
0.779896013864818
0.6392657621707901
0.7731958762886598
0.6735135135135135
0.6074766355140186
0.781786941580756
0.6807131280388979
0.6408227848101266
0.7972270363951474
0.6879049676025918
0.6756828427472819
0.8388235294117647
0.7304179352338777
0.6978609625668449
0.6701735928458706
0.6198979591836735
0.8643570170287728
0.6466205428419372
0.6081081081081081
0.5713560182833926
0.7371508379888269
0.65311004784689
0.6081081081081081
0.5713560182833926
0.5668934240362812
0.532150776053215
0.7371508379888269
0.6413301662707839
0.6032482598607889
0.5668934240362812
0.5281173594132029
0.7308224868457491
0.6477722119694174
0.6091658084449022
0.5723270440251572
0.7308224868457491
0.6425209205020921
0.6043422733077906
0.5678981527708438
0.5496496738342594
0.705049425594443
0.6259872611464968
0.5891434262948207
0.5539323106890675
0.6590791515778582
0.5635372801585335
0.56865127582017
0.5029103608847497
0.6454918032786885
0.5611954459203036
0.4965893587994543
0.6575796178343949
0.6460446247464503
0.5897435897435898
0.582089552238806
0.5074726745482936
0.4928509532062392
0.5473064735174287
0.5430192962542565
0.5748669289516316
0.5874572405929305
0.5548358275631002
0.5336663770634231
0.5603659897344343
0.5337409914828565
0.5295663600525624
0.744064701278372
0.626916524701874
0.5423372988103569
0.5423372988103569
0.4969926486968144
0.5368814192343604
0.7586117586117586
0.6361237706884145
0.7596302003081664
0.6268021744268495
0.7831358500964453
0.6725978647686833
0.7245841035120147
0.6223742061553493
0.5443184448044435
0.6435643564356436
0.7233273056057866
0.5660377358490566
0.6799294887937547
0.5491990846681922
0.6274647887323944
0.5780346820809249
0.47936640266777825
0.5400734499891985
0.5296843963804899
0.49665299071474844
0.4619907601847963
0.4855132450331126
0.6327174402884183
0.5596211795092553
0.5254736842105263
0.5714285714285714
0.6127253446447508
0.5977653631284916
0.6717904308291838
0.7189177582134422
0.7174280879864636
0.7174280879864636
0.7174280879864636
0.6797683078196111
0.6437246963562753
0.6797683078196111
0.6437246963562753
0.6625
0.6265796983285773
0.5921787709497207
0.6330669944683467
0.7248880358285349
0.628559804719284
0.704164077066501
0.6685598377281947
0.6344128750248361
0.6685598377281947
0.6344128750248361
0.5701469746134759
0.7324120603015075
0.7219552955922289
0.6085098115407033
0.7938144329896907
0.6682577565632458
0.6507030772366008
0.49065591791865154
0.5255593960342004
0.7176802255336286
0.6372287780738485
0.6354670276542255
0.5710570313951329
0.6362739293467535
0.5582084027392189
0.5694469464961268
0.6008820286659317
0.6815286624203821
0.5861459621841315
0.6028169014084507
0.548155737704918
0.6095238095238096
0.6407766990291263
0.5961704329825772
0.5714527312700829
0.6316066725197542
0.6152789699570815
0.6785040315663065
0.7284711521999657
0.6461538461538462
0.742671009771987
0.677115987460815
0.6503667481662592
0.6202592414786365
0.6834747878182726
0.7140680548501778
0.677115987460815
0.6041147132169576
0.6728971962616822
0.7230030853616729
0.6602717825739408
0.6728576083414793
0.6728576083414793
0.7641094964515038
0.7244159262915433
0.624768375540457
0.6649968691296181
0.6357455075279261
0.6008204480908804
0.617060732498841
0.6703910614525139
0.6546683432882742
0.6706605222734255
0.6409173204586602
0.6112320417936439
0.6497223408799658
0.6170037144036319
0.628765379719983
0.6578146611341632
0.6288632088148347
0.6550158249621577
0.6550158249621577
0.6366702644360497
0.0
0.0
0.0
0.0
0.0
0.0
0.0
0.46403075233388247
0.5347995948487918
0.6288708909004288
0.6802986043492373
0.5340710541642399
0.6314725548126263
0.7545793483546767
0.6677316293929713
0.60685899322932
0.5598169829094335
0.6980760490834722
0.6663595885152771
0.6635825875929016
0.574934268185802
0.6459384665472896
0.6407734622437072
0.44324952768492953
0.645635528330781
0.5165114309906859
0.5013706140350878
0.5779314318640162
0.5046213270795972
0.43426824405157516
0.39692152409790565
0.5087549979318903
0.4592612348313108
0.5194768268410577
0.5596330275229358
0.47411519777931993
0.5117153601388487
0.5117153601388487
0.6025419739526126
0.6431867117809905
0.6126792452830189
0.5210706150341685
0.5567638103523271
0.650171714018108
0.6636463052648024
0.6696055684454756
0.6939942802669209
0.6081447963800904
0.6814103573115063
0.6804938271604938
0.6286263824330822
0.6567748247187347
0.6269181585677749
0.6044669729130366
0.6788990825688074
0.6157060769632596
0.6210045662100456
0.639768409625475
0.6273737011823719
0.5420132405364114
0.656986301369863
0.630057803468208
0.573080967402734
0.6491717848501768
0.6089487086213169
0.5481274063703185
0.6835443037974683
0.5581847077520748
0.5255179383527034
0.5685064362546288
0.4867123516630453
0.4817252728217565
0.5410251765984423
0.5078904407763468
0.5007813856572322
0.442663995993991
0.5526458370959003
0.5636160714285714
0.5393113607070521
