1.0
0.8471292708700247
0.847663217980735
0.7109515260323159
0.7296983758700696
0.8746145940390545
0.8508541392904073
0.7625777275296778
0.7414151925078044
0.6671168129642133
0.7330478229835832
0.6432633849774465
0.7124895222129086
0.6875
0.5842696629213483
0.6672582076308784
0.6703910614525139
0.7163184438040345
0.6455696202531646
0.6557469641344253
0.6994818652849741
0.6462395543175488
0.625561274778228
0.6539050535987749
0.696771470774425
0.7225141471301536
0.7396775462052694
0.7164673413063477
0.6974125333104101
0.6768142437008187
0.6277867528271406
0.8137970791698693
0.7794871794871795
0.7904262684205321
0.7528029898558463
0.7731465265615879
0.7600838781300111
0.7161641351167536
0.864177737059093
0.8372404554588078
0.8363030233360156
0.8710587657956079
0.9105047748976808
0.8760856977417487
0.8561417971970322
0.8934126258005489
0.9625267665952891
0.9508196721311475
0.95
0.960016237061092
0.9657519209659715
0.8915284625728372
0.9757905138339921
0.8488564017920301
0.9478191062349478
0.7572189514998598
0.7380594773205167
0.7511139401654997
0.7830030231776957
0.728881469115192
0.8137495615573483
0.8387096774193549
0.8401200171453065
0.7127272727272728
0.7872444011684518
0.958904109589041
0.7883420926899187
0.8221787982413288
0.7383627608346709
0.7825624667729931
0.9250793650793651
0.7839388145315488
0.7201695941853422
0.751412429378531
